Q70622	GO:0039702;GO:0020002;GO:0042025;GO:0005198;GO:0055036;GO:0019013;GO:0008270;GO:0003723;GO:0072494
P03347	GO:0039702;GO:0020002;GO:0042802;GO:0042025;GO:0005198;GO:0055036;GO:0019013;GO:0008270;GO:0003723;GO:0072494
P03348	GO:0039702;GO:0020002;GO:0042025;GO:0005198;GO:0055036;GO:0019013;GO:0008270;GO:0003723;GO:0072494
P04593	GO:0039702;GO:0020002;GO:0042025;GO:0005198;GO:0055036;GO:0019013;GO:0008270;GO:0003723;GO:0072494
Q73367	GO:0039702;GO:0020002;GO:0042025;GO:0005198;GO:0055036;GO:0019013;GO:0008270;GO:0003723;GO:0072494
P35962	GO:0039702;GO:0020002;GO:0042025;GO:0005198;GO:0055036;GO:0019013;GO:0008270;GO:0003723;GO:0072494
P12493	GO:0039702;GO:0020002;GO:0042025;GO:0005198;GO:0055036;GO:0019013;GO:0008270;GO:0003723;GO:0072494
P20873	GO:0039702;GO:0020002;GO:0042025;GO:0005198;GO:0055036;GO:0019013;GO:0008270;GO:0003723;GO:0072494
P12494	GO:0039702;GO:0020002;GO:0042025;GO:0005198;GO:0055036;GO:0019013;GO:0008270;GO:0003723;GO:0072494
P05887	GO:0039702;GO:0020002;GO:0042025;GO:0005198;GO:0055036;GO:0019013;GO:0008270;GO:0003723;GO:0072494
P20889	GO:0039702;GO:0020002;GO:0042025;GO:0005198;GO:0055036;GO:0019013;GO:0008270;GO:0003723;GO:0072494
P05888	GO:0039702;GO:0020002;GO:0042025;GO:0055036;GO:0000049;GO:0043565;GO:0019013;GO:0008270;GO:0005198;GO:0072494
P03349	GO:0039702;GO:0020002;GO:0042025;GO:0005198;GO:0055036;GO:0019013;GO:0008270;GO:0003723;GO:0072494
P05890	GO:0039702;GO:0020002;GO:0042025;GO:0005198;GO:0055036;GO:0019013;GO:0008270;GO:0003723;GO:0072494
P04592	GO:0039702;GO:0020002;GO:0042025;GO:0005198;GO:0055036;GO:0019013;GO:0008270;GO:0003723;GO:0072494
P18800	GO:0039702;GO:0020002;GO:0042025;GO:0005198;GO:0055036;GO:0019013;GO:0008270;GO:0003723;GO:0072494
P12495	GO:0039702;GO:0020002;GO:0042025;GO:0005198;GO:0055036;GO:0019013;GO:0008270;GO:0003723;GO:0072494
P04585	GO:0042802;GO:0042025;GO:0019058;GO:0008907;GO:0003964;GO:0039651;GO:0044826;GO:0039657;GO:0005198;GO:0003723;GO:0072494;GO:0075713;GO:0004523;GO:0006310;GO:0019061;GO:0006278;GO:0004190;GO:0008289;GO:0004533;GO:0075732;GO:0051169;GO:0019068;GO:0020002;GO:0019064;GO:0008233;GO:0055036;GO:0003887;GO:0003677;GO:0019013;GO:0019072;GO:0008270
Q9QBY4	GO:0039702;GO:0020002;GO:0042025;GO:0005198;GO:0055036;GO:0019013;GO:0008270;GO:0003723;GO:0072494
P03367	GO:0015074;GO:0042025;GO:0003964;GO:0039651;GO:0044826;GO:0039657;GO:0005198;GO:0003723;GO:0046718;GO:0072494;GO:0075713;GO:0004523;GO:0006310;GO:0004190;GO:0008289;GO:0004533;GO:0075732;GO:0020002;GO:0055036;GO:0003887;GO:0003677;GO:0019013;GO:0008270
P03366	GO:0015074;GO:0042025;GO:0003964;GO:0039651;GO:0044826;GO:0039657;GO:0005198;GO:0003723;GO:0046718;GO:0072494;GO:0075713;GO:0004523;GO:0006310;GO:0004190;GO:0008289;GO:0004533;GO:0075732;GO:0020002;GO:0055036;GO:0003887;GO:0003677;GO:0019013;GO:0008270
Q9WC62	GO:0039702;GO:0020002;GO:0042025;GO:0005198;GO:0055036;GO:0019013;GO:0008270;GO:0003723;GO:0072494
Q9WC53	GO:0039702;GO:0020002;GO:0042025;GO:0005198;GO:0055036;GO:0019013;GO:0008270;GO:0003723;GO:0072494
P04587	GO:0015074;GO:0042025;GO:0003964;GO:0039651;GO:0044826;GO:0039657;GO:0005198;GO:0003723;GO:0046718;GO:0072494;GO:0075713;GO:0004523;GO:0006310;GO:0004190;GO:0008289;GO:0004533;GO:0075732;GO:0020002;GO:0055036;GO:0003887;GO:0003677;GO:0019013;GO:0008270
P04594	GO:0039702;GO:0020002;GO:0042025;GO:0005198;GO:0055036;GO:0019013;GO:0008270;GO:0003723;GO:0072494
P0C6F2	GO:0015074;GO:0042025;GO:0003964;GO:0039651;GO:0044826;GO:0039657;GO:0005198;GO:0003723;GO:0046718;GO:0072494;GO:0075713;GO:0004523;GO:0006310;GO:0004190;GO:0008289;GO:0004533;GO:0075732;GO:0020002;GO:0055036;GO:0003887;GO:0003677;GO:0019013;GO:0008270
O93182	GO:0039702;GO:0020002;GO:0042025;GO:0005198;GO:0055036;GO:0019013;GO:0008270;GO:0003723;GO:0072494
Q9QC00	GO:0039702;GO:0020002;GO:0042025;GO:0005198;GO:0055036;GO:0019013;GO:0008270;GO:0003723;GO:0072494
O12157	GO:0039702;GO:0020002;GO:0042025;GO:0005198;GO:0055036;GO:0019013;GO:0008270;GO:0003723;GO:0072494
P35963	GO:0015074;GO:0042025;GO:0003964;GO:0039651;GO:0044826;GO:0039657;GO:0005198;GO:0003723;GO:0046718;GO:0072494;GO:0075713;GO:0004523;GO:0006310;GO:0004190;GO:0008289;GO:0004533;GO:0075732;GO:0020002;GO:0055036;GO:0003887;GO:0003677;GO:0019013;GO:0008270
P24736	GO:0039702;GO:0020002;GO:0042025;GO:0005198;GO:0055036;GO:0019013;GO:0008270;GO:0003723;GO:0072494
Q73368	GO:0015074;GO:0042025;GO:0003964;GO:0039651;GO:0044826;GO:0039657;GO:0005198;GO:0003723;GO:0046718;GO:0072494;GO:0075713;GO:0004523;GO:0006310;GO:0004190;GO:0008289;GO:0004533;GO:0075732;GO:0020002;GO:0055036;GO:0003887;GO:0003677;GO:0019013;GO:0008270
P12498	GO:0004190;GO:0020002;GO:0042025;GO:0008289;GO:0005198;GO:0055036;GO:0019013;GO:0008270;GO:0039657;GO:0003723;GO:0072494
Q9QBZ2	GO:0039702;GO:0020002;GO:0042025;GO:0005198;GO:0055036;GO:0019013;GO:0008270;GO:0003723;GO:0072494
P12497	GO:0042802;GO:0015074;GO:0042025;GO:0003964;GO:0039651;GO:0044826;GO:0039657;GO:0005198;GO:0003723;GO:0046718;GO:0072494;GO:0075713;GO:0004523;GO:0006310;GO:0004190;GO:0008289;GO:0004533;GO:0005546;GO:0075732;GO:0020002;GO:0055036;GO:0003887;GO:0003677;GO:0019013;GO:0008270
P05960	GO:0004190;GO:0020002;GO:0042025;GO:0008289;GO:0005198;GO:0055036;GO:0019013;GO:0008270;GO:0039657;GO:0003723;GO:0072494
Q9QBZ6	GO:0039702;GO:0020002;GO:0042025;GO:0005198;GO:0055036;GO:0019013;GO:0008270;GO:0003723;GO:0072494
Q9QSR4	GO:0039702;GO:0020002;GO:0042025;GO:0005198;GO:0055036;GO:0019013;GO:0008270;GO:0003723;GO:0072494
P20875	GO:0015074;GO:0042025;GO:0003964;GO:0039651;GO:0044826;GO:0039657;GO:0005198;GO:0003723;GO:0046718;GO:0072494;GO:0075713;GO:0004523;GO:0006310;GO:0004190;GO:0008289;GO:0004533;GO:0075732;GO:0020002;GO:0055036;GO:0003887;GO:0003677;GO:0019013;GO:0008270
P05961	GO:0015074;GO:0042025;GO:0003964;GO:0039651;GO:0044826;GO:0039657;GO:0005198;GO:0003723;GO:0046718;GO:0072494;GO:0075713;GO:0004523;GO:0006310;GO:0004190;GO:0008289;GO:0004533;GO:0075732;GO:0020002;GO:0055036;GO:0003887;GO:0003677;GO:0019013;GO:0008270
P20892	GO:0015074;GO:0042025;GO:0003964;GO:0039651;GO:0044826;GO:0039657;GO:0005198;GO:0003723;GO:0046718;GO:0072494;GO:0075713;GO:0004523;GO:0006310;GO:0004190;GO:0008289;GO:0004533;GO:0075732;GO:0020002;GO:0055036;GO:0003887;GO:0003677;GO:0019013;GO:0008270
O89291	GO:0039702;GO:0020002;GO:0042025;GO:0005198;GO:0055036;GO:0019013;GO:0008270;GO:0003723;GO:0072494
Q75001	GO:0039702;GO:0020002;GO:0042025;GO:0005198;GO:0055036;GO:0019013;GO:0008270;GO:0003723;GO:0072494
Q9Q721	GO:0039702;GO:0020002;GO:0042025;GO:0005198;GO:0055036;GO:0019013;GO:0008270;GO:0003723;GO:0072494
O89939	GO:0039702;GO:0020002;GO:0042025;GO:0005198;GO:0055036;GO:0019013;GO:0008270;GO:0003723;GO:0072494
P03369	GO:0015074;GO:0042025;GO:0003964;GO:0039651;GO:0044826;GO:0039657;GO:0005198;GO:0003723;GO:0046718;GO:0072494;GO:0075713;GO:0004523;GO:0006310;GO:0004190;GO:0008289;GO:0004533;GO:0075732;GO:0020002;GO:0055036;GO:0003887;GO:0003677;GO:0019013;GO:0008270
P05959	GO:0015074;GO:0042025;GO:0003964;GO:0039651;GO:0044826;GO:0039657;GO:0005198;GO:0003723;GO:0046718;GO:0072494;GO:0075713;GO:0004523;GO:0006310;GO:0004190;GO:0008289;GO:0004533;GO:0075732;GO:0020002;GO:0055036;GO:0003887;GO:0003677;GO:0019013;GO:0008270
P18802	GO:0015074;GO:0042025;GO:0003964;GO:0039651;GO:0044826;GO:0039657;GO:0005198;GO:0003723;GO:0046718;GO:0072494;GO:0075713;GO:0004523;GO:0006310;GO:0004190;GO:0008289;GO:0004533;GO:0075732;GO:0020002;GO:0055036;GO:0003887;GO:0003677;GO:0019013;GO:0008270
P04589	GO:0015074;GO:0042025;GO:0003964;GO:0039651;GO:0044826;GO:0039657;GO:0005198;GO:0003723;GO:0046718;GO:0072494;GO:0075713;GO:0004523;GO:0006310;GO:0004190;GO:0008289;GO:0004533;GO:0075732;GO:0020002;GO:0055036;GO:0003887;GO:0003677;GO:0019013;GO:0008270
P0C1K7	GO:0039702;GO:0020002;GO:0042025;GO:0005198;GO:0055036;GO:0019013;GO:0008270;GO:0003723;GO:0072494
P12499	GO:0015074;GO:0042025;GO:0003964;GO:0039651;GO:0044826;GO:0039657;GO:0005198;GO:0003723;GO:0046718;GO:0072494;GO:0075713;GO:0004523;GO:0006310;GO:0004190;GO:0008289;GO:0004533;GO:0075732;GO:0020002;GO:0055036;GO:0003887;GO:0003677;GO:0019013;GO:0008270
Q9QBY3	GO:0015074;GO:0042025;GO:0003964;GO:0039651;GO:0044826;GO:0039657;GO:0005198;GO:0003723;GO:0046718;GO:0072494;GO:0075713;GO:0004523;GO:0006310;GO:0004190;GO:0008289;GO:0004533;GO:0075732;GO:0020002;GO:0055036;GO:0003887;GO:0003677;GO:0019013;GO:0008270
Q9QBZ9	GO:0015074;GO:0042025;GO:0003964;GO:0039651;GO:0044826;GO:0039657;GO:0005198;GO:0003723;GO:0046718;GO:0072494;GO:0075713;GO:0004523;GO:0006310;GO:0004190;GO:0008289;GO:0004533;GO:0075732;GO:0020002;GO:0055036;GO:0003887;GO:0003677;GO:0019013;GO:0008270
Q9WC54	GO:0015074;GO:0042025;GO:0003964;GO:0039651;GO:0044826;GO:0039657;GO:0005198;GO:0003723;GO:0046718;GO:0072494;GO:0075713;GO:0004523;GO:0006310;GO:0004190;GO:0008289;GO:0004533;GO:0075732;GO:0020002;GO:0055036;GO:0003887;GO:0003677;GO:0019013;GO:0008270
Q9WC63	GO:0015074;GO:0042025;GO:0003964;GO:0039651;GO:0044826;GO:0039657;GO:0005198;GO:0003723;GO:0046718;GO:0072494;GO:0075713;GO:0004523;GO:0006310;GO:0004190;GO:0008289;GO:0004533;GO:0075732;GO:0020002;GO:0055036;GO:0003887;GO:0003677;GO:0019013;GO:0008270
P04588	GO:0015074;GO:0042025;GO:0003964;GO:0039651;GO:0044826;GO:0039657;GO:0005198;GO:0003723;GO:0046718;GO:0072494;GO:0075713;GO:0004523;GO:0006310;GO:0004190;GO:0008289;GO:0004533;GO:0075732;GO:0020002;GO:0055036;GO:0003887;GO:0003677;GO:0019013;GO:0008270
O93215	GO:0015074;GO:0042025;GO:0003964;GO:0039651;GO:0044826;GO:0039657;GO:0005198;GO:0003723;GO:0046718;GO:0072494;GO:0075713;GO:0004523;GO:0006310;GO:0004190;GO:0008289;GO:0004533;GO:0075732;GO:0020002;GO:0055036;GO:0003887;GO:0003677;GO:0019013;GO:0008270
Q9QBZ1	GO:0015074;GO:0042025;GO:0003964;GO:0039651;GO:0044826;GO:0039657;GO:0005198;GO:0003723;GO:0046718;GO:0072494;GO:0075713;GO:0004523;GO:0006310;GO:0004190;GO:0008289;GO:0004533;GO:0075732;GO:0020002;GO:0055036;GO:0003887;GO:0003677;GO:0019013;GO:0008270
Q1A268	GO:0039702;GO:0020002;GO:0042025;GO:0005198;GO:0030430;GO:0019013;GO:0016020;GO:0008270;GO:0003723
Q9QBZ5	GO:0015074;GO:0042025;GO:0003964;GO:0039651;GO:0044826;GO:0039657;GO:0005198;GO:0003723;GO:0046718;GO:0072494;GO:0075713;GO:0004523;GO:0006310;GO:0004190;GO:0008289;GO:0004533;GO:0075732;GO:0020002;GO:0055036;GO:0003887;GO:0003677;GO:0019013;GO:0008270
P24740	GO:0015074;GO:0042025;GO:0003964;GO:0039651;GO:0044826;GO:0039657;GO:0005198;GO:0003723;GO:0046718;GO:0072494;GO:0075713;GO:0004523;GO:0006310;GO:0004190;GO:0008289;GO:0004533;GO:0075732;GO:0020002;GO:0055036;GO:0003887;GO:0003677;GO:0019013;GO:0008270
Q9Q720	GO:0015074;GO:0042025;GO:0003964;GO:0039651;GO:0044826;GO:0039657;GO:0005198;GO:0003723;GO:0046718;GO:0072494;GO:0075713;GO:0004523;GO:0006310;GO:0004190;GO:0008289;GO:0004533;GO:0075732;GO:0020002;GO:0055036;GO:0003887;GO:0003677;GO:0019013;GO:0008270
Q9QSR3	GO:0015074;GO:0042025;GO:0003964;GO:0039651;GO:0044826;GO:0039657;GO:0005198;GO:0003723;GO:0046718;GO:0072494;GO:0075713;GO:0004523;GO:0006310;GO:0004190;GO:0008289;GO:0004533;GO:0075732;GO:0020002;GO:0055036;GO:0003887;GO:0003677;GO:0019013;GO:0008270
Q1A250	GO:0039702;GO:0020002;GO:0042025;GO:0005198;GO:0030430;GO:0019013;GO:0016020;GO:0008270;GO:0003723
Q75002	GO:0015074;GO:0042025;GO:0003964;GO:0039651;GO:0044826;GO:0039657;GO:0005198;GO:0003723;GO:0046718;GO:0072494;GO:0075713;GO:0004523;GO:0006310;GO:0004190;GO:0008289;GO:0004533;GO:0075732;GO:0020002;GO:0055036;GO:0003887;GO:0003677;GO:0019013;GO:0008270
P05889	GO:0020002;GO:0042025;GO:0005198;GO:0055036;GO:0016032;GO:0019013;GO:0003723;GO:0072494
Q9IDV8	GO:0039702;GO:0020002;GO:0042025;GO:0005198;GO:0055036;GO:0019013;GO:0008270;GO:0003723;GO:0072494
O12158	GO:0015074;GO:0042025;GO:0003964;GO:0039651;GO:0044826;GO:0039657;GO:0005198;GO:0003723;GO:0046718;GO:0072494;GO:0075713;GO:0004523;GO:0006310;GO:0004190;GO:0008289;GO:0004533;GO:0075732;GO:0020002;GO:0055036;GO:0003887;GO:0003677;GO:0019013;GO:0008270
O89940	GO:0015074;GO:0042025;GO:0003964;GO:0039651;GO:0044826;GO:0039657;GO:0005198;GO:0003723;GO:0046718;GO:0072494;GO:0075713;GO:0004523;GO:0006310;GO:0004190;GO:0008289;GO:0004533;GO:0075732;GO:0020002;GO:0055036;GO:0003887;GO:0003677;GO:0019013;GO:0008270
P17282	GO:0039702;GO:0020002;GO:0042025;GO:0005198;GO:0030430;GO:0019013;GO:0016020;GO:0008270;GO:0003723
O89290	GO:0015074;GO:0042025;GO:0003964;GO:0039651;GO:0044826;GO:0039657;GO:0005198;GO:0003723;GO:0046718;GO:0072494;GO:0075713;GO:0004523;GO:0006310;GO:0004190;GO:0008289;GO:0004533;GO:0075732;GO:0020002;GO:0055036;GO:0003887;GO:0003677;GO:0019013;GO:0008270
O91079	GO:0039702;GO:0020002;GO:0042025;GO:0005198;GO:0055036;GO:0019013;GO:0008270;GO:0003723;GO:0072494
O41798	GO:0015074;GO:0042025;GO:0003964;GO:0039651;GO:0044826;GO:0039657;GO:0005198;GO:0003723;GO:0046718;GO:0072494;GO:0075713;GO:0004523;GO:0006310;GO:0004190;GO:0008289;GO:0004533;GO:0075732;GO:0020002;GO:0055036;GO:0003887;GO:0003677;GO:0019013;GO:0008270
Q1A267	GO:0015074;GO:0042025;GO:0003964;GO:0044826;GO:0039657;GO:0005198;GO:0003723;GO:0046718;GO:0075713;GO:0004523;GO:0006310;GO:0016020;GO:0004190;GO:0004533;GO:0075732;GO:0020002;GO:0030430;GO:0003887;GO:0003677;GO:0019013;GO:0008270
Q1A249	GO:0015074;GO:0042025;GO:0003964;GO:0044826;GO:0039657;GO:0005198;GO:0003723;GO:0046718;GO:0075713;GO:0004523;GO:0006310;GO:0016020;GO:0004190;GO:0004533;GO:0075732;GO:0020002;GO:0030430;GO:0003887;GO:0003677;GO:0019013;GO:0008270
Q79665	GO:0039702;GO:0020002;GO:0042025;GO:0005198;GO:0055036;GO:0019013;GO:0008270;GO:0003723;GO:0072494
Q9IDV9	GO:0015074;GO:0042025;GO:0003964;GO:0039651;GO:0044826;GO:0039657;GO:0005198;GO:0003723;GO:0046718;GO:0072494;GO:0075713;GO:0004523;GO:0006310;GO:0004190;GO:0008289;GO:0004533;GO:0075732;GO:0020002;GO:0055036;GO:0003887;GO:0003677;GO:0019013;GO:0008270
O91080	GO:0015074;GO:0042025;GO:0003964;GO:0039651;GO:0044826;GO:0039657;GO:0005198;GO:0003723;GO:0046718;GO:0072494;GO:0075713;GO:0004523;GO:0006310;GO:0004190;GO:0008289;GO:0004533;GO:0075732;GO:0020002;GO:0055036;GO:0003887;GO:0003677;GO:0019013;GO:0008270
Q77372	GO:0039702;GO:0020002;GO:0042025;GO:0005198;GO:0055036;GO:0019013;GO:0008270;GO:0003723;GO:0072494
Q79666	GO:0015074;GO:0042025;GO:0003964;GO:0039651;GO:0044826;GO:0039657;GO:0005198;GO:0003723;GO:0046718;GO:0072494;GO:0075713;GO:0004523;GO:0006310;GO:0004190;GO:0008289;GO:0004533;GO:0075732;GO:0020002;GO:0055036;GO:0003887;GO:0003677;GO:0019013;GO:0008270
Q8AII2	GO:0039702;GO:0020002;GO:0042025;GO:0005198;GO:0030430;GO:0019013;GO:0016020;GO:0008270;GO:0003723
Q77373	GO:0015074;GO:0042025;GO:0003964;GO:0039651;GO:0044826;GO:0039657;GO:0005198;GO:0003723;GO:0046718;GO:0072494;GO:0075713;GO:0004523;GO:0006310;GO:0004190;GO:0008289;GO:0004533;GO:0075732;GO:0020002;GO:0055036;GO:0003887;GO:0003677;GO:0019013;GO:0008270
P17283	GO:0015074;GO:0042025;GO:0003964;GO:0044826;GO:0039657;GO:0005198;GO:0003723;GO:0046718;GO:0075713;GO:0004523;GO:0006310;GO:0016020;GO:0004190;GO:0004533;GO:0075732;GO:0020002;GO:0030430;GO:0003887;GO:0003677;GO:0019013;GO:0008270
Q8AII1	GO:0015074;GO:0042025;GO:0003964;GO:0044826;GO:0039657;GO:0005198;GO:0003723;GO:0046718;GO:0075713;GO:0004523;GO:0006310;GO:0016020;GO:0004190;GO:0004533;GO:0075732;GO:0020002;GO:0030430;GO:0003887;GO:0003677;GO:0019013;GO:0008270
Q76633	GO:0039702;GO:0020002;GO:0042025;GO:0005198;GO:0055036;GO:0019013;GO:0008270;GO:0003723;GO:0072494
P20874	GO:0039702;GO:0020002;GO:0042025;GO:0005198;GO:0055036;GO:0019013;GO:0008270;GO:0003723;GO:0072494
P24106	GO:0039702;GO:0020002;GO:0042025;GO:0005198;GO:0055036;GO:0019013;GO:0008270;GO:0003723;GO:0072494
P04590	GO:0039702;GO:0020002;GO:0042025;GO:0005198;GO:0055036;GO:0019013;GO:0008270;GO:0003723;GO:0072494
P15832	GO:0039702;GO:0020002;GO:0042025;GO:0005198;GO:0055036;GO:0019013;GO:0008270;GO:0003723;GO:0072494
P12496	GO:0039702;GO:0020002;GO:0042025;GO:0005198;GO:0030430;GO:0019013;GO:0016020;GO:0008270;GO:0003723
P18041	GO:0039702;GO:0020002;GO:0042025;GO:0005198;GO:0055036;GO:0019013;GO:0008270;GO:0003723;GO:0072494
Q74230	GO:0039702;GO:0020002;GO:0042025;GO:0005198;GO:0055036;GO:0019013;GO:0008270;GO:0003723;GO:0072494
P17756	GO:0039702;GO:0020002;GO:0042025;GO:0005198;GO:0055036;GO:0019013;GO:0008270;GO:0003723;GO:0072494
P31634	GO:0039702;GO:0020002;GO:0042025;GO:0005198;GO:0030430;GO:0019013;GO:0016020;GO:0008270;GO:0003723
P19504	GO:0039702;GO:0020002;GO:0042025;GO:0005198;GO:0030430;GO:0019013;GO:0016020;GO:0008270;GO:0003723
P12450	GO:0039702;GO:0020002;GO:0042025;GO:0005198;GO:0055036;GO:0019013;GO:0008270;GO:0003723;GO:0072494
P24107	GO:0015074;GO:0042025;GO:0003964;GO:0044826;GO:0039657;GO:0005198;GO:0003723;GO:0046718;GO:0072494;GO:0075713;GO:0004523;GO:0006310;GO:0004190;GO:0008289;GO:0004533;GO:0075732;GO:0020002;GO:0055036;GO:0003887;GO:0003677;GO:0019013;GO:0008270
P20876	GO:0015074;GO:0042025;GO:0003964;GO:0044826;GO:0039657;GO:0005198;GO:0003723;GO:0046718;GO:0072494;GO:0075713;GO:0004523;GO:0006310;GO:0004190;GO:0008289;GO:0004533;GO:0075732;GO:0020002;GO:0055036;GO:0003887;GO:0003677;GO:0019013;GO:0008270
Q76634	GO:0015074;GO:0042025;GO:0003964;GO:0044826;GO:0039657;GO:0005198;GO:0003723;GO:0046718;GO:0072494;GO:0075713;GO:0004523;GO:0006310;GO:0004190;GO:0008289;GO:0004533;GO:0075732;GO:0020002;GO:0055036;GO:0003887;GO:0003677;GO:0019013;GO:0008270
Q74119	GO:0039702;GO:0020002;GO:0042025;GO:0005198;GO:0055036;GO:0019013;GO:0008270;GO:0003723;GO:0072494
P12502	GO:0015074;GO:0042025;GO:0003964;GO:0044826;GO:0039657;GO:0005198;GO:0003723;GO:0046718;GO:0075713;GO:0004523;GO:0006310;GO:0016020;GO:0004190;GO:0004533;GO:0075732;GO:0020002;GO:0030430;GO:0003887;GO:0003677;GO:0019013;GO:0008270
P15833	GO:0015074;GO:0042025;GO:0003964;GO:0044826;GO:0039657;GO:0005198;GO:0003723;GO:0046718;GO:0072494;GO:0075713;GO:0004523;GO:0006310;GO:0004190;GO:0008289;GO:0004533;GO:0075732;GO:0020002;GO:0055036;GO:0003887;GO:0003677;GO:0019013;GO:0008270
P18095	GO:0039702;GO:0020002;GO:0042025;GO:0005198;GO:0055036;GO:0019013;GO:0008270;GO:0003723;GO:0072494
Q74120	GO:0015074;GO:0042025;GO:0003964;GO:0044826;GO:0039657;GO:0005198;GO:0003723;GO:0046718;GO:0072494;GO:0075713;GO:0004523;GO:0006310;GO:0004190;GO:0008289;GO:0004533;GO:0075732;GO:0020002;GO:0055036;GO:0003887;GO:0003677;GO:0019013;GO:0008270
Q89928	GO:0015074;GO:0042025;GO:0003964;GO:0044826;GO:0039657;GO:0005198;GO:0003723;GO:0046718;GO:0072494;GO:0075713;GO:0004523;GO:0006310;GO:0004190;GO:0008289;GO:0004533;GO:0075732;GO:0020002;GO:0055036;GO:0003887;GO:0003677;GO:0019013;GO:0008270
P04584	GO:0015074;GO:0042025;GO:0003964;GO:0044826;GO:0039657;GO:0005198;GO:0003723;GO:0046718;GO:0072494;GO:0075713;GO:0004523;GO:0006310;GO:0004190;GO:0008289;GO:0004533;GO:0075732;GO:0020002;GO:0055036;GO:0003887;GO:0003677;GO:0019013;GO:0008270
P05891	GO:0039702;GO:0020002;GO:0042025;GO:0005198;GO:0055036;GO:0019013;GO:0008270;GO:0003723;GO:0072494
P17757	GO:0015074;GO:0042025;GO:0003964;GO:0044826;GO:0039657;GO:0005198;GO:0003723;GO:0046718;GO:0072494;GO:0075713;GO:0004523;GO:0006310;GO:0004190;GO:0008289;GO:0004533;GO:0075732;GO:0020002;GO:0055036;GO:0003887;GO:0003677;GO:0019013;GO:0008270
P05892	GO:0039702;GO:0042025;GO:0005198;GO:0030430;GO:0019013;GO:0008270;GO:0003723
P05894	GO:0039702;GO:0020002;GO:0042025;GO:0005198;GO:0030430;GO:0019013;GO:0016020;GO:0008270;GO:0003723
P18042	GO:0015074;GO:0042025;GO:0003964;GO:0044826;GO:0039657;GO:0005198;GO:0003723;GO:0046718;GO:0072494;GO:0075713;GO:0004523;GO:0006310;GO:0004190;GO:0008289;GO:0004533;GO:0075732;GO:0020002;GO:0055036;GO:0003887;GO:0003677;GO:0019013;GO:0008270
P18096	GO:0015074;GO:0042025;GO:0003964;GO:0044826;GO:0039657;GO:0005198;GO:0003723;GO:0046718;GO:0072494;GO:0075713;GO:0004523;GO:0006310;GO:0004190;GO:0008289;GO:0004533;GO:0075732;GO:0020002;GO:0055036;GO:0003887;GO:0003677;GO:0019013;GO:0008270
P05962	GO:0015074;GO:0042025;GO:0003964;GO:0044826;GO:0039657;GO:0005198;GO:0003723;GO:0046718;GO:0072494;GO:0075713;GO:0004523;GO:0006310;GO:0004190;GO:0008289;GO:0004533;GO:0075732;GO:0020002;GO:0055036;GO:0003887;GO:0003677;GO:0019013;GO:0008270
P19505	GO:0015074;GO:0042025;GO:0003964;GO:0044826;GO:0039657;GO:0005198;GO:0003723;GO:0046718;GO:0075713;GO:0004523;GO:0006310;GO:0016020;GO:0004190;GO:0004533;GO:0075732;GO:0020002;GO:0030430;GO:0003887;GO:0003677;GO:0019013;GO:0008270
Q02843	GO:0039702;GO:0020002;GO:0042025;GO:0005198;GO:0030430;GO:0019013;GO:0016020;GO:0008270;GO:0003723
P05893	GO:0039702;GO:0020002;GO:0042025;GO:0005198;GO:0030430;GO:0019013;GO:0016020;GO:0008270;GO:0003723
P12451	GO:0015074;GO:0042025;GO:0003964;GO:0044826;GO:0039657;GO:0005198;GO:0003723;GO:0046718;GO:0072494;GO:0075713;GO:0004523;GO:0006310;GO:0004190;GO:0008289;GO:0004533;GO:0075732;GO:0020002;GO:0055036;GO:0003887;GO:0003677;GO:0019013;GO:0008270
P05897	GO:0015074;GO:0042025;GO:0003964;GO:0044826;GO:0039657;GO:0005198;GO:0003723;GO:0046718;GO:0075713;GO:0004523;GO:0006310;GO:0016020;GO:0004190;GO:0004533;GO:0075732;GO:0020002;GO:0030430;GO:0003887;GO:0003677;GO:0019013;GO:0008270
P05896	GO:0015074;GO:0042025;GO:0003964;GO:0044826;GO:0039657;GO:0005198;GO:0003723;GO:0046718;GO:0075713;GO:0004523;GO:0006310;GO:0016020;GO:0004190;GO:0004533;GO:0075732;GO:0020002;GO:0030430;GO:0003887;GO:0003677;GO:0019013;GO:0008270
Q02836	GO:0015074;GO:0042025;GO:0003964;GO:0044826;GO:0039657;GO:0005198;GO:0003723;GO:0046718;GO:0075713;GO:0004523;GO:0006310;GO:0016020;GO:0004190;GO:0004533;GO:0075732;GO:0020002;GO:0030430;GO:0003887;GO:0003677;GO:0019013;GO:0008270
P27978	GO:0039702;GO:0042025;GO:0005198;GO:0030430;GO:0019013;GO:0008270;GO:0003723
P05895	GO:0015074;GO:0042025;GO:0003964;GO:0044826;GO:0039657;GO:0005198;GO:0003723;GO:0046718;GO:0075713;GO:0004523;GO:0006310;GO:0016020;GO:0004190;GO:0004533;GO:0075732;GO:0020002;GO:0030430;GO:0003887;GO:0003677;GO:0019013;GO:0008270
P27980	GO:0015074;GO:0042025;GO:0003964;GO:0044826;GO:0039657;GO:0005198;GO:0003723;GO:0046718;GO:0075713;GO:0004523;GO:0006310;GO:0016020;GO:0004190;GO:0004533;GO:0075732;GO:0020002;GO:0030430;GO:0003887;GO:0003677;GO:0019013;GO:0008270
P27972	GO:0039702;GO:0042025;GO:0005198;GO:0030430;GO:0019013;GO:0008270;GO:0003723
P27973	GO:0015074;GO:0042025;GO:0003964;GO:0044826;GO:0039657;GO:0005198;GO:0003723;GO:0046718;GO:0075713;GO:0004523;GO:0006310;GO:0016020;GO:0004190;GO:0004533;GO:0075732;GO:0020002;GO:0030430;GO:0003887;GO:0003677;GO:0019013;GO:0008270
P22381	GO:0039702;GO:0020002;GO:0042025;GO:0005198;GO:0030430;GO:0019013;GO:0016020;GO:0008270;GO:0003723
P22382	GO:0015074;GO:0042025;GO:0003964;GO:0044826;GO:0039657;GO:0005198;GO:0003723;GO:0046718;GO:0075713;GO:0004523;GO:0006310;GO:0016020;GO:0004190;GO:0004533;GO:0075732;GO:0020002;GO:0030430;GO:0003887;GO:0003677;GO:0019013;GO:0008270
P16087	GO:0039702;GO:0003676;GO:0019013;GO:0008270;GO:0039660
Q05313	GO:0039702;GO:0003676;GO:0019013;GO:0008270;GO:0039660
P69730	GO:0039702;GO:0003676;GO:0019013;GO:0008270;GO:0039660
P31821	GO:0039702;GO:0003676;GO:0019013;GO:0008270;GO:0039660
P19027	GO:0039702;GO:0003676;GO:0019013;GO:0008270;GO:0039660
Q82850	GO:0039702;GO:0003676;GO:0019013;GO:0008270;GO:0039660
P19558	GO:0039702;GO:0075521;GO:0003676;GO:0019013;GO:0008270;GO:0043657;GO:0046718;GO:0039660
P16900	GO:0003676;GO:0039702;GO:0019028;GO:0008270
P23424	GO:0003676;GO:0039702;GO:0019028;GO:0008270
P35955	GO:0003676;GO:0039702;GO:0019028;GO:0008270
P03352	GO:0003676;GO:0039702;GO:0019028;GO:0008270
P23425	GO:0003676;GO:0039702;GO:0019028;GO:0008270
Q82851	GO:0004190;GO:0015074;GO:0004533;GO:0003964;GO:0003887;GO:0003677;GO:0004523;GO:0019013;GO:0006310;GO:0044826;GO:0008270;GO:0003723;GO:0046718;GO:0075713;GO:0039660
P19560	GO:0075521;GO:0004190;GO:0015074;GO:0043657;GO:0004533;GO:0003964;GO:0003887;GO:0003677;GO:0004523;GO:0019013;GO:0006310;GO:0044826;GO:0008270;GO:0003723;GO:0046718;GO:0075713;GO:0039660
P23426	GO:0004190;GO:0015074;GO:0004170;GO:0004533;GO:0003964;GO:0003887;GO:0003677;GO:0004523;GO:0006310;GO:0009117;GO:0008270;GO:0044826;GO:0046718;GO:0019028;GO:0075713
P35956	GO:0004190;GO:0015074;GO:0004170;GO:0004533;GO:0003964;GO:0003887;GO:0003677;GO:0004523;GO:0006310;GO:0009117;GO:0008270;GO:0044826;GO:0046718;GO:0019028;GO:0075713
P33458	GO:0003676;GO:0039702;GO:0019028;GO:0008270
P03370	GO:0004190;GO:0015074;GO:0004170;GO:0004533;GO:0003964;GO:0003887;GO:0003677;GO:0004523;GO:0006310;GO:0009117;GO:0008270;GO:0044826;GO:0046718;GO:0019028;GO:0075713
P23427	GO:0004190;GO:0015074;GO:0004170;GO:0004533;GO:0003964;GO:0003887;GO:0003677;GO:0004523;GO:0006310;GO:0009117;GO:0008270;GO:0044826;GO:0046718;GO:0019028;GO:0075713
P04023	GO:0004190;GO:0003676;GO:0016032;GO:0008270;GO:0005198
P87889	GO:0003676;GO:0016032;GO:0005886;GO:0008270;GO:0005198
P07567	GO:0039702;GO:0030430;GO:0003676;GO:0019013;GO:0008270;GO:0039660
P07570	GO:0004190;GO:0016032;GO:0004170;GO:0003677;GO:0019013;GO:0009117;GO:0008270;GO:0039660
Q9HDB9	GO:0003676;GO:0016032;GO:0005886;GO:0008270;GO:0005198
P62684	GO:0003676;GO:0016032;GO:0005886;GO:0008270;GO:0005198
P04024	GO:0004190;GO:0016032;GO:0004170;GO:0003677;GO:0019013;GO:0009117;GO:0008270;GO:0039660
P07572	GO:0004190;GO:0015074;GO:0004170;GO:0003964;GO:0003887;GO:0003677;GO:0004523;GO:0019013;GO:0006310;GO:0044826;GO:0008270;GO:0003723;GO:0046718;GO:0075713;GO:0039660
P63130	GO:0003676;GO:0016032;GO:0005886;GO:0008270;GO:0005198
P63145	GO:0003676;GO:0016032;GO:0005886;GO:0008270;GO:0005198
P04025	GO:0004190;GO:0015074;GO:0004170;GO:0003964;GO:0003887;GO:0003677;GO:0004523;GO:0019013;GO:0006310;GO:0044826;GO:0008270;GO:0003723;GO:0046718;GO:0075713;GO:0039660
P63126	GO:0003676;GO:0016032;GO:0005886;GO:0008270;GO:0005198
P62685	GO:0003676;GO:0016032;GO:0005886;GO:0008270;GO:0005198
P63128	GO:0004190;GO:0005198;GO:0016032;GO:0003964;GO:0003887;GO:0004523;GO:0005886;GO:0008270;GO:0003723
P04022	GO:0039702;GO:0003676;GO:0019013;GO:0008270;GO:0039660
P62683	GO:0003676;GO:0016032;GO:0005886;GO:0008270;GO:0005198
Q7LDI9	GO:0003676;GO:0016032;GO:0005886;GO:0008270;GO:0005198
Q9YNA8	GO:0003676;GO:0016032;GO:0005886;GO:0008270;GO:0005198
P51518	GO:0004190;GO:0016032;GO:0004170;GO:0003677;GO:0019013;GO:0009117;GO:0008270;GO:0039660
P51516	GO:0039702;GO:0003676;GO:0019013;GO:0008270;GO:0039660
P11365	GO:0003676;GO:0004190;GO:0008270;GO:0016032
P51517	GO:0004190;GO:0015074;GO:0004170;GO:0003964;GO:0003887;GO:0003677;GO:0004523;GO:0019013;GO:0006310;GO:0044826;GO:0008270;GO:0003723;GO:0046718;GO:0075713;GO:0039660
P03322	GO:0044095;GO:0004190;GO:0003676;GO:0044196;GO:0008270;GO:0046797;GO:0019028;GO:0039660
P31622	GO:0039702;GO:0003676;GO:0019013;GO:0008270;GO:0039660
P03354	GO:0004190;GO:0001171;GO:0015074;GO:0003964;GO:0003887;GO:0003677;GO:0004523;GO:0019013;GO:0006310;GO:0044826;GO:0008270;GO:0003723;GO:0046718;GO:0075713
O92954	GO:0044095;GO:0004190;GO:0003676;GO:0044196;GO:0008270;GO:0046797;GO:0019028;GO:0039660
O92956	GO:0004190;GO:0015074;GO:0019012;GO:0003964;GO:0003887;GO:0003677;GO:0004523;GO:0044823;GO:0006310;GO:0044826;GO:0008270;GO:0046718;GO:0075713
P0C776	GO:0044095;GO:0004190;GO:0003676;GO:0044196;GO:0008270;GO:0046797;GO:0019028;GO:0039660
Q04095	GO:0004190;GO:0015074;GO:0019012;GO:0003964;GO:0003887;GO:0003677;GO:0004523;GO:0006310;GO:0044826;GO:0008270;GO:0003723;GO:0046718;GO:0075713
P31625	GO:0004190;GO:0016032;GO:0004170;GO:0003677;GO:0019013;GO:0009117;GO:0008270;GO:0039660
P31623	GO:0004190;GO:0015074;GO:0004170;GO:0003964;GO:0003887;GO:0003677;GO:0004523;GO:0019013;GO:0006310;GO:0044826;GO:0008270;GO:0003723;GO:0046718;GO:0075713;GO:0039660
Q0R5R3	GO:0004190;GO:0003676;GO:0019013;GO:0008270;GO:0039657;GO:0005198
Q0R5R4	GO:0003676;GO:0016032;GO:0019013;GO:0008270;GO:0005198
Q0R5R2	GO:0004190;GO:0015074;GO:0003964;GO:0003887;GO:0003677;GO:0004523;GO:0019013;GO:0006310;GO:0044826;GO:0008270;GO:0039657;GO:0005198;GO:0046718;GO:0075713
Q9IZT2	GO:0004190;GO:0016032;GO:0004170;GO:0003677;GO:0019013;GO:0008270;GO:0039660
P11283	GO:0004190;GO:0015074;GO:0004170;GO:0003964;GO:0003887;GO:0003677;GO:0004523;GO:0019013;GO:0006310;GO:0044826;GO:0000166;GO:0008270;GO:0003723;GO:0046718;GO:0075713;GO:0039660
Q09SZ9	GO:0004190;GO:0003676;GO:0019013;GO:0008270;GO:0039657;GO:0005198
Q09T00	GO:0003676;GO:0016032;GO:0019013;GO:0008270;GO:0005198
Q4U0X6	GO:0004190;GO:0015074;GO:0003964;GO:0003887;GO:0003677;GO:0004523;GO:0019013;GO:0006310;GO:0044826;GO:0008270;GO:0039657;GO:0005198;GO:0046718;GO:0075713
P11284	GO:0039702;GO:0003677;GO:0019013;GO:0008270;GO:0000166;GO:0039660
P10271	GO:0004190;GO:0016032;GO:0004170;GO:0003677;GO:0019013;GO:0008270;GO:0039660
P03365	GO:0004190;GO:0015074;GO:0004170;GO:0003964;GO:0003887;GO:0003677;GO:0004523;GO:0019013;GO:0006310;GO:0044826;GO:0008270;GO:0003723;GO:0046718;GO:0075713;GO:0039660
P03361	GO:0039702;GO:0004190;GO:0015074;GO:0003964;GO:0003887;GO:0003677;GO:0004523;GO:0019013;GO:0006310;GO:0044826;GO:0008270;GO:0046718;GO:0075713;GO:0039660
P0DOI0	GO:0039702;GO:0004190;GO:0003676;GO:0019013;GO:0008270;GO:0039660
Q8EJW3	GO:0047780;GO:0003994;GO:0051539;GO:0019629;GO:0046872;GO:0006101;GO:0006099;GO:0016836;GO:0005829;GO:0019679
P0C211	GO:0004190;GO:0015074;GO:0003964;GO:0003887;GO:0003677;GO:0004523;GO:0019013;GO:0006310;GO:0044826;GO:0008270;GO:0039657;GO:0005198;GO:0046718;GO:0075713
Q9LVQ5	
P0C210	GO:0004190;GO:0003676;GO:0019013;GO:0008270;GO:0039657;GO:0005198
P10258	GO:0039702;GO:0003677;GO:0019013;GO:0008270;GO:0000166;GO:0039660
Q2NJ77	GO:0009380;GO:0009432;GO:0003677;GO:0006289;GO:0005737;GO:0009381;GO:0005524;GO:0004386
Q7MVT7	GO:0051539;GO:0046429;GO:0019288;GO:0005506;GO:0016114
P21411	GO:0039702;GO:0003676;GO:0019013;GO:0008270;GO:0039660
Q9NBX5	GO:0003676;GO:0006313;GO:0008270
Q6FLB1	GO:0060303;GO:0031440;GO:0001178;GO:0005634;GO:0042393;GO:0006334;GO:0032968;GO:0043618;GO:0006338;GO:0071931;GO:0003677;GO:0070827;GO:0000122;GO:0000433;GO:0035327;GO:0000414;GO:0016973;GO:0001073;GO:0031491;GO:0006139
Q31N17	GO:0003677;GO:0006351;GO:0032549;GO:0003899
P0C209	GO:0003676;GO:0016032;GO:0019013;GO:0008270;GO:0005198
B2SFQ6	GO:0006433;GO:0002161;GO:0005737;GO:0005524;GO:0004827
Q0STE0	GO:0006096;GO:0005576;GO:0009986;GO:0000015;GO:0004634;GO:0000287
Q08DN7	GO:0030217;GO:0006909;GO:0007264;GO:0030593;GO:0045954;GO:0006955;GO:0008361;GO:0140031;GO:0045785;GO:0072593;GO:0007229;GO:0046872;GO:0005911;GO:0043547;GO:0030676;GO:0007186;GO:0001784
Q7G191	GO:0018479;GO:0004031;GO:0102797;GO:0110096;GO:0009414;GO:0019760;GO:0051537;GO:0042542;GO:0071949;GO:0018488;GO:0050302;GO:0005506;GO:0009851;GO:0005829;GO:0102798;GO:0009688;GO:0009055
Q65XV7	GO:0003697;GO:0007004;GO:0051321;GO:0000724;GO:0005662;GO:0006281;GO:0006289;GO:0043565;GO:0006268;GO:0008270;GO:0000723;GO:0003684;GO:0043047;GO:0006261
P05095	GO:0006972;GO:0030674;GO:0031012;GO:0048870;GO:0005829;GO:0070685;GO:0005509;GO:0006909;GO:0031143;GO:0051017;GO:0007275;GO:0005200;GO:0000331;GO:0045335;GO:0005938;GO:0009267;GO:0005884;GO:0030587;GO:0051015;GO:0031252;GO:0051764
A4FPP3	GO:0003677;GO:0006351;GO:0032549;GO:0003899
A8YVK0	GO:0003678;GO:0008408;GO:0000724;GO:0005524;GO:0003690
A4VXH3	GO:0005525;GO:0003924;GO:0005737;GO:0003743
P14077	GO:0003676;GO:0016032;GO:0019013;GO:0008270;GO:0005198
Q4JG17	GO:0005730;GO:0003724;GO:0005737;GO:0048477;GO:0007275;GO:0005524;GO:0008270;GO:0003723
P14076	GO:0003676;GO:0016032;GO:0019013;GO:0008270;GO:0005198
Q9Z1D9	GO:0000978;GO:0006357;GO:0005634;GO:0000981;GO:0046872
P03345	GO:0003676;GO:0016032;GO:0019013;GO:0008270;GO:0005198
Q04QS6	GO:0006428;GO:0004822;GO:0002161;GO:0000049;GO:0005737;GO:0005524;GO:0008270
A6LDP0	GO:0051539;GO:0004160;GO:0009099;GO:0009097;GO:0046872
Q8VHQ3	GO:1902309;GO:0042995;GO:1903670;GO:0005634;GO:0051489;GO:0019888;GO:0061028;GO:0035308;GO:0035307;GO:0035304;GO:0005886;GO:0008157;GO:0001938;GO:0016607;GO:0017020;GO:0048471;GO:0014066;GO:1903589
A6ZN26	GO:0001732;GO:0003743;GO:0005852;GO:0031369;GO:0016282;GO:0033290
P0DOI1	GO:0039702;GO:0004190;GO:0003676;GO:0019013;GO:0008270;GO:0039660
Q5GTG4	GO:0006096;GO:0005576;GO:0009986;GO:0000015;GO:0004634;GO:0000287
P32497	GO:0001732;GO:0043614;GO:0006413;GO:0003743;GO:0003729;GO:0005852;GO:0005737;GO:0031369;GO:0016282;GO:0033290;GO:0010494
Q8XKU4	GO:0006096;GO:0005576;GO:0009986;GO:0000015;GO:0004634;GO:0000287
Q2JFI5	GO:0003677;GO:0006351;GO:0032549;GO:0003899
P25059	GO:0039702;GO:0004190;GO:0015074;GO:0003964;GO:0003887;GO:0003677;GO:0004523;GO:0019013;GO:0006310;GO:0044826;GO:0008270;GO:0046718;GO:0075713;GO:0039660
A6LR09	GO:0006096;GO:0005576;GO:0009986;GO:0000015;GO:0004634;GO:0000287
I1S166	GO:0032259;GO:0006633;GO:0008168;GO:0004315;GO:0016491;GO:0031177
B0S2N4	GO:0034605;GO:0004176;GO:0043565;GO:0005737;GO:0005524;GO:0006515;GO:0004252
A7F8V8	GO:0005634;GO:0005730;GO:0003724;GO:0006364;GO:0005524;GO:0003723;GO:0042254
Q7MSJ8	GO:0042802;GO:0070207;GO:0042597;GO:0016667;GO:0016002;GO:0070814;GO:0005506;GO:1903136;GO:0009061;GO:0020037
Q9Z999	GO:0006351;GO:0003899;GO:0003677;GO:0008270;GO:0000287
P21407	GO:0004190;GO:0016032;GO:0004170;GO:0003677;GO:0019013;GO:0009117;GO:0008270;GO:0039660
Q5Y389	GO:0008234;GO:0020002;GO:0006370;GO:0006351;GO:0039694;GO:0042025;GO:0044176;GO:0046872;GO:0005525;GO:0044162;GO:0003968;GO:0003724;GO:0004651;GO:0016020;GO:0008174;GO:0005524;GO:0039523;GO:0003723;GO:0004652
A4G8B3	GO:0003697;GO:0008094;GO:0009432;GO:0006281;GO:0005737;GO:0006310;GO:0005524;GO:0003684
P03364	GO:0004190;GO:0015074;GO:0004170;GO:0003964;GO:0003887;GO:0003677;GO:0004523;GO:0019013;GO:0006310;GO:0044826;GO:0008270;GO:0003723;GO:0046718;GO:0075713;GO:0039660
Q55860	GO:0006541;GO:0015420;GO:0009236;GO:0003824
B5YJY3	GO:0008094;GO:0032136;GO:0032300;GO:0005524;GO:0006298;GO:0005829;GO:0003684
Q59677	GO:0004494;GO:0031419;GO:0046872
A8LC64	GO:0003677;GO:0006351;GO:0032549;GO:0003899
Q96T49	GO:1902309;GO:0042995;GO:1903670;GO:0005634;GO:0051489;GO:0019888;GO:0061028;GO:0035308;GO:0035307;GO:0035304;GO:0005886;GO:0008157;GO:0001938;GO:0016607;GO:0017020;GO:0048471;GO:0014066;GO:1903589
Q8WW36	GO:0003727;GO:0003729;GO:0005737;GO:0008270;GO:2000767;GO:0045182
Q5YQ92	GO:0006308;GO:0009318;GO:0008855;GO:0003676;GO:0005737
A0A2H3CTK0	GO:0016788;GO:0009405;GO:0006633;GO:0004315;GO:0031177
A6T204	GO:0003697;GO:0008094;GO:0009432;GO:0006281;GO:0005737;GO:0006310;GO:0005524;GO:0003684
Q8F1H5	GO:0051539;GO:0046429;GO:0019288;GO:0005506;GO:0016114
P0CR22	GO:0003676;GO:0005681;GO:0005634;GO:0000398
Q04YW2	GO:0051539;GO:0046429;GO:0019288;GO:0005506;GO:0016114
P44622	GO:0005524
Q04UL2	GO:0051539;GO:0046429;GO:0019288;GO:0005506;GO:0016114
O60437	GO:0045104;GO:0030057;GO:0042060;GO:0070062;GO:0005737;GO:0005856;GO:0009612;GO:0005200;GO:0016020;GO:0070268;GO:0005198;GO:0005829;GO:0045296;GO:0001533
B2VGQ6	GO:0003677;GO:0004386;GO:0005524;GO:0006355
F1MRW8	GO:0016567;GO:2000780;GO:0005634;GO:0035861;GO:0005654;GO:0046872;GO:0016740;GO:0031491;GO:0070530;GO:0006974
Q80V94	GO:0140312;GO:0016192;GO:0005802;GO:0006886;GO:0030124;GO:0006898
Q8BKX6	GO:0016242;GO:0018105;GO:0000184;GO:0005634;GO:0010507;GO:0005654;GO:0005737;GO:0031931;GO:2001020;GO:0004674;GO:0031932;GO:0042162;GO:0038202;GO:0006281;GO:0046777;GO:0005524;GO:0046872;GO:0032204;GO:0046854
P87177	GO:0030515;GO:0032040;GO:0005634;GO:0034388;GO:0030490;GO:0005829
P13887	GO:0008234;GO:0020002;GO:0006370;GO:0006351;GO:0039694;GO:0042025;GO:0044176;GO:0046872;GO:0005525;GO:0044162;GO:0003968;GO:0003724;GO:0004651;GO:0016020;GO:0008174;GO:0005524;GO:0039523;GO:0003723;GO:0004652
Q2HBX6	GO:0051301;GO:0005874;GO:0000922;GO:0005875;GO:0070840;GO:0000132;GO:0005737;GO:0051012
Q96Q15	GO:0016242;GO:0046872;GO:0004672;GO:0018105;GO:0000184;GO:0005634;GO:0010507;GO:0006406;GO:0005654;GO:0005737;GO:0031931;GO:0003723;GO:0004674;GO:2001020;GO:0031932;GO:0042162;GO:0038202;GO:0006281;GO:0046777;GO:0005524;GO:0032204;GO:0005829;GO:0046854
Q64PS6	GO:0051539;GO:0004160;GO:0009099;GO:0009097;GO:0046872
I3ZNU9	GO:0009405;GO:0006633;GO:0016788;GO:0004315;GO:0031177
Q9JGL0	GO:0008234;GO:0020002;GO:0006370;GO:0006351;GO:0039694;GO:0042025;GO:0044176;GO:0046872;GO:0005525;GO:0044162;GO:0003968;GO:0003724;GO:0004651;GO:0016020;GO:0008174;GO:0005524;GO:0039523;GO:0003723;GO:0004652
P46735	GO:0005516;GO:0000146;GO:0005737;GO:0010008;GO:0015629;GO:0005903;GO:0003774;GO:0033572;GO:0003779;GO:0030048;GO:0030050;GO:0030175;GO:0005886;GO:0005524;GO:0016459;GO:0006892;GO:0007015;GO:0071944;GO:0005546;GO:0030898;GO:0005547;GO:0051017;GO:0005902;GO:0048471;GO:0005769;GO:0031982;GO:0005884;GO:0051015;GO:0045177
Q52US9	GO:0016874;GO:0031169;GO:0031177
Q8XHE4	GO:0006428;GO:0004822;GO:0002161;GO:0000049;GO:0005737;GO:0005524;GO:0008270
Q110H1	GO:0003677;GO:0006351;GO:0032549;GO:0003899
P04962	GO:0051301;GO:0007049
Q5L5I4	GO:0006351;GO:0003899;GO:0003677;GO:0008270;GO:0000287
P25058	GO:0039702;GO:0003676;GO:0019013;GO:0008270;GO:0039660
Q6AP78	GO:0003677;GO:0006351;GO:0032549;GO:0003899
P27536	GO:0003677;GO:0007275;GO:0008270
Q7KWQ2	GO:0045335;GO:0004828;GO:0097056;GO:0006434;GO:0000049;GO:0005524;GO:0005829
Q05096	GO:0005516;GO:0000146;GO:0005737;GO:0010008;GO:0015629;GO:0005903;GO:0003774;GO:0033572;GO:0003779;GO:0030048;GO:0030050;GO:0030175;GO:0005886;GO:0005524;GO:0016459;GO:0006892;GO:0007015;GO:0071944;GO:0005546;GO:0030898;GO:0005547;GO:0051017;GO:0032588;GO:0005902;GO:0048471;GO:0005769;GO:0031982;GO:0007399;GO:0005884;GO:0051015;GO:0045177
Q9E6R0	GO:0042025;GO:0019012;GO:0006323;GO:0019076
F1LPQ2	GO:0032508;GO:0006307;GO:0005634;GO:0099053;GO:0043138;GO:0008283;GO:0016607;GO:0005524;GO:0003723
A0A284RE13	GO:0016788;GO:0009405;GO:0006633;GO:0004315;GO:0031177
Q9LVD3	GO:0005739
Q5L9I8	GO:0051539;GO:0004160;GO:0009099;GO:0009097;GO:0046872
O43795	GO:0005516;GO:0000146;GO:0005737;GO:0010008;GO:0015629;GO:0045296;GO:0005903;GO:0030048;GO:0030050;GO:0030175;GO:0005886;GO:0005524;GO:0016459;GO:0006892;GO:0007015;GO:0070062;GO:0071944;GO:0005546;GO:0030898;GO:0005547;GO:0051017;GO:0005902;GO:0048471;GO:0005769;GO:0031982;GO:0005884;GO:0051015;GO:0045177
P11530	GO:0046716;GO:0007519;GO:0030672;GO:0060857;GO:0060314;GO:0030016;GO:0097449;GO:0086001;GO:0007568;GO:0048471;GO:0042383;GO:0043403;GO:0002027;GO:1902083;GO:0048747;GO:0030182;GO:0042391;GO:0043034;GO:0045121;GO:0030141;GO:0030018;GO:0006355;GO:0030424;GO:0010976;GO:0003779;GO:0051647;GO:0030175;GO:0005886;GO:0017022;GO:0090287;GO:0021987;GO:0005741;GO:0008284;GO:0030055;GO:0017166;GO:0034613;GO:0043005;GO:0030154;GO:0031527;GO:0070373;GO:0005883;GO:0033137;GO:0005840;GO:0001954;GO:0021629;GO:0008307;GO:0048812;GO:0016010;GO:0030054;GO:0045211;GO:1901385;GO:0045666;GO:0009414;GO:0009986;GO:0014809;GO:0035994;GO:0043043;GO:0007517;GO:0008065;GO:0045213;GO:0010880;GO:0044306;GO:0005178;GO:0044877;GO:0010881;GO:0032991;GO:0010468;GO:0030165;GO:0042995;GO:0005634;GO:0014894;GO:0030027;GO:0099617;GO:0005794;GO:0050998;GO:0014904;GO:0002162;GO:0045202;GO:0005521;GO:2000651;GO:0043025;GO:0014819;GO:0014069;GO:0045665;GO:0034622;GO:0060048;GO:0051726;GO:0008270;GO:0042692
Q5UQZ0	
C5CSV6	GO:0006096;GO:0005576;GO:0009986;GO:0000015;GO:0004634;GO:0000287
P17632	GO:0008901;GO:0005886;GO:0016151;GO:0033748
Q9UII5	GO:0000978;GO:0006357;GO:0046872;GO:0005634;GO:0001228
Q2HDI2	GO:0003779;GO:0030479;GO:0005524;GO:0003774;GO:0016459
Q2H102	GO:0005789;GO:0016788;GO:0015031;GO:0016021
Q6DCD7	GO:0003676;GO:0005730;GO:0005737;GO:0008988;GO:0031167;GO:1904047;GO:0008270;GO:0045727
F4IZR5	GO:0009555;GO:0051028;GO:0009506;GO:0005634;GO:0008536;GO:0005049;GO:0000056;GO:0005737;GO:0009846;GO:0000055;GO:0009860;GO:0031965;GO:0005643;GO:0046825;GO:0009553
Q9PLH5	GO:0006419;GO:0000049;GO:0005737;GO:0004813;GO:0005524;GO:0008270
A1VLH1	GO:0006096;GO:0005576;GO:0009986;GO:0000015;GO:0004634;GO:0000287
Q8N3X6	GO:0006366;GO:0006357;GO:0005634;GO:0003677;GO:1990226
B3FWT6	GO:0006633;GO:0016788;GO:0004315;GO:0031177
Q2IWD0	GO:0006096;GO:0005576;GO:0009986;GO:0000015;GO:0004634;GO:0000287
Q13DE9	
A1VK79	GO:0065002;GO:0005737;GO:0005886;GO:0006605;GO:0017038;GO:0005524;GO:0046872
Q5QWH3	GO:0042744;GO:0004096;GO:0046872;GO:0006979;GO:0020037
B3MUX9	GO:0000466;GO:0000463;GO:0005730;GO:0043021;GO:0005654;GO:0030687
M2XHU6	GO:0016296;GO:0004318;GO:0004313;GO:0016631;GO:0008659;GO:0008693;GO:0016295;GO:0004317;GO:0004321;GO:0006633;GO:0005835;GO:0004320;GO:0047451;GO:0004314
Q1E9Q9	GO:0005096;GO:0005774;GO:0035556
Q14GJ0	GO:0006433;GO:0002161;GO:0005737;GO:0005524;GO:0004827
A8MXY4	GO:0000978;GO:0006357;GO:0005634;GO:0001228;GO:0046872
Q7SEY9	GO:0005789;GO:0003756;GO:0015035;GO:0034975;GO:0016671
B8ZM93	GO:0005525;GO:0003924;GO:0005737;GO:0003743
P21543	GO:0005576;GO:0000272;GO:2001070;GO:0004556;GO:0103025;GO:0016161;GO:0046872;GO:0102229
A6NCI4	GO:0005576
P04802	GO:0004815;GO:0005634;GO:0005737;GO:0006422;GO:0017101;GO:0005524;GO:0003723;GO:0005829
C6KI89	GO:0036128;GO:0007283;GO:0097228;GO:0007275;GO:0031514;GO:0030154
Q86AV6	GO:0005759;GO:0006097;GO:0006099;GO:0004108;GO:0005829;GO:0005975
A0LII4	GO:0003677;GO:0006351;GO:0032549;GO:0003899
Q136E5	GO:0006096;GO:0005576;GO:0009986;GO:0000015;GO:0004634;GO:0000287
Q9FY48	GO:0004672;GO:0009738;GO:0005802;GO:0006952;GO:0004674;GO:0004842;GO:0016567;GO:0005769;GO:0043621;GO:0009737;GO:0009788;GO:0045324;GO:0048589;GO:0005524;GO:0046872;GO:0016197;GO:0032940
A4IWT9	GO:0006433;GO:0002161;GO:0005737;GO:0005524;GO:0004827
Q95N27	GO:1902309;GO:0042995;GO:1903670;GO:0005634;GO:0051489;GO:0019888;GO:0061028;GO:0035307;GO:0035304;GO:0005886;GO:0008157;GO:0016607;GO:0017020;GO:0048471;GO:0014066;GO:1903589
Q11114	
P20616	GO:0001525;GO:2000352;GO:0000165;GO:0042056;GO:0035556;GO:0005125;GO:0050918;GO:0030141;GO:2001237;GO:0001938;GO:0048245;GO:0005615;GO:0050930;GO:0098992
B1IA80	GO:0005525;GO:0003924;GO:0005737;GO:0003743
F4KGU4	GO:0003724;GO:0005524;GO:0046872;GO:0003723;GO:0016740;GO:0009507
A8AVQ2	GO:0005525;GO:0003924;GO:0005737;GO:0003743
O64728	GO:0009360;GO:0005634;GO:0003887;GO:0003677;GO:0005663;GO:0005886;GO:0006281;GO:0010091;GO:0005524;GO:0010026;GO:0006261
F4J5S1	GO:0005737;GO:0048312
B4HW93	GO:0000466;GO:0000463;GO:0005730;GO:0043021;GO:0005654;GO:0030687
Q5M7P4	
Q91ZI0	GO:0036514;GO:0005509;GO:0001932;GO:0001764;GO:0036515;GO:0098609;GO:0004930;GO:0007156;GO:0032880;GO:0005886;GO:0060271;GO:1904938;GO:0016021;GO:0007413
Q31GE9	GO:0034605;GO:0004176;GO:0043565;GO:0005737;GO:0005524;GO:0006515;GO:0004252
Q9HZJ5	GO:0003917;GO:0006265;GO:0003677;GO:0005694;GO:0046872
Q0V6W0	GO:0016363;GO:0008536;GO:0000049;GO:0008033;GO:0005737;GO:0071528;GO:0005643
B4G7Y6	GO:0000466;GO:0000463;GO:0005730;GO:0043021;GO:0005654;GO:0030687
Q29NB4	GO:0000466;GO:0000463;GO:0005730;GO:0043021;GO:0005654;GO:0030687
Q4FR74	GO:0006096;GO:0005576;GO:0009986;GO:0000015;GO:0004634;GO:0000287
P18010	GO:0005576;GO:0003779;GO:0009405;GO:0017166;GO:0030836
C1C5S8	GO:0005525;GO:0003924;GO:0005737;GO:0003743
A4TE29	GO:0006799;GO:0008976;GO:0009358;GO:0005524;GO:0046872
B4Q865	GO:0000466;GO:0000463;GO:0005730;GO:0043021;GO:0005654;GO:0030687
C1CCT8	GO:0005525;GO:0003924;GO:0005737;GO:0003743
B2IME4	GO:0005525;GO:0003924;GO:0005737;GO:0003743
C1CJ39	GO:0005525;GO:0003924;GO:0005737;GO:0003743
Q1JFB9	GO:0030956;GO:0016787;GO:0050567;GO:0005524;GO:0006412
P0DTS0	GO:0008289;GO:0034364;GO:0006869;GO:0042627;GO:0042157
Q8CG16	GO:0042802;GO:0005509;GO:0072562;GO:0031638;GO:0005615;GO:0006958;GO:0045087;GO:0004252
P19088	GO:0006260;GO:0003910;GO:0051103;GO:0006310;GO:0005524;GO:0046872
Q5JF49	GO:0005524;GO:0005737;GO:0006433;GO:0004827
B3N8H0	GO:0000466;GO:0000463;GO:0005730;GO:0043021;GO:0005654;GO:0030687
Q12FA8	GO:0065002;GO:0006605;GO:0005737;GO:0005886;GO:0017038;GO:0005524;GO:0046872
Q9VL96	GO:0000466;GO:0000463;GO:0005730;GO:0043021;GO:0005654;GO:0030687;GO:0003723;GO:0070545
Q6LYM1	GO:0051301;GO:0007049;GO:0006260;GO:0003910;GO:0003677;GO:0051103;GO:0006310;GO:0005524;GO:0046872;GO:0071897
A7MSG2	GO:0000270;GO:0008933;GO:0016998;GO:0071555;GO:0016837;GO:0009279
P51587	GO:0042802;GO:0005813;GO:0007283;GO:0010484;GO:0007420;GO:0005634;GO:0010332;GO:0010485;GO:0033600;GO:0042771;GO:0030097;GO:0005654;GO:0006289;GO:0030141;GO:0001556;GO:0032465;GO:0008585;GO:0070200;GO:0006355;GO:0045893;GO:0000784;GO:0043967;GO:0051298;GO:0043966;GO:0000724;GO:0048478;GO:0008022;GO:0000800;GO:0005829;GO:0043015;GO:0006978;GO:0045931;GO:0003697;GO:0007569;GO:0000722;GO:0007141;GO:0002020;GO:0033593;GO:1990426;GO:0010225;GO:0001833;GO:0032991;GO:0010165;GO:0006302
Q0RRT0	GO:0003677;GO:0006351;GO:0032549;GO:0003899
E0D877	GO:0102487;GO:0016788;GO:0005576;GO:0009166;GO:0102488;GO:0102491;GO:0102490;GO:0102489;GO:0102485;GO:0005524;GO:0046872;GO:0102486
B5E266	GO:0005525;GO:0003924;GO:0005737;GO:0003743
P0CS22	GO:0009039;GO:0016151;GO:0043419
Q97S57	GO:0005525;GO:0003924;GO:0005737;GO:0003743
A8R7K9	GO:0042147;GO:0005771;GO:0030904;GO:0006886;GO:0016020;GO:0005794;GO:0043231;GO:0030906;GO:0005829;GO:0005770;GO:0031902
B4NY70	GO:0000466;GO:0000463;GO:0005730;GO:0043021;GO:0005654;GO:0030687
Q6TQR6	GO:0039648;GO:0006351;GO:0039502;GO:0039579;GO:0004843;GO:0039689;GO:0000166;GO:0039696;GO:0003968
Q72TR2	GO:0051539;GO:0046429;GO:0019288;GO:0005506;GO:0016114
A6TXB3	GO:0044208;GO:0004019;GO:0005737;GO:0005525;GO:0000287
Q215A2	GO:0006096;GO:0005576;GO:0009986;GO:0000015;GO:0004634;GO:0000287
A3CQ18	GO:0005525;GO:0003924;GO:0005737;GO:0003743
A0A348AXX4	GO:0016853;GO:0016874;GO:0032259;GO:0008168;GO:0031177
O65020	GO:0016567;GO:0009873
Q8J2Q1	GO:0016887;GO:0042626;GO:0005886;GO:0005524;GO:0016021
Q6DDW2	GO:0051961;GO:0045684;GO:0030513;GO:0005886;GO:0016021;GO:0070700
Q0BSX3	GO:0006096;GO:0005576;GO:0009986;GO:0000015;GO:0004634;GO:0000287
B0Z5A9	GO:0006397;GO:0008380;GO:0008033;GO:0003723;GO:0009507
A7NB07	GO:0006433;GO:0002161;GO:0005737;GO:0005524;GO:0004827
P00970	GO:0006260;GO:0003910;GO:0003909;GO:0051103;GO:0006310;GO:0005524;GO:0046872
Q6KAS7	GO:0019904;GO:0005634;GO:0048663;GO:0003677;GO:0005654;GO:0046872;GO:0045944;GO:0010468
A6NN14	GO:0000978;GO:0006357;GO:0005634;GO:0001228;GO:0046872
Q96GE5	GO:0006357;GO:0005634;GO:0000981;GO:0046872;GO:0000977
P33983	GO:0016987;GO:0003899;GO:0003677;GO:0001216;GO:0006352
Q70LM6	GO:0017000;GO:0016874;GO:0031177;GO:0016853
Q9PK79	GO:0006351;GO:0003899;GO:0003677;GO:0008270;GO:0000287
P53849	GO:0003697;GO:0042788;GO:0000932;GO:0003727;GO:0003729;GO:0005737;GO:0008270;GO:2000767;GO:0045182;GO:0010494
Q8E1H3	GO:0005525;GO:0003924;GO:0005737;GO:0003743
Q5TAX3	GO:0035198;GO:0005634;GO:0036464;GO:0005737;GO:0001556;GO:0003723;GO:0050265;GO:0016779;GO:0006378;GO:0010586;GO:0010526;GO:0005829;GO:0000289;GO:0070062;GO:0006397;GO:0005730;GO:1990074;GO:0071076;GO:0010587;GO:0019827;GO:0031123;GO:0008270;GO:0031054;GO:0004652;GO:0005615
P12655	GO:0009401;GO:0016301;GO:0005886;GO:0016021;GO:0008982
P0A3K6	GO:0005525;GO:0003924;GO:0005737;GO:0003743
Q9DEI1	GO:0004677;GO:0070419;GO:0005730;GO:0003677;GO:0006303;GO:0072431;GO:0005524;GO:0042254
Q9UKW4	GO:0038095;GO:0048013;GO:0045785;GO:0007229;GO:0038096;GO:0006974;GO:0007264;GO:0030593;GO:0001525;GO:0043552;GO:0050853;GO:0043087;GO:0043065;GO:0001772;GO:0051056;GO:0005829;GO:0005096;GO:0030676;GO:0007186;GO:0005085;GO:0048010;GO:0005154;GO:0030890;GO:0006906;GO:0030032;GO:0008361;GO:0030168;GO:0042493;GO:0046872
Q39565	GO:0005874;GO:0030286;GO:0005737;GO:0005524;GO:0030030;GO:0007018;GO:0031514;GO:0008569
O95267	GO:0042802;GO:0032725;GO:0002437;GO:0043303;GO:0007165;GO:0000165;GO:0001934;GO:0005794;GO:0046579;GO:0014066;GO:0032760;GO:0043406;GO:0042110;GO:0032252;GO:0032729;GO:0005088;GO:0000139;GO:0005886;GO:0016020;GO:0046330;GO:0042098;GO:0005829;GO:0043547;GO:0033089;GO:0031210;GO:0070372;GO:0005085;GO:0005509;GO:0042100;GO:0008289;GO:0005789;GO:0032825;GO:0001816;GO:0007265;GO:0030154;GO:0030101;GO:0045954;GO:0070374;GO:0047496;GO:0090630;GO:0008270;GO:0042113;GO:0019992
P40094	GO:0006914;GO:0000301;GO:0005801;GO:0140312;GO:0016236;GO:0030242;GO:0000139;GO:0032258;GO:0007030;GO:0017119;GO:0006891;GO:0006888
A0B8K5	GO:0008852;GO:0000738;GO:0008408;GO:0003677;GO:0003887;GO:0006261
A7Z4T4	GO:0005525;GO:0003924;GO:0005737;GO:0003743
Q967Y8	GO:0006096;GO:0000287;GO:0000015;GO:0004634
Q9W040	GO:0030992;GO:0097730;GO:0042073;GO:0007275;GO:0005930;GO:0005929;GO:0060271;GO:0036064;GO:0030990;GO:1905515
Q28RE8	GO:0006096;GO:0005576;GO:0009986;GO:0000015;GO:0004634;GO:0000287
Q64754	GO:0042025;GO:0098021
P26819	GO:0005634;GO:0010259;GO:0045121;GO:0001934;GO:0043198;GO:0005929;GO:0030018;GO:0004674;GO:0006468;GO:0030424;GO:0031623;GO:0045202;GO:0097225;GO:0045744;GO:0016020;GO:0005524;GO:0005829;GO:0043647;GO:0044292;GO:0007186;GO:0046154;GO:0043197;GO:0031748;GO:0004703;GO:0043278;GO:0048471;GO:0047696;GO:0006886;GO:0002029
P45595	GO:0009401;GO:0005737;GO:0016301;GO:0046872;GO:0008965
P17889	GO:0003924;GO:0006413;GO:0003743;GO:0005737;GO:0005525
Q13474	GO:0098978;GO:0007417;GO:0099536;GO:0005886;GO:0030425;GO:0050808;GO:0008270;GO:0014069;GO:0043204
Q32JJ5	GO:0034605;GO:0004176;GO:0043565;GO:0005737;GO:0005524;GO:0006515;GO:0004252
B2UY16	GO:0006096;GO:0005576;GO:0009986;GO:0000015;GO:0004634;GO:0000287
Q01930	GO:0006189;GO:0004638;GO:0043727;GO:0005524;GO:0046872
Q80UZ0	GO:0005769;GO:0032587;GO:0005737;GO:0005856;GO:0005794;GO:0005886;GO:0005783;GO:0046872;GO:0005089
P0A9M0	GO:0006508;GO:0008233;GO:0009408;GO:0016887;GO:0034605;GO:0004176;GO:0003677;GO:0043565;GO:0005737;GO:0005524;GO:0005829;GO:0006515;GO:0010165;GO:0004252
Q3AHX6	GO:0006351;GO:0003899;GO:0003677;GO:0008270;GO:0000287
Q3YRX9	GO:0006096;GO:0005576;GO:0009986;GO:0000015;GO:0004634;GO:0000287
O75445	GO:0042802;GO:0005604;GO:0035315;GO:0060171;GO:1990075;GO:0045494;GO:0007601;GO:0032421;GO:0009887;GO:0005737;GO:0050953;GO:0007605;GO:0036064;GO:0050896;GO:0002142;GO:0016324;GO:0005518;GO:0048496;GO:0045184;GO:0032391;GO:0001917;GO:0060113;GO:0009888;GO:0016477;GO:0017022;GO:0034446;GO:0016021;GO:0002141;GO:1990696
A0A1M3T4K3	GO:0016874;GO:0031177
Q9VG73	GO:0003725;GO:0071011;GO:0005634;GO:0005730;GO:0003677;GO:0000398;GO:0045893;GO:0071013
B0BBU5	GO:0006351;GO:0003899;GO:0003677;GO:0008270;GO:0000287
B0B7N0	GO:0006351;GO:0003899;GO:0003677;GO:0008270;GO:0000287
Q9LII8	GO:0009860;GO:0005886;GO:0031347
Q8BKX1	GO:0042802;GO:2000251;GO:0048167;GO:0030165;GO:0098978;GO:0007420;GO:0007266;GO:0061845;GO:0050804;GO:0005654;GO:0001726;GO:0030141;GO:0043198;GO:0005794;GO:0032956;GO:0070064;GO:0071364;GO:0097060;GO:0015629;GO:0030838;GO:0099092;GO:0010976;GO:0008360;GO:0061003;GO:0005791;GO:0016358;GO:0030175;GO:0001221;GO:0043025;GO:0099524;GO:0005886;GO:0061846;GO:0005829;GO:0043197;GO:0097110;GO:0008093;GO:0051017;GO:0098793;GO:0098685;GO:0043005;GO:0014069;GO:0060076;GO:0099523;GO:0007009;GO:2000463;GO:0044306;GO:1905232;GO:0005874;GO:1905274;GO:0098794;GO:0009617;GO:0051764;GO:0035418
B3DPR8	GO:0006281;GO:0046872;GO:0003911;GO:0006260
P77965	GO:0003677;GO:0006351;GO:0032549;GO:0003899
Q4KHC1	GO:0003697;GO:0008094;GO:0009432;GO:0006281;GO:0005737;GO:0006310;GO:0005524;GO:0003684
O94609	GO:0006511;GO:0016567;GO:0004839;GO:0032446;GO:0005634;GO:0005737;GO:0005524;GO:0006974;GO:0000287;GO:0005829
Q99YC0	GO:0030956;GO:0016787;GO:0050567;GO:0005524;GO:0006412
Q32PI5	GO:0005634;GO:0065003;GO:0000775;GO:0016328;GO:0005737;GO:0007059;GO:0030425;GO:0019888
Q8CP76	GO:0009405;GO:0005886;GO:0016021
Q5HPA2	GO:0009405;GO:0005886;GO:0016021
B5YLE5	GO:0005829;GO:0004643;GO:0006189;GO:0003937
Q21UD1	GO:0065002;GO:0006605;GO:0005737;GO:0005886;GO:0017038;GO:0005524;GO:0046872
P0CZ60	GO:0030956;GO:0016787;GO:0050567;GO:0005524;GO:0006412
Q9FMN2	GO:0008195;GO:0006629;GO:0044255;GO:0016036;GO:0005829;GO:0048046;GO:0019375;GO:0008654
Q9M9E1	GO:0009409;GO:0009408;GO:0009751;GO:0015692;GO:0046865;GO:0015562;GO:0009414;GO:0009737;GO:0005886;GO:0005524;GO:0016021;GO:0009753;GO:0010193;GO:0009738;GO:0098739;GO:0048581;GO:0009723;GO:0042626;GO:0090332;GO:0055085;GO:0080168;GO:0042631;GO:0002229;GO:0098657;GO:0010496
Q6GNM9	
P0CE10	GO:0003724;GO:0005524;GO:0046872;GO:0003723;GO:0016740;GO:0009507
A3DLI4	GO:0006146;GO:0000034
C0Q9X9	GO:0003677;GO:0006351;GO:0032549;GO:0003899
B5XHZ9	GO:0030956;GO:0016787;GO:0050567;GO:0005524;GO:0006412
O67588	GO:0016887;GO:0006986;GO:0034605;GO:0005737;GO:0005524
O74161	GO:0000747;GO:0034044;GO:0006893;GO:0005802;GO:0046983
P54612	GO:0005634;GO:0065003;GO:0008287;GO:0000775;GO:0016328;GO:0005737;GO:0007059;GO:0030425;GO:0000159;GO:0019888;GO:0006470
Q13219	GO:0005576;GO:0004222;GO:0008237;GO:0007565;GO:0051384;GO:0044267;GO:0032354;GO:0008270;GO:0005615
O84316	GO:0006351;GO:0003899;GO:0003677;GO:0008270;GO:0000287
Q9Y8G7	GO:0070330;GO:0010181;GO:0003958;GO:0016020;GO:0005506;GO:0020037
Q6LVZ5	GO:0000287;GO:0004455;GO:0009097;GO:0009099
B9DPU2	GO:0016887;GO:0004519;GO:0045910;GO:0005524;GO:0006298;GO:0030983
Q60437	GO:0008360;GO:0008093;GO:0051017;GO:0030175;GO:0001726;GO:0005856;GO:0016020;GO:0009617;GO:0032956;GO:0070064;GO:0051764;GO:0005829;GO:0007009
B9MS47	GO:0006096;GO:0005576;GO:0009986;GO:0000015;GO:0004634;GO:0000287
I1SAJ7	GO:0016853;GO:0016874;GO:0009405;GO:0031177
Q9SA27	GO:0090406;GO:0003676;GO:0005634;GO:0009561;GO:0003724;GO:0006364;GO:0005524;GO:0009791;GO:0009553
Q07113	GO:0042802;GO:0042981;GO:0007283;GO:0007041;GO:0005634;GO:0005802;GO:0031995;GO:0001889;GO:0001972;GO:0005794;GO:0010008;GO:0019899;GO:0030139;GO:0043065;GO:0000139;GO:0009986;GO:0005886;GO:0016020;GO:0005641;GO:0016021;GO:0005770;GO:0007186;GO:1904772;GO:0051219;GO:0005537;GO:1905394;GO:0032526;GO:0048471;GO:0038023;GO:0005769;GO:0005768;GO:0030118;GO:0030140;GO:0001965;GO:0031100;GO:0044794;GO:0005520;GO:0005615;GO:0009791
A8FDD1	GO:0005525;GO:0003924;GO:0005737;GO:0003743
Q8G830	GO:0006281;GO:0046872;GO:0003911;GO:0006260
A1A699	GO:0009736;GO:0004673;GO:0019955;GO:0005886;GO:0000155;GO:0016021;GO:0006468
Q2KD76	GO:0003684;GO:0030983;GO:0005524;GO:0006298
A0LRL3	GO:0003677;GO:0006351;GO:0032549;GO:0003899
Q6Q1S2	GO:0019064;GO:0055036;GO:0019031;GO:0009405;GO:0075509;GO:0046789;GO:0046813;GO:0016021;GO:0039654;GO:0044173
B2RX14	GO:0035198;GO:0070569;GO:0070102;GO:0005634;GO:0036464;GO:0006397;GO:0005730;GO:0032755;GO:0001816;GO:0005737;GO:0001556;GO:0032088;GO:0071076;GO:0050265;GO:0016779;GO:0006378;GO:0010586;GO:0010587;GO:0019827;GO:0031123;GO:0010526;GO:0004652;GO:0008270;GO:1990074;GO:0005829;GO:0031054;GO:0031664
Q9H5U6	GO:0003676;GO:0005730;GO:0005737;GO:0008988;GO:0031167;GO:1904047;GO:0008270;GO:0045727
Q6EWG9	GO:0039694;GO:0006351;GO:0018144;GO:0004197;GO:0003968;GO:0003724;GO:0033644;GO:0005524;GO:0016021;GO:0003723
Q9DHD6	GO:0039694;GO:0039502;GO:0042025;GO:0004197;GO:0019031;GO:0039645;GO:0075512;GO:0005198;GO:0003723;GO:0044186;GO:0044220;GO:0039707;GO:0005524;GO:0016021;GO:0039547;GO:0039545;GO:0005216;GO:0017124;GO:0003724;GO:0003968;GO:0039654;GO:0044385;GO:0020002;GO:0055036;GO:0051259;GO:0019087;GO:0019013;GO:0039563;GO:0044167;GO:0008270;GO:0039520;GO:0044191;GO:0019062;GO:0004252
P21414	GO:0019068;GO:0004190;GO:0015074;GO:0020002;GO:0003964;GO:0003887;GO:0003677;GO:0004523;GO:0019013;GO:0006310;GO:0016020;GO:0044185;GO:0008270;GO:0044826;GO:0003723;GO:0046718;GO:0072494;GO:0075713;GO:0039660
O65639	GO:0003697;GO:0010501;GO:0005634;GO:0009409;GO:0005737;GO:0003723;GO:0009631;GO:0032508;GO:0009651;GO:0009414;GO:0003729;GO:0005886;GO:0008270;GO:0003690
C6BSL8	GO:0006096;GO:0005576;GO:0009986;GO:0000015;GO:0004634;GO:0000287
E9Q355	GO:0097228;GO:0036128;GO:0031514
Q5NVT2	GO:0003677;GO:0005634;GO:0046872
Q5RDC8	GO:0065002;GO:0031340;GO:0005509;GO:0010828;GO:0032587;GO:0032869;GO:0038028;GO:0005938;GO:0005886;GO:0090314;GO:0030659;GO:0005544
Q7MWS5	GO:0065002;GO:0006605;GO:0005737;GO:0005886;GO:0017038;GO:0005524;GO:0046872
A2RCV7	GO:0030956;GO:0016787;GO:0050567;GO:0005524;GO:0006412
B2RKT2	GO:0065002;GO:0006605;GO:0005737;GO:0005886;GO:0017038;GO:0005524;GO:0046872
A1DJS5	GO:0045493;GO:0005576;GO:0009044
Q19673	GO:0033162;GO:0005507;GO:0016716;GO:0042438
Q3U214	GO:0018105;GO:0035556;GO:0005524;GO:0007010;GO:0000287;GO:0004674
B2UKT9	GO:0051539;GO:0046429;GO:0019288;GO:0005506;GO:0016114
Q5FIP3	GO:0004823;GO:0006429;GO:0002161;GO:0005737;GO:0005524
Q05AA6	GO:0098978;GO:0007417;GO:0099536;GO:0005886;GO:0016020;GO:0030425;GO:0008270;GO:0050808;GO:0014069;GO:0043204
P30299	GO:0009401;GO:0005737;GO:0016301;GO:0046872;GO:0008965
P03359	GO:0019068;GO:0004190;GO:0015074;GO:0020002;GO:0003964;GO:0003887;GO:0003677;GO:0004523;GO:0019013;GO:0006310;GO:0016020;GO:0044185;GO:0008270;GO:0044826;GO:0003723;GO:0046718;GO:0072494;GO:0075713;GO:0039660
Q8K394	GO:0002337;GO:0032228;GO:0050859;GO:1900122;GO:0004435;GO:0006629;GO:0120163;GO:0002322;GO:0005737;GO:0007214;GO:0033135;GO:0050811;GO:0070679;GO:0048015
M7U9B9	GO:0000407;GO:0006914;GO:0008641;GO:0015031
Q99U54	GO:0009405;GO:0005886;GO:0016021
Q8CFG9	GO:0042802;GO:0005509;GO:0072562;GO:0031638;GO:0005615;GO:0006958;GO:0045087;GO:0004252
B9DVB7	GO:0005525;GO:0003924;GO:0005737;GO:0003743
Q86YS7	GO:0065002;GO:0031340;GO:0005509;GO:0010828;GO:0032587;GO:0032869;GO:0038028;GO:0090314;GO:0046326;GO:0005938;GO:0005886;GO:0006906;GO:0034451;GO:0005829;GO:0030659;GO:0072659;GO:0005544
P59598	GO:0048538;GO:0060348;GO:0005634;GO:0060430;GO:0030097;GO:0035522;GO:0048534;GO:0048872;GO:0045599;GO:0048386;GO:0042974;GO:0003682;GO:0048539;GO:0000902;GO:0042975;GO:0009887;GO:0035517;GO:0072015;GO:0035564;GO:0032526;GO:0010888;GO:0045944;GO:0006351;GO:0003007;GO:0003677;GO:0003713;GO:0035359;GO:0046872
Q48RQ4	GO:0030956;GO:0016787;GO:0050567;GO:0005524;GO:0006412
Q8NZM0	GO:0030956;GO:0016787;GO:0050567;GO:0005524;GO:0006412
Q0I9J4	GO:0051539;GO:0046429;GO:0019288;GO:0005506;GO:0016114
A4XKV0	GO:0006096;GO:0005576;GO:0009986;GO:0000015;GO:0004634;GO:0000287
P06444	GO:0039702;GO:0019012;GO:0039660
B0Z4U1	GO:0006397;GO:0008380;GO:0008033;GO:0003723;GO:0009507
A7HXW7	GO:0006096;GO:0005576;GO:0009986;GO:0000015;GO:0004634;GO:0000287
P46020	GO:0005964;GO:0005516;GO:0004689;GO:0005886;GO:0005977;GO:0006091;GO:0005829;GO:0005980
Q3AXP3	GO:0051539;GO:0046429;GO:0019288;GO:0005506;GO:0016114
Q2HJG5	GO:0032463;GO:1990126;GO:0090326;GO:0098978;GO:0005739;GO:1902823;GO:0030904;GO:0010008;GO:0045056;GO:0030906;GO:0090263;GO:0050728;GO:0098887;GO:0031648;GO:0010629;GO:0099073;GO:2000331;GO:0090141;GO:0043025;GO:1903828;GO:0097422;GO:0005829;GO:0005770;GO:0010628;GO:0007040;GO:0031748;GO:0043653;GO:0060161;GO:0099074;GO:0005764;GO:0061357;GO:0050882;GO:0098793;GO:0043005;GO:1901215;GO:0014069;GO:0048471;GO:0042147;GO:0005769;GO:0005768;GO:0036010;GO:1903364;GO:1905166;GO:1903181;GO:1902950;GO:0006886;GO:0099003
Q30X05	GO:0003677;GO:0006351;GO:0032549;GO:0003899
Q8YPT0	GO:0005737;GO:0004820;GO:0005524;GO:0006426
P81282	GO:0001501;GO:0005509;GO:0030246;GO:0007417;GO:0007155;GO:0031012;GO:0001750;GO:0033165;GO:0005540
Q7SDM3	GO:0007015;GO:0031982;GO:0042995;GO:0051286;GO:0098858;GO:0030898;GO:0030050;GO:0000146;GO:0030479;GO:0005737;GO:0005886;GO:0005524;GO:0051015;GO:0005902;GO:0015629;GO:0006897;GO:0016459
Q9CEL9	GO:0009380;GO:0016887;GO:0009432;GO:0003677;GO:0006289;GO:0005737;GO:0009381;GO:0008270;GO:0005524
Q99IB8	GO:0042802;GO:1901397;GO:0039694;GO:0039614;GO:0039502;GO:0042025;GO:0004197;GO:0019031;GO:0005160;GO:0039645;GO:0075512;GO:0002223;GO:1902902;GO:1903215;GO:0005198;GO:0003723;GO:1903147;GO:0044186;GO:0044220;GO:0039707;GO:0005524;GO:0016021;GO:0039547;GO:0039653;GO:0039545;GO:0005216;GO:0010507;GO:0034156;GO:0017124;GO:0003724;GO:0031625;GO:0003968;GO:0039654;GO:1903637;GO:0052064;GO:0044385;GO:0020002;GO:0032967;GO:0034136;GO:0044165;GO:0030430;GO:0032715;GO:0055036;GO:0032914;GO:0034144;GO:0051259;GO:0019087;GO:0019013;GO:0039563;GO:0044167;GO:0008270;GO:0039520;GO:0044191;GO:0031397;GO:0019062;GO:0004252;GO:0034164
O60307	GO:0018105;GO:0035556;GO:0005524;GO:0007010;GO:0000287;GO:0004674
A0A2Y9HKB5	GO:0008289;GO:0034364;GO:0006869;GO:0042627;GO:0042157
P35417	GO:0030016;GO:0003774;GO:0016459;GO:0032982
A7Z750	GO:0003676;GO:0004815;GO:0050560;GO:0005737;GO:0006422;GO:0005524
O43065	GO:0008094;GO:0016251;GO:0005634;GO:0016887;GO:0003677;GO:0005524;GO:0004386;GO:0006367
A0A0E4AZP0	GO:0016874;GO:0016491;GO:0032259;GO:0006633;GO:0008168;GO:0004315;GO:0031177
Q73HQ2	GO:0006096;GO:0005576;GO:0009986;GO:0000015;GO:0004634;GO:0000287
Q32ZE0	GO:0039694;GO:0003725;GO:0039502;GO:0042025;GO:0019031;GO:0039564;GO:0004483;GO:0075512;GO:0005198;GO:0005576;GO:0044220;GO:0004482;GO:0005524;GO:0016021;GO:0019028;GO:0003724;GO:0003968;GO:0039654;GO:0055036;GO:0046983;GO:0039563;GO:0044167;GO:0046872;GO:0039520;GO:0019062;GO:0004252
Q12053	GO:0042802;GO:0016788;GO:0045122;GO:0102973;GO:0031177
Q811M1	GO:0008360;GO:0043087;GO:0007165;GO:0005737;GO:0016020;GO:0005096
Q6FW77	GO:0045131;GO:0008270;GO:0000398;GO:0005829;GO:0000243
Q128E4	GO:0006096;GO:0005576;GO:0009986;GO:0000015;GO:0004634;GO:0000287
P08722	GO:0015771;GO:0009401;GO:0090563;GO:0005886;GO:0016301;GO:0090589;GO:0016021;GO:0008982;GO:0034219
Q60348	GO:0016539;GO:0004519
G2XR75	GO:0000407;GO:0006914;GO:0008641;GO:0015031
B7IFN4	GO:0006096;GO:0005576;GO:0009986;GO:0000015;GO:0004634;GO:0000287
P46875	GO:0005871;GO:0003777;GO:0008017;GO:0051225;GO:0005874;GO:0016887;GO:0005737;GO:0005524;GO:0007018
A6RSH5	GO:0005730;GO:0003724;GO:0006364;GO:0005524;GO:0003723
Q5XAC7	GO:0030956;GO:0016787;GO:0050567;GO:0005524;GO:0006412
B2TPW4	GO:0006096;GO:0005576;GO:0009986;GO:0000015;GO:0004634;GO:0000287
Q93HU3	GO:0102752;GO:0003844;GO:0043169;GO:0005978;GO:0004553
C0R5N4	GO:0006096;GO:0005576;GO:0009986;GO:0000015;GO:0004634;GO:0000287
I1RN14	GO:0008152;GO:0016874;GO:0031177
Q8UFH1	GO:0006096;GO:0005576;GO:0009986;GO:0000015;GO:0004634;GO:0000287
Q1J569	GO:0030956;GO:0016787;GO:0050567;GO:0005524;GO:0006412
A7X2C3	GO:0009405;GO:0005886;GO:0016021
Q6ZNL6	GO:0005085;GO:0005769;GO:0008360;GO:0046872;GO:0032587;GO:0043087;GO:0046847;GO:0001726;GO:0005737;GO:0005856;GO:0005794;GO:0005886;GO:0005783;GO:0007010;GO:0030027;GO:0005089;GO:0030036;GO:0031267
P18688	GO:0005516;GO:0005886;GO:0005977
Q9R0C8	GO:0045785;GO:0005737;GO:0007229;GO:0006974;GO:0007264;GO:0030593;GO:0001525;GO:0043552;GO:0050853;GO:0043087;GO:0001772;GO:0005886;GO:0030031;GO:0030676;GO:0005085;GO:0005154;GO:0030890;GO:0006906;GO:0005089;GO:0030032;GO:0008361;GO:0016477;GO:0042493;GO:0046872
B4HLH4	GO:0060213;GO:0043186;GO:0006342;GO:0007283;GO:0003676;GO:0005634;GO:0008298;GO:0030423;GO:0030720;GO:0046843;GO:0000335;GO:0030717;GO:0003724;GO:0007076;GO:0007294;GO:0001556;GO:0009949;GO:0009951;GO:0005524;GO:0007317
A1L2T6	GO:0003676;GO:0005730;GO:0008270
P23780	GO:0044262;GO:0004565;GO:0051413;GO:0016787;GO:0005764;GO:0016936;GO:0005737;GO:0019388;GO:0005794;GO:0042803;GO:0005615;GO:0043231;GO:0005773;GO:1904016
Q3SRK4	GO:0006096;GO:0005576;GO:0009986;GO:0000015;GO:0004634;GO:0000287
Q80YR6	GO:0042802;GO:0000082;GO:0051301;GO:0001103;GO:0005654;GO:0003684;GO:0010792;GO:0000724;GO:0043231;GO:0000014;GO:0032355;GO:0003690;GO:0003697;GO:0003714;GO:0001835;GO:0000403;GO:0070336;GO:0035861;GO:0017053;GO:0000406;GO:0051321
Q8IWT3	GO:0006511;GO:0016567;GO:0046872;GO:0016740;GO:0007088;GO:0005524;GO:0031625;GO:0005829;GO:0043687;GO:0031461;GO:0000226
P54125	GO:0004222;GO:0046872
A3KNA5	
B0Z525	GO:0006397;GO:0008380;GO:0008033;GO:0003723;GO:0009507
Q8T305	GO:0030016;GO:0003774;GO:0016459;GO:0032982
Q7V7G9	GO:0051539;GO:0046429;GO:0019288;GO:0005506;GO:0016114
Q2JN71	GO:0055129;GO:0004350;GO:0005737;GO:0050661
C0MDY5	GO:0005525;GO:0003924;GO:0005737;GO:0003743
Q62018	GO:0001832;GO:0051571;GO:0070102;GO:0005634;GO:0005654;GO:0000122;GO:0007259;GO:0051569;GO:0006355;GO:0016055;GO:0033523;GO:2001162;GO:0001826;GO:0006368;GO:1900364;GO:0016607;GO:0045638;GO:2001168;GO:0001711;GO:0071222;GO:0080182;GO:0001835;GO:0010390;GO:2000653;GO:0000993;GO:0042169;GO:0019827;GO:0016593;GO:0035327;GO:0001829
P03353	GO:0004190;GO:0003676;GO:0019013;GO:0008270;GO:0039657;GO:0005198
P03323	GO:0039702;GO:0019012;GO:0039660
Q68EI0	GO:0007368;GO:0005730;GO:0030174;GO:0070121;GO:0005656;GO:0006364;GO:0097344
Q9EQH3	GO:0032463;GO:1990126;GO:0090326;GO:0098978;GO:0005739;GO:1902823;GO:0030904;GO:0005737;GO:0010008;GO:0045056;GO:0030906;GO:0010821;GO:0090263;GO:0045202;GO:0050728;GO:0098887;GO:0099639;GO:0031648;GO:0010629;GO:0099073;GO:2000331;GO:0090141;GO:0043025;GO:1903828;GO:0097422;GO:0031647;GO:0016021;GO:0060548;GO:0005829;GO:0005770;GO:0010628;GO:0007040;GO:0031748;GO:0043653;GO:0060161;GO:0032268;GO:0099074;GO:0005764;GO:0061357;GO:0050882;GO:0098793;GO:0043005;GO:1901215;GO:0014069;GO:0048471;GO:0033365;GO:0042147;GO:0005769;GO:0005768;GO:0036010;GO:1903364;GO:1905166;GO:1903181;GO:1902950;GO:0006886;GO:0006624;GO:0099003
Q1AU22	GO:0003677;GO:0006351;GO:0032549;GO:0003899
Q7TPS5	GO:0065002;GO:0031340;GO:0005509;GO:0010828;GO:0032587;GO:0032869;GO:0038028;GO:0090314;GO:0046326;GO:0005938;GO:0005886;GO:0006906;GO:0034451;GO:0005829;GO:0030659;GO:0072659;GO:0005544
A5ISW6	GO:0009405;GO:0005886;GO:0016021
Q9EPA0	GO:0098978;GO:0007417;GO:0099536;GO:0005886;GO:0016020;GO:0030425;GO:0008270;GO:0050808;GO:0014069;GO:0043204
Q822V6	GO:0006541;GO:0003922;GO:0005524;GO:0016462
Q4P6L3	GO:0000139;GO:0031901;GO:0019706;GO:0016021;GO:0016409;GO:0018345
P30153	GO:0030155;GO:0098978;GO:0005739;GO:0000184;GO:0005634;GO:0006275;GO:0016328;GO:0005737;GO:0007059;GO:0097711;GO:0006355;GO:0046982;GO:0051232;GO:0004722;GO:0019932;GO:0045595;GO:0040008;GO:0007143;GO:0006672;GO:0065003;GO:0007084;GO:0070262;GO:0051754;GO:1990405;GO:0000188;GO:0016020;GO:0030425;GO:1903538;GO:0000159;GO:0030111;GO:0005829;GO:2001241;GO:0015630;GO:0070062;GO:0008380;GO:0000086;GO:0006470;GO:0030308;GO:0010033;GO:0010389;GO:0006915;GO:0051306;GO:0042532;GO:0008287;GO:0000775;GO:0019888
Q96QK1	GO:0032463;GO:1990126;GO:0090326;GO:0098978;GO:1902823;GO:0030904;GO:0010008;GO:0045056;GO:0030906;GO:0010821;GO:0090263;GO:0005765;GO:0050728;GO:0098887;GO:0016055;GO:0099639;GO:0031648;GO:0010629;GO:0016032;GO:0099073;GO:0090141;GO:2000331;GO:0043025;GO:1903828;GO:0097422;GO:0031647;GO:0060548;GO:0005829;GO:0005770;GO:0010628;GO:0007040;GO:0031748;GO:0043653;GO:0016241;GO:0060161;GO:0070062;GO:0032268;GO:0099074;GO:0005764;GO:0061357;GO:0050882;GO:0098793;GO:0043005;GO:1901215;GO:0014069;GO:0048471;GO:0042147;GO:0005769;GO:0005768;GO:0036010;GO:1903364;GO:1905606;GO:1905166;GO:1903181;GO:1902950;GO:0006886;GO:0099003
A7U6F2	GO:0006260;GO:0003887;GO:0003677;GO:0000166;GO:0039693
B0Z4K7	GO:0006397;GO:0008380;GO:0008033;GO:0003723;GO:0009507
P38795	GO:0004359;GO:0003952;GO:0005634;GO:0005737;GO:0005524;GO:0009435
Q7Z6J4	GO:0005634;GO:0001726;GO:0005737;GO:0005856;GO:0005794;GO:0030027;GO:0008360;GO:0043087;GO:0043065;GO:0030036;GO:0051056;GO:0007010;GO:0046847;GO:0005829;GO:0007186;GO:0031267;GO:0005085;GO:1901981;GO:0032587;GO:0043507;GO:0031901;GO:0005089;GO:0046872
Q8NZU7	GO:0005525;GO:0003924;GO:0005737;GO:0003743
A5CC93	GO:0003677;GO:0006351;GO:0032549;GO:0003899
O51568	GO:0005737;GO:0005524;GO:0006355;GO:0004386;GO:0003684;GO:0000716
Q6N5U6	GO:0006096;GO:0005576;GO:0009986;GO:0000015;GO:0004634;GO:0000287
Q802D3	GO:0005643;GO:0005737;GO:0006611;GO:0005049
Q3BDI7	GO:0045295;GO:0005509;GO:0030057;GO:0098609;GO:0007156;GO:0005886;GO:0016021;GO:0005911
B7GPV4	GO:0006281;GO:0046872;GO:0003911;GO:0006260
A8DYE2	GO:0055069;GO:0072509;GO:0005261;GO:0051262;GO:0097682;GO:0034703;GO:0005385;GO:0070838;GO:0098655;GO:0005887;GO:0010960
A8MBV9	GO:0005525;GO:0003924;GO:0003743
Q1R0I2	GO:0003677;GO:0006351;GO:0032549;GO:0003899
Q9UPM8	GO:0008104;GO:0031904;GO:0006605;GO:0140312;GO:0030124;GO:0032588;GO:0006898
Q7XD96	GO:0030422;GO:0005634;GO:0005737;GO:0004386;GO:0005524;GO:0046872;GO:0003723;GO:0004525
B7ZWR6	GO:0005789;GO:0046967;GO:0009536;GO:0009707;GO:0016021;GO:0005829;GO:0015031
Q8IY17	GO:0004622;GO:0005789;GO:0046475;GO:0102545;GO:0016020;GO:0005783;GO:0016021;GO:0046470
Q6PD62	GO:0001832;GO:0051571;GO:0070102;GO:0005654;GO:0000122;GO:0007259;GO:0051569;GO:0006355;GO:0016567;GO:0016055;GO:0033523;GO:2001162;GO:0001826;GO:0006368;GO:1900364;GO:0016607;GO:0045638;GO:2001168;GO:0001711;GO:0071222;GO:0080182;GO:0001835;GO:0010390;GO:2000653;GO:0006366;GO:0000993;GO:0042169;GO:0019827;GO:0016593;GO:0035327;GO:0001829
B1HR05	GO:0005525;GO:0003924;GO:0005737;GO:0003743
Q4HZ42	GO:0005730;GO:0003724;GO:0006364;GO:0005524;GO:0003723
B0TL90	GO:0008964;GO:0015977;GO:0006107;GO:0006099;GO:0000287
B4U1E8	GO:0005525;GO:0003924;GO:0005737;GO:0003743
Q751D2	GO:0000411;GO:0016592;GO:0003713;GO:0000122;GO:0045944
Q44458	GO:0006935;GO:0005886;GO:0071973;GO:0009425;GO:0003774
Q3YSI0	GO:0051539;GO:0016830;GO:0009229;GO:0009228;GO:0008270
Q1JA74	GO:0030956;GO:0016787;GO:0050567;GO:0005524;GO:0006412
Q5KVE7	GO:0006096;GO:0005576;GO:0009986;GO:0000015;GO:0004634;GO:0000287
E2IUB0	GO:0016104;GO:0000250;GO:0042300;GO:0016871;GO:0016021;GO:0006694;GO:0005811
Q9X519	GO:0006007;GO:0006096;GO:0030435;GO:0005737;GO:0043937;GO:0030145;GO:0046537
P05690	GO:0045735;GO:0005319;GO:0005576;GO:0031983;GO:0031410;GO:0042718
Q756L3	GO:0005634;GO:0005737;GO:0005816
Q9VCA8	GO:0045214;GO:0007005;GO:0005634;GO:0019901;GO:0090575;GO:0005737;GO:0030018;GO:0007169;GO:1903147;GO:0003723;GO:0045944;GO:0090212;GO:0046427;GO:0060361;GO:0046843;GO:0045874;GO:0031430;GO:0001751;GO:0005829
P22168	GO:0039694;GO:0006351;GO:0006396;GO:0003968;GO:0003724;GO:0008174;GO:0005524;GO:0003723
C5CXY9	GO:0065002;GO:0006605;GO:0005737;GO:0005886;GO:0017038;GO:0005524;GO:0046872
Q5VZK9	GO:0031941;GO:0005654;GO:0030027;GO:0030838;GO:0051496;GO:0031529;GO:1900026;GO:0044351;GO:0005886;GO:0016607;GO:0005829;GO:0044354;GO:0007015;GO:0070062;GO:0031252;GO:1902745;GO:0051639;GO:0046415;GO:0030335;GO:0007596;GO:2000813;GO:0030032;GO:0044877;GO:0016477;GO:0051638
G4N2B5	GO:0016887;GO:0042626;GO:0000329;GO:0005524;GO:0016021;GO:0010038;GO:1990961
Q86YJ7	GO:0005769;GO:0005737;GO:0005886;GO:0140036;GO:0043231;GO:0002091;GO:0048471;GO:0005770
Q7YTU4	GO:0005789;GO:0034976;GO:0003756;GO:0015035;GO:0034975;GO:0016671
Q98H33	GO:0042597;GO:0008643
G5E869	GO:0005634;GO:0003677;GO:0046872;GO:0045944;GO:0010468
C1CXR4	GO:0006526;GO:0044205;GO:0005524;GO:0046872;GO:0004088
Q2HEK0	GO:0003924;GO:0005739;GO:0003746;GO:0070125;GO:0005525
G7XQ31	GO:0016874;GO:0031177
A5V1W3	GO:0004823;GO:0006429;GO:0002161;GO:0005737;GO:0005524
Q5PAE9	GO:0006007;GO:0006096;GO:0005737;GO:0030145;GO:0046537
P27870	GO:0045785;GO:0007229;GO:0005911;GO:0007264;GO:0030593;GO:0042110;GO:0006955;GO:0043087;GO:0005088;GO:0140031;GO:0072593;GO:0005829;GO:0043547;GO:0030676;GO:0007186;GO:0005085;GO:0006909;GO:0035556;GO:0005089;GO:0001784;GO:0045954;GO:0008361;GO:0046872;GO:0030217
G4MWA7	GO:0016491;GO:0071949
Q6AYC5	GO:0008360;GO:0043087;GO:0007165;GO:0005737;GO:0016020;GO:0005096
Q96ME1	GO:0019005;GO:0031146;GO:0000209;GO:0005829;GO:0043687
A9VT50	GO:0005525;GO:0003924;GO:0005737;GO:0003743
Q76HN1	GO:0050501;GO:0050679;GO:0071356;GO:0030212;GO:0045785;GO:0005737;GO:0060272;GO:0031410;GO:0010634;GO:0044344;GO:0046718;GO:0036117;GO:0030214;GO:0004415;GO:0030307;GO:0000302;GO:0036120;GO:0051216;GO:0008134;GO:1900087;GO:0046677;GO:0030213;GO:0005764;GO:0006954;GO:0009615;GO:0071493;GO:0045927;GO:0030308;GO:0005975;GO:0071347;GO:0071467;GO:0005615;GO:1900106;GO:0045766
Q04GN0	GO:0005525;GO:0003924;GO:0005737;GO:0003743
P29934	GO:0006779;GO:0009236;GO:0005737;GO:0005524;GO:0051116
D3ZZL9	GO:0042147;GO:0042802;GO:0070861;GO:0031023;GO:0090161;GO:0005802;GO:0006622;GO:0034499;GO:0005654;GO:0016020;GO:0005794;GO:0034453;GO:0034067;GO:0005829;GO:0071955
Q6P5D4	GO:0005813;GO:0007099;GO:1904951;GO:0010457;GO:0005737;GO:0008022;GO:0005814;GO:1902857
P93431	GO:0016887;GO:0009579;GO:0009570;GO:0005524;GO:0046863
Q9TLT1	GO:0006457;GO:0051082;GO:0009507;GO:0005524
Q5P7S1	GO:0008152;GO:0047388;GO:0008882;GO:0000820;GO:0005524;GO:0000287
P21416	GO:0039702;GO:0020002;GO:0044185;GO:0019013;GO:0016020;GO:0008270;GO:0003723;GO:0072494;GO:0039660
Q28758	GO:0008289;GO:0034364;GO:0006869;GO:0042627;GO:0042157
P03363	GO:0004190;GO:0015074;GO:0003964;GO:0003887;GO:0003677;GO:0004523;GO:0019013;GO:0006310;GO:0044826;GO:0008270;GO:0039657;GO:0005198;GO:0046718;GO:0075713
Q887D0	GO:0009405;GO:0005576;GO:0016020;GO:0033644
B4JZG8	GO:0000466;GO:0000463;GO:0005730;GO:0043021;GO:0005654;GO:0030687
Q8BKW4	GO:0003676;GO:0005730;GO:0005737;GO:0008988;GO:0031167;GO:1904047;GO:0008270;GO:0045727
P67600	GO:0002161;GO:0005737;GO:0004832;GO:0005524;GO:0006438
P57972	GO:0003684;GO:0030983;GO:0005524;GO:0006298
P03330	GO:0039702;GO:0020002;GO:0044185;GO:0019013;GO:0016020;GO:0008270;GO:0003723;GO:0072494;GO:0039660
P27909	GO:0039694;GO:0003725;GO:0039502;GO:0042025;GO:0019031;GO:0039564;GO:0004483;GO:0075512;GO:0005198;GO:0005576;GO:0004482;GO:0039707;GO:0005524;GO:0016021;GO:0019028;GO:0039545;GO:0005216;GO:0003724;GO:0033650;GO:0003968;GO:0039654;GO:0044385;GO:0039574;GO:0055036;GO:0051259;GO:0046983;GO:0044167;GO:0046872;GO:0039520;GO:0019062;GO:0004252
Q54K81	GO:0031589;GO:0040011;GO:0031143;GO:0051017;GO:0005547;GO:0140220;GO:0005737;GO:0005856;GO:0048102;GO:0098609;GO:0048870;GO:0005938;GO:0030587;GO:0005886;GO:0051015;GO:0031252
P47429	GO:0006518;GO:0006508;GO:0004222;GO:0046872
Q11HU8	GO:0006096;GO:0005576;GO:0009986;GO:0000015;GO:0004634;GO:0000287
A0LCX0	GO:0065002;GO:0006605;GO:0005737;GO:0005886;GO:0017038;GO:0005524;GO:0046872
G2JZ44	GO:0031460;GO:0016887;GO:0015418;GO:0016020;GO:0005524
Q9VNL4	GO:0015035;GO:0009055
B5XHV3	GO:0005525;GO:0003924;GO:0005737;GO:0003743
Q7TME2	GO:0000777;GO:0005819;GO:0008017;GO:0051301;GO:0051294;GO:0071539;GO:0030496;GO:0032388;GO:0097431;GO:0035371;GO:0000070;GO:0005737;GO:0007059;GO:0034451;GO:0051988;GO:1905832;GO:0072686;GO:0000776;GO:0090235;GO:0007051
B5MCY1	
C5D7M1	GO:0006096;GO:0005576;GO:0009986;GO:0000015;GO:0004634;GO:0000287
Q66IH9	GO:0003676;GO:0005730;GO:0005737;GO:0008988;GO:0031167;GO:1904047;GO:0008270;GO:0045727
Q5IS45	GO:0038023;GO:0043197;GO:0098839;GO:0060079;GO:0022849;GO:0097553;GO:0005886;GO:0008270;GO:0004972;GO:0014069;GO:0030659;GO:0015276;GO:0005887;GO:0060291;GO:0017146
P0DB84	GO:0005525;GO:0003924;GO:0005737;GO:0003743
Q1JAC1	GO:0005525;GO:0003924;GO:0005737;GO:0003743
B3LIS9	GO:0032008;GO:0005773;GO:0046872
C5DGB6	GO:0006656;GO:0005789;GO:0032259;GO:0016021;GO:0004608
Q4W944	GO:0009405;GO:1900602;GO:0019748;GO:0016746
A6VJZ5	GO:0043039;GO:0043816;GO:0000049;GO:0005524;GO:0006412
O49809	GO:0009514;GO:0004165;GO:0018812;GO:0006635;GO:0003857;GO:0004300;GO:0008692
P35418	GO:0005576;GO:0030016;GO:0032982;GO:0003774;GO:0016459
Q2GT28	GO:0051301;GO:0005874;GO:0000922;GO:0005875;GO:0070840;GO:0000132;GO:0005737;GO:0051012
A7GRE3	GO:0005525;GO:0003924;GO:0005737;GO:0003743
Q8U477	GO:0006096;GO:0005576;GO:0009986;GO:0000015;GO:0004634;GO:0000287
A0A4P8GHJ1	GO:0032259;GO:0006633;GO:0008168;GO:0004315;GO:0016114;GO:0031177
Q08281	GO:1904263;GO:0097042;GO:0035859;GO:0046872;GO:0005829;GO:0000324;GO:0015031
C7GV13	GO:0032008;GO:0005773;GO:0046872
Q5H432	GO:0034605;GO:0004176;GO:0043565;GO:0005737;GO:0005524;GO:0006515;GO:0004252
B4NBB0	GO:0007283;GO:0003676;GO:0003724;GO:0005737;GO:0048477;GO:0007275;GO:0005524;GO:0031047;GO:0051321
Q75JI3	GO:0030659;GO:0048211;GO:0006909;GO:0006935;GO:0016887;GO:0009306;GO:0048870;GO:0043001;GO:0016020;GO:0010008;GO:0005524;GO:0046872;GO:0005795;GO:0035494;GO:0006897;GO:0006891
P55162	GO:0007520;GO:0031209;GO:0008360;GO:0030866;GO:0000902;GO:0001764;GO:0031594;GO:0033627;GO:0050807;GO:0007417;GO:0008407;GO:0016021;GO:0016477;GO:0005886;GO:0007528;GO:0030036;GO:0007010;GO:0030031;GO:0048812;GO:0007409
P50635	GO:0102487;GO:0016788;GO:0005576;GO:0009166;GO:0102488;GO:0102491;GO:0102490;GO:0102489;GO:0102485;GO:0005524;GO:0046872;GO:0102486
A6ZN74	GO:0032008;GO:0005773;GO:0046872
Q22706	GO:0016192;GO:0006893;GO:0000145;GO:0006887;GO:0015031
A4RD35	GO:0005789;GO:0006888;GO:0015031;GO:0012507
A9BP81	GO:0065002;GO:0006605;GO:0005737;GO:0005886;GO:0017038;GO:0005524;GO:0046872
Q9LQ02	GO:0010495;GO:0006351;GO:0030422;GO:0005634;GO:0003899;GO:0005666;GO:0003677;GO:0005654;GO:0000418;GO:0046872;GO:0031047
B0Y1M7	GO:0102545;GO:0004622;GO:0009395
A9IMT5	GO:0005525;GO:0003924;GO:0005737;GO:0003743
O67803	GO:0005198;GO:0009420;GO:0005576;GO:0071973
Q8N823	GO:0000978;GO:0006357;GO:0005634;GO:0000981;GO:0046872
O42395	GO:0003727;GO:0003729;GO:0003677;GO:0005737;GO:0005783;GO:0008270;GO:2000767;GO:0045182
A5WG13	GO:0006096;GO:0005576;GO:0009986;GO:0000015;GO:0004634;GO:0000287
Q9HG01	GO:0016787;GO:0006986;GO:0005788;GO:0005524
Q9LXJ6	
P53996	GO:0003697;GO:0001227;GO:0005634;GO:0003727;GO:0008284;GO:0005737;GO:0000122;GO:0005783;GO:0000977;GO:0045182;GO:0045893;GO:0045944;GO:0051880;GO:0071919;GO:0003729;GO:0008270;GO:2000767;GO:0005829
Q822W6	GO:0000287;GO:0000162;GO:0004048
C1GTX5	GO:0030956;GO:0005739;GO:0050567;GO:0070681;GO:0005524;GO:0032543
A7E2Y6	
Q1J5B4	GO:0005525;GO:0003924;GO:0005737;GO:0003743
Q9VEU1	GO:0007156;GO:0005509;GO:0005887;GO:0016339;GO:0098609;GO:0044331
S4W172	GO:0016874;GO:0016491;GO:0032259;GO:0006633;GO:0008168;GO:0004315;GO:0031177
C0M8P7	GO:0005525;GO:0003924;GO:0005737;GO:0003743
Q6DD45	GO:0003676;GO:0005654;GO:0034470;GO:0008270
F4I0P8	GO:0042147;GO:0030904;GO:0006886;GO:0005794;GO:0030906;GO:0005829;GO:0005770;GO:0031902
Q6FJV0	GO:0102752;GO:0003844;GO:0043169;GO:0005978;GO:0004553
Q9H8H2	GO:0005634;GO:0005730;GO:0003724;GO:0005794;GO:0005524;GO:0003723;GO:0043231;GO:0042254
A2RD01	GO:0005525;GO:0003924;GO:0005737;GO:0003743
Q7P1U7	GO:0004056;GO:0005737;GO:0042450
A5PLL1	GO:0005634;GO:0005737
P16424	GO:0003676;GO:0008270
K3VDP2	GO:0016853;GO:0016874;GO:0031177
Q4FNP9	GO:0006457;GO:0051082;GO:0005524
O14408	GO:0005524;GO:0005516;GO:0004683
O23530	GO:0042742;GO:0009733;GO:0005634;GO:0050135;GO:0061809;GO:0005737;GO:0043231;GO:0005524;GO:0005783;GO:0000166;GO:0005829;GO:0009862;GO:0043531
A8Y9I2	GO:0016702;GO:0004497;GO:0042572;GO:0046872
Q0AKF5	GO:0004823;GO:0006429;GO:0002161;GO:0005737;GO:0005524
Q6FVC6	GO:0000002;GO:0005739;GO:2000234;GO:0006397;GO:0016072;GO:0008380;GO:0000963;GO:0019843
Q96SI9	GO:0007638;GO:0003725;GO:0007286;GO:0008017;GO:0005634;GO:0003727;GO:0003677;GO:0005737;GO:0007275;GO:0002177;GO:0003723
O13465	GO:0009039;GO:0016151;GO:0043419
Q5KVE6	GO:0006007;GO:0006096;GO:0005737;GO:0030145;GO:0046537
D4AU56	GO:0016874;GO:0031177
Q9NZV7	GO:0006357;GO:0001227;GO:0000790;GO:0000981;GO:0000122;GO:0008270;GO:0006355;GO:0000977
Q147U1	GO:0006357;GO:0001227;GO:0000790;GO:0000981;GO:0000122;GO:0046872;GO:0000977
Q9Z8M1	GO:0005525;GO:0003924;GO:0005737;GO:0003743
Q3T0Q6	GO:0001227;GO:0005634;GO:0003727;GO:0008284;GO:0005737;GO:0005783;GO:0000977;GO:0045182;GO:0045944;GO:0051880;GO:0071919;GO:0003729;GO:0008270;GO:2000767;GO:0005829
Q811L6	GO:0018105;GO:0035556;GO:0005737;GO:0005524;GO:0007010;GO:0000287;GO:0004674
A0Q7N3	GO:0006433;GO:0002161;GO:0005737;GO:0005524;GO:0004827
Q11YS6	GO:0003684;GO:0030983;GO:0005524;GO:0006298
P62633	GO:0003697;GO:0005634;GO:0003727;GO:0008284;GO:0005737;GO:0000122;GO:0005783;GO:0006355;GO:0003723;GO:0042632;GO:0045182;GO:0045893;GO:0045944;GO:0051880;GO:0071919;GO:0003729;GO:0008270;GO:2000767;GO:0005829
Q5R6Y5	GO:0007283;GO:0003677;GO:0005737;GO:0007275;GO:0003723;GO:0030154
Q6GMN2	GO:0042802;GO:2000251;GO:0048167;GO:0030165;GO:0098978;GO:0007420;GO:0061845;GO:0050804;GO:0005654;GO:0001726;GO:0030141;GO:0043198;GO:0005794;GO:0032956;GO:0070064;GO:0071364;GO:0097060;GO:0015629;GO:0030838;GO:0010976;GO:0008360;GO:0061003;GO:0005791;GO:0016358;GO:0030175;GO:0001221;GO:0043025;GO:0099524;GO:0005886;GO:0061846;GO:0005829;GO:0099564;GO:0043197;GO:0097110;GO:0008093;GO:0051017;GO:0098793;GO:0098685;GO:0043005;GO:0014069;GO:0060076;GO:0099523;GO:0007009;GO:2000463;GO:0044306;GO:0030182;GO:0005874;GO:1905232;GO:0098794;GO:0009617;GO:0051764;GO:0035418
P96591	GO:0000287;GO:0030976;GO:0003824
Q65JI1	GO:0005525;GO:0003924;GO:0005737;GO:0003743
E3VWJ9	GO:0004497;GO:0055114;GO:1901780;GO:0016705;GO:0005506;GO:0016636;GO:0020037
Q2LR65	GO:0006935;GO:0000156;GO:0008984;GO:0005737;GO:0018277;GO:0006482;GO:0050568
Q9UQB8	GO:0042802;GO:2000251;GO:0048167;GO:0030165;GO:0098978;GO:0007420;GO:0061845;GO:0005654;GO:0001726;GO:0005737;GO:0030141;GO:0005794;GO:0032956;GO:0038096;GO:0043198;GO:0070064;GO:0071364;GO:0030838;GO:0097060;GO:0008360;GO:0061003;GO:0005791;GO:0016358;GO:0005912;GO:0030175;GO:0001221;GO:0043025;GO:0099524;GO:0005886;GO:0008022;GO:0061846;GO:0005829;GO:0008286;GO:0007409;GO:0070062;GO:0048010;GO:0097110;GO:0098641;GO:0008093;GO:0051017;GO:0098685;GO:0014069;GO:0060076;GO:0099523;GO:0007009;GO:2000463;GO:0044306;GO:1905232;GO:0005874;GO:0009617;GO:0051764;GO:0035418
Q2UPC3	GO:0003677;GO:0000981;GO:0005634;GO:0008270
B0K882	GO:0006096;GO:0005576;GO:0009986;GO:0000015;GO:0004634;GO:0000287
C7FF04	GO:0004503;GO:0042438;GO:0046872
Q9HBT7	GO:0000978;GO:0006357;GO:0005634;GO:0000981;GO:0042035;GO:0046872;GO:0045893
P78025	GO:0034605;GO:0004176;GO:0043565;GO:0005737;GO:0005524;GO:0006515;GO:0004252
Q4L5E9	GO:0016887;GO:0004519;GO:0045910;GO:0005524;GO:0006298;GO:0030983
Q9UPR0	GO:0002337;GO:0032228;GO:0050859;GO:1900122;GO:0004435;GO:0006629;GO:0120163;GO:0002322;GO:0005737;GO:0007214;GO:0033135;GO:0050811;GO:0070679;GO:0048015
A1TLS5	GO:0006096;GO:0005576;GO:0009986;GO:0000015;GO:0004634;GO:0000287
A5D5I3	GO:0006351;GO:0003899;GO:0003677;GO:0008270;GO:0000287
C8XPA8	GO:0039694;GO:0003725;GO:0039502;GO:0042025;GO:0039564;GO:0004483;GO:0005198;GO:0005525;GO:0005576;GO:0044220;GO:0004482;GO:0005524;GO:0016021;GO:0019028;GO:0003724;GO:0003968;GO:0039654;GO:0055036;GO:0046983;GO:0039563;GO:0044167;GO:0046872;GO:0039520;GO:0019062;GO:0004252
P60200	GO:0051539;GO:0015948;GO:0051912;GO:0016491;GO:0046872
A8GZ16	GO:0008964;GO:0015977;GO:0006107;GO:0006099;GO:0000287
Q8Y4I4	GO:0006007;GO:0044262;GO:0006096;GO:0030145;GO:0005829;GO:0046537
P18826	GO:0005964;GO:0005516;GO:0005886;GO:0046777;GO:0005977
Q5L0I8	GO:0005525;GO:0003924;GO:0005737;GO:0003743
Q9PKM3	GO:0006541;GO:0003922;GO:0005524;GO:0016462
A2T812	GO:0003677;GO:0046872;GO:0005634;GO:0006355
A6SUX7	GO:0051539;GO:0016830;GO:0009229;GO:0009228;GO:0008270
Q99698	GO:0007040;GO:0042742;GO:0006909;GO:0008104;GO:0030595;GO:0033364;GO:0019901;GO:0032438;GO:0051607;GO:0032510;GO:0042832;GO:0016020;GO:0005829;GO:0042267;GO:0043473;GO:0015630;GO:0015031
Q6LV10	GO:0005737;GO:0002949;GO:0005506;GO:0061711
Q6NXD8	GO:0017112;GO:0016021
O94065	GO:0051321;GO:0030983;GO:0005524;GO:0006298
Q89I84	GO:0003697;GO:0008094;GO:0009432;GO:0006281;GO:0005737;GO:0006310;GO:0005524;GO:0003684
Q8AA15	GO:0051539;GO:0016830;GO:0009229;GO:0009228;GO:0008270;GO:0005829
Q6M191	GO:0008852;GO:0000738;GO:0008408;GO:0003677;GO:0003887;GO:0006261
Q8WWY8	GO:0008201;GO:0016298;GO:0004620;GO:0006633;GO:0016042;GO:0005886;GO:0019433;GO:0004465;GO:0005615;GO:0006654
Q7PQ25	
Q4UND3	GO:0009058;GO:0030170;GO:0004069;GO:0005737;GO:0033854
Q9VCA5	GO:0004826;GO:0009328;GO:0002161;GO:0005737;GO:0005524;GO:0003723;GO:0000287;GO:0006432
A1TTE9	GO:0065002;GO:0006605;GO:0005737;GO:0005886;GO:0017038;GO:0005524;GO:0046872
Q9JWF3	GO:0051539;GO:0016830;GO:0009229;GO:0009228;GO:0008270
Q9JKU6	GO:0007638;GO:0003725;GO:0007286;GO:0008017;GO:0005634;GO:0003727;GO:0005737;GO:0007275;GO:0015631;GO:0002177;GO:0015630
Q06811	GO:0019841
P17858	GO:0006007;GO:0042802;GO:0005945;GO:0016208;GO:1904813;GO:0070061;GO:0048029;GO:0030388;GO:0005576;GO:0006096;GO:0009749;GO:0051289;GO:0016020;GO:0005524;GO:0019900;GO:0043312;GO:0005829;GO:0003872;GO:0070062;GO:0070095;GO:0034774;GO:0046676;GO:0061621;GO:0006002;GO:0046872
Q9UK12	GO:0000978;GO:0006357;GO:0005634;GO:0000981;GO:0046872
Q1IWM0	GO:0006526;GO:0044205;GO:0005524;GO:0046872;GO:0004088
Q9BVG8	GO:0005871;GO:0030659;GO:0005813;GO:0042802;GO:0003777;GO:0008017;GO:0070062;GO:0005874;GO:0090136;GO:0045218;GO:0007601;GO:0007030;GO:0005794;GO:0005524;GO:0007018;GO:0005915;GO:0008569
Q4WVM7	GO:0008630;GO:0005634;GO:0004674;GO:0016572;GO:0010212;GO:0006974;GO:0000781;GO:0006281;GO:0000077;GO:0005524;GO:0000723;GO:1904262
Q9RVV9	GO:0003677;GO:0006351;GO:0032549;GO:0003899
Q32PJ2	GO:0033344;GO:0034364;GO:0045723;GO:0034372;GO:0042157;GO:0051006;GO:0042632;GO:0060228;GO:0006695;GO:0043691;GO:0070328;GO:0042627;GO:0046470;GO:0030300;GO:0033700;GO:0031210;GO:0015485;GO:0010873;GO:0034380;GO:0046889;GO:0005543;GO:0010898
P58555	GO:0016887;GO:0005524
B9MEQ4	GO:0006096;GO:0005576;GO:0009986;GO:0000015;GO:0004634;GO:0000287
A1WL86	GO:0006096;GO:0005576;GO:0009986;GO:0000015;GO:0004634;GO:0000287
Q04E86	GO:0006351;GO:0003899;GO:0003677;GO:0008270;GO:0000287
B1HVS4	GO:0006096;GO:0005576;GO:0009986;GO:0000015;GO:0004634;GO:0000287
B0SAG0	GO:0006351;GO:0003899;GO:0003677;GO:0008270;GO:0000287
P37093	GO:0015628;GO:0005886;GO:0015627;GO:0005524;GO:0046872
Q9JXI0	GO:0051539;GO:0016830;GO:0009229;GO:0009228;GO:0008270;GO:0005829
Q1RHD0	GO:0003677;GO:0006351;GO:0032549;GO:0003899
Q8N1W1	GO:0005089;GO:0005085;GO:0000902;GO:0048013;GO:0035023;GO:0035556;GO:0005886;GO:0030154;GO:0046872;GO:0003723;GO:0005829
F4I718	GO:0052324;GO:0008360;GO:0040008;GO:0009826;GO:0010330;GO:0055028;GO:0005886;GO:0007275;GO:0012505;GO:0072699
Q8B912	GO:0039694;GO:0039502;GO:0042025;GO:0004197;GO:0003723;GO:0004843;GO:0044220;GO:0005524;GO:0016021;GO:0039644;GO:0019082;GO:0039579;GO:0033644;GO:0003724;GO:0003968;GO:0003678;GO:0006351;GO:0039563;GO:0008270;GO:0039648;GO:0004252
Q8LPF0	GO:0003682;GO:0000976;GO:0009506;GO:0008237;GO:0005669;GO:0008270;GO:0006367
B8H3I7	GO:0003697;GO:0008094;GO:0009432;GO:0006281;GO:0005737;GO:0006310;GO:0005524;GO:0003684
Q8C7R7	GO:0003700;GO:0000978;GO:0000976;GO:0006357;GO:0005634;GO:0045944;GO:0001228;GO:0035774;GO:0003310;GO:0003311;GO:0000977;GO:0090104;GO:0050796;GO:0045893;GO:0003309;GO:0042593;GO:0031018
Q2IX63	GO:0006799;GO:0008976;GO:0009358;GO:0005524;GO:0046872
Q2JCE9	GO:0008878;GO:0005524;GO:0005978
P0DSO8	GO:0008289;GO:0034364;GO:0006869;GO:0042627;GO:0042157
O89001	GO:0051721;GO:0005634;GO:0005802;GO:0006518;GO:0044877;GO:0004181;GO:0016021;GO:0016485;GO:0005886;GO:0008270;GO:0005615;GO:0043231;GO:0048471
A1W465	GO:0065002;GO:0006605;GO:0005737;GO:0005886;GO:0017038;GO:0005524;GO:0046872
Q8T8R1	GO:0003727;GO:0003729;GO:0005737;GO:0008270;GO:2000767;GO:0045182
Q58750	
A8F811	GO:0034605;GO:0004176;GO:0043565;GO:0005737;GO:0005524;GO:0006515;GO:0004252
P94461	GO:1990077;GO:0043138;GO:0003677;GO:0006270;GO:0006310;GO:0005524;GO:0006269;GO:0006268;GO:0008270;GO:0006302
A2BZ91	GO:0006457;GO:0051082;GO:0005524
Q038Z2	GO:0006526;GO:0044205;GO:0005524;GO:0046872;GO:0004088
B2S2I9	GO:0006351;GO:0003899;GO:0003677;GO:0008270;GO:0000287
Q9C5U2	GO:0042802;GO:0043424;GO:0034757;GO:0010271;GO:0009909;GO:0009884;GO:0009414;GO:0009737;GO:0048831;GO:0005886;GO:0000155;GO:0016021;GO:0019900;GO:0010029;GO:0005789;GO:0010087;GO:0080117;GO:0007275;GO:0009636;GO:0006470;GO:0070417;GO:0009736;GO:0071215;GO:0009651;GO:0004673;GO:0048509;GO:0006970
Q6CWC1	GO:0055129;GO:0004587;GO:0030170;GO:0050155;GO:0010121;GO:0006591;GO:0005829
Q9K275	GO:0046872;GO:0005886;GO:0004222;GO:0016021
Q82HH5	GO:0006096;GO:0005576;GO:0009986;GO:0000015;GO:0004634;GO:0000287
P59174	GO:0006007;GO:0006096;GO:0030435;GO:0005737;GO:0030145;GO:0046537
Q460N5	GO:0070212;GO:0060336;GO:0003950;GO:0019899;GO:1902216;GO:0005634;GO:0010629;GO:0042532;GO:1990404;GO:0003714;GO:0005737;GO:0005886;GO:0016020;GO:0042531;GO:0070403;GO:0140289;GO:0005829;GO:0045087;GO:0006471
Q9U299	GO:0040028;GO:0040034;GO:0004534;GO:0010587;GO:0005634;GO:0006397;GO:0005730;GO:0000738;GO:0060965;GO:0007275;GO:0046872;GO:0003723;GO:0000956;GO:0006353;GO:0008409
Q9TU34	GO:0005791;GO:0051209;GO:0030176;GO:0015278;GO:0030658;GO:0030141;GO:0035091;GO:0070679;GO:0098793;GO:0070059;GO:0005220;GO:0048471;GO:0030424
Q09441	GO:0003677;GO:0006355
A1S3J7	GO:0042744;GO:0004096;GO:0046872;GO:0006979;GO:0020037
Q6TNA5	GO:0009405;GO:0016878;GO:0010188
O88278	GO:0036514;GO:0005509;GO:0001932;GO:0001764;GO:0036515;GO:0098609;GO:0004930;GO:0007156;GO:0032880;GO:0005886;GO:0060271;GO:1904938;GO:0016021;GO:0007413
B0K6X6	GO:0006096;GO:0005576;GO:0009986;GO:0000015;GO:0004634;GO:0000287
P46864	GO:0005871;GO:0003777;GO:0008017;GO:0051225;GO:0005874;GO:0016887;GO:0005737;GO:0005524;GO:0007018
Q6EDY6	GO:0031941;GO:0007163;GO:0005634;GO:0005654;GO:0005737;GO:0030027;GO:0030838;GO:0051496;GO:0031529;GO:1900026;GO:0044351;GO:0005886;GO:0016607;GO:0005829;GO:0044354;GO:0045111;GO:1902745;GO:0051639;GO:0046415;GO:0030335;GO:0051638;GO:2000813;GO:0030032;GO:0044877;GO:0016477;GO:0031252
Q8MT36	GO:0018992;GO:0046872;GO:0005634;GO:0016458;GO:0031490;GO:0046975;GO:0005700;GO:0000785;GO:0006355;GO:0005721;GO:0010452;GO:0042054;GO:0000228
Q5GRY9	GO:0006351;GO:0003899;GO:0032549;GO:0003677;GO:0008270;GO:0000287
A9BMQ0	GO:0005887
Q1WTM3	GO:0006146;GO:0000034
Q85V94	GO:0006397;GO:0008380;GO:0008033;GO:0003723;GO:0009507
Q5R7V5	GO:0006096;GO:0009749;GO:0005737;GO:0006002;GO:0005524;GO:0046872;GO:0003872;GO:0030388
A1CBC9	GO:0050688;GO:0006396;GO:0003677;GO:0051607;GO:0004386;GO:0005524;GO:0046872;GO:0003723;GO:0004525
Q4PLW0	GO:0016020;GO:0019915;GO:0005622;GO:0010890;GO:0005829;GO:0005811
A5F0I2	GO:0042026;GO:0005737;GO:0051082;GO:0005524
Q1EB38	GO:0005730;GO:0003724;GO:0006364;GO:0005524;GO:0003723
Q4WR82	GO:0010106;GO:0044550;GO:0006879;GO:0019184;GO:0016874;GO:0019290;GO:0009405;GO:0005737;GO:0031171;GO:0019748;GO:0031169;GO:0033214;GO:0031177;GO:0043041
Q6LZE1	GO:0043039;GO:0043816;GO:0000049;GO:0005524;GO:0006412
P19199	GO:0004190;GO:0003676;GO:0046740;GO:0003964;GO:0075732;GO:0004523;GO:0008270;GO:0043657;GO:0046718
G3MY25	GO:0003677;GO:0005634
B9DVG6	GO:0030956;GO:0016787;GO:0050567;GO:0005524;GO:0006412
Q9F672	GO:0003697;GO:0008094;GO:0009432;GO:0006281;GO:0005737;GO:0006310;GO:0005524;GO:0003684
Q1GVS8	GO:0006096;GO:0005576;GO:0009986;GO:0000015;GO:0004634;GO:0000287
Q5DTH5	GO:0003682;GO:0006357;GO:0005634;GO:0060023;GO:0003677;GO:0042474;GO:0046872;GO:0009952
Q9TTC1	GO:0004190;GO:0015074;GO:0003964;GO:0044185;GO:0044826;GO:0003723;GO:0046718;GO:0072494;GO:0075713;GO:0039660;GO:0019068;GO:0020002;GO:0003887;GO:0003677;GO:0004523;GO:0019013;GO:0006310;GO:0016020;GO:0008270
Q9VXG8	GO:0007348;GO:0033314;GO:0018105;GO:0005634;GO:0016321;GO:0007093;GO:0004674;GO:0006468;GO:0000706;GO:0030261;GO:0005524;GO:0000723;GO:0001700;GO:0045003;GO:0007444;GO:0009314;GO:0031000;GO:0000076;GO:0003677;GO:0007088;GO:0000077;GO:0030716;GO:0007349;GO:0007131;GO:0006302;GO:0045002
Q6NUD7	GO:0003677;GO:0007275;GO:0046872;GO:0005634;GO:0030154
A6L3M9	GO:0006096;GO:0005576;GO:0009986;GO:0000015;GO:0004634;GO:0000287
P36022	GO:0031122;GO:0007097;GO:0072382;GO:0000070;GO:0005868;GO:0030473;GO:0051293;GO:0005816;GO:0007018;GO:0051959;GO:0030286;GO:0000278;GO:0005938;GO:0000132;GO:0000741;GO:0040001;GO:0005524;GO:0005881;GO:0045505;GO:0008569;GO:0000235
Q6NZQ2	GO:0005634;GO:0005730;GO:0003724;GO:0005794;GO:0005524;GO:0003723;GO:0043231;GO:0042254
Q2LR28	GO:0000049;GO:0005737;GO:0005524;GO:0004826;GO:0000287;GO:0006432
P03346	GO:0003676;GO:0016032;GO:0019013;GO:0008270;GO:0005198
B9MDY4	GO:0065002;GO:0006605;GO:0005737;GO:0005886;GO:0017038;GO:0005524;GO:0046872
A8YTH8	GO:0042026;GO:0005737;GO:0051082;GO:0005524
A0JU21	GO:0006096;GO:0005576;GO:0009986;GO:0000015;GO:0004634;GO:0000287
Q9EQR6	GO:0007286;GO:0007005;GO:0005739;GO:0001541;GO:0005730;GO:0005886;GO:0005829;GO:0043240;GO:0036297;GO:0009314;GO:0006974
Q03IS1	GO:0003924;GO:0003746;GO:0005737;GO:0005525
A7NFJ2	GO:0004823;GO:0006429;GO:0002161;GO:0005737;GO:0005524
C7GL88	GO:0005886
P04766	GO:0005525;GO:0003924;GO:0005737;GO:0003743
O50314	GO:0036070;GO:0015979;GO:0005524;GO:0016851
Q9XZC8	GO:0030154;GO:0005576;GO:0030215;GO:0007399
Q133L6	GO:0009039;GO:0005737;GO:0016151;GO:0043419
B9DNP9	GO:0006308;GO:0009318;GO:0008855;GO:0003676;GO:0005737
Q5ZZ17	GO:0042744;GO:0004096;GO:0046872;GO:0006979;GO:0020037
Q73HK8	GO:0065002;GO:0006605;GO:0005737;GO:0005886;GO:0017038;GO:0005524;GO:0046872
P08518	GO:0006366;GO:0001172;GO:0005739;GO:0005634;GO:0003899;GO:0032549;GO:0003729;GO:0003677;GO:0005665;GO:0046872;GO:0010494
A1SF29	GO:0000287;GO:0008966;GO:0005975
Q1GZR7	GO:0006435;GO:0000049;GO:0004829;GO:0005737;GO:0005524;GO:0046872
Q2IZ49	GO:0009039;GO:0005737;GO:0016151;GO:0043419
Q038M0	GO:0008408;GO:0003677;GO:0003887;GO:0005737;GO:0006261
P29122	GO:0030510;GO:0016485;GO:0048406;GO:0005783;GO:0005576;GO:0016486;GO:0005796;GO:0009986;GO:0005886;GO:0016020;GO:0070268;GO:0062023;GO:0032455;GO:0032940;GO:0051004;GO:0008201;GO:0007368;GO:0004175;GO:0005615;GO:0007354;GO:0032902;GO:0004252;GO:0009100
Q9NU22	GO:0051082;GO:0005634;GO:0045111;GO:0016887;GO:0005730;GO:0065003;GO:0005654;GO:0016020;GO:0006364;GO:0005524;GO:0030687;GO:0005829;GO:0000027
Q9TTC2	GO:0039702;GO:0020002;GO:0044185;GO:0019013;GO:0016020;GO:0008270;GO:0003723;GO:0072494;GO:0039660
Q9P4Z1	GO:0006511;GO:0016567;GO:0045732;GO:0005634;GO:0061630;GO:0005737;GO:0043161;GO:0000209;GO:0051028
B9DNK0	GO:0006457;GO:0051082;GO:0005524
B7GXS7	GO:0034605;GO:0004176;GO:0043565;GO:0005737;GO:0005524;GO:0006515;GO:0004252
Q9D6Y9	GO:0102752;GO:0030246;GO:0003844;GO:0043169;GO:0005737;GO:0005978;GO:0004553;GO:0043524;GO:0005975
A1KWC0	GO:0051539;GO:0016830;GO:0009229;GO:0009228;GO:0008270
A8GV24	GO:0003677;GO:0006351;GO:0032549;GO:0003899
Q76KX8	GO:0000978;GO:0006357;GO:0046872;GO:0005634;GO:0000981
Q16JS8	GO:0007283;GO:0003676;GO:0003724;GO:0005737;GO:0007275;GO:0005524;GO:0031047;GO:0030154;GO:0051321
Q8J1G4	GO:0008017;GO:0051301;GO:0008574;GO:0005634;GO:0030543;GO:0007019;GO:0005876;GO:0000073;GO:0005737;GO:0005524;GO:0090307;GO:0007018
Q9FMA1	
Q11VK7	GO:0004823;GO:0006429;GO:0002161;GO:0005737;GO:0005524
Q83017	GO:0003678;GO:0019082;GO:0006351;GO:0039694;GO:0070008;GO:0016021;GO:0004197;GO:0003968;GO:0003724;GO:0033644;GO:0044220;GO:0005524;GO:0008270;GO:0003723;GO:0004252
P52894	GO:0004021;GO:0009058;GO:0042853;GO:0030170
Q5JV73	GO:0070821;GO:0005856;GO:0005886;GO:0030667;GO:0043312
Q8BTK5	GO:0032259;GO:0008168;GO:0046872
M3W955	GO:0033344;GO:0034364;GO:0045723;GO:0034372;GO:0042157;GO:0051006;GO:0042632;GO:0060228;GO:0006695;GO:0043691;GO:0070328;GO:0042627;GO:0046470;GO:0030300;GO:0033700;GO:0031210;GO:0015485;GO:0010873;GO:0034380;GO:0046889;GO:0005543;GO:0010898
Q6UDJ4	GO:0019068;GO:0042802;GO:0042025;GO:0019033;GO:0044177;GO:0039701
A1RY08	GO:0051392;GO:0002101;GO:0000049;GO:0005737;GO:0005524;GO:0051391
Q70FJ1	GO:0005813;GO:0007020;GO:0005801;GO:0007283;GO:0033138;GO:0097729;GO:0007165;GO:0060090;GO:0005737;GO:0005794;GO:0097060;GO:0007194;GO:0051661;GO:0043025;GO:0034237;GO:0060009;GO:0015459;GO:1901018;GO:1903358;GO:0000242;GO:0005795;GO:0036064;GO:0044307;GO:0120219;GO:0099147;GO:0060307
Q732Q9	GO:0005525;GO:0003924;GO:0005737;GO:0003743
Q88WB6	GO:0010181;GO:0004452;GO:0016491;GO:0008299;GO:0070402;GO:0005737;GO:0000287
Q91ZT5	GO:0008360;GO:0030035;GO:0003779;GO:0046872;GO:0030032;GO:0007257;GO:0046847;GO:0030175;GO:0005737;GO:0005856;GO:0030027;GO:0051015;GO:0007010;GO:0005089
Q2JW63	GO:0006260;GO:0003677;GO:0006281;GO:0046872;GO:0003911
B7HLE6	GO:0005525;GO:0003924;GO:0005737;GO:0003743
Q03496	GO:0005829;GO:0005737;GO:0002130;GO:0030488
Q2FUW4	GO:0015031
B0KL24	GO:0051539;GO:0016830;GO:0009229;GO:0009228;GO:0008270
O28552	GO:0008852;GO:0000738;GO:0008408;GO:0003677;GO:0003887;GO:0006261
Q4L966	GO:0006537;GO:0016620;GO:0010133;GO:0003842
Q9JI18	GO:0005509;GO:0001701;GO:0016020;GO:0016021;GO:0005041;GO:0043235;GO:0050750
Q38W73	GO:0008408;GO:0003677;GO:0003887;GO:0005737;GO:0006261
Q5BLK4	GO:0035198;GO:0070569;GO:0005634;GO:0006397;GO:0005654;GO:0005737;GO:0001556;GO:0071076;GO:0050265;GO:0016779;GO:0005829;GO:0006378;GO:0010586;GO:0031123;GO:0010526;GO:0008270;GO:1990074;GO:0004652;GO:0031054
B6CVD7	GO:0022417;GO:0045454;GO:0018401;GO:0005789;GO:0050873;GO:0034976;GO:0051209;GO:0003756;GO:0030198;GO:0051085;GO:0030968;GO:0070059;GO:0015035;GO:0034975;GO:0016671
Q5RDS0	GO:0004622;GO:0005789;GO:0102545;GO:0016042;GO:0016021;GO:0046470
Q971T7	GO:0003678;GO:0006265;GO:0003677;GO:0003918;GO:0005524;GO:0006268;GO:0008270
A1RRJ9	GO:0004812;GO:0050567;GO:0005737;GO:0005524;GO:0006412
Q0AD93	GO:0006096;GO:0005576;GO:0009986;GO:0000015;GO:0004634;GO:0000287
Q110H2	GO:0006351;GO:0003899;GO:0003677;GO:0008270;GO:0000287
A7TNT1	GO:0000463;GO:0005730;GO:0003724;GO:0005524;GO:0003723
C1CIF3	GO:0003924;GO:0003746;GO:0005737;GO:0005525
Q96M96	GO:0005085;GO:0008360;GO:0046872;GO:0003779;GO:0043087;GO:0043065;GO:0046847;GO:0030175;GO:0001726;GO:0005737;GO:0005856;GO:0005794;GO:0030027;GO:0030036;GO:0007010;GO:0031267;GO:0005089;GO:0051056;GO:0007186;GO:0005829
Q7RV85	GO:0006096;GO:0000015;GO:0032889;GO:0004634;GO:0000287
A1WCK2	GO:0008616;GO:0101030;GO:0008479;GO:0046872
Q80SU7	GO:0005525;GO:0005829;GO:0005634
P0CA01	GO:0044220;GO:0019012;GO:0042025
P26660	GO:0039694;GO:0039502;GO:0042025;GO:0004197;GO:0019031;GO:0039645;GO:0075512;GO:0005198;GO:0003723;GO:0016032;GO:0044186;GO:0044220;GO:0039707;GO:0005524;GO:0016021;GO:0039547;GO:0039545;GO:0005216;GO:0003724;GO:0003968;GO:0039654;GO:0044385;GO:0020002;GO:0055036;GO:0051259;GO:0019087;GO:0019013;GO:0039563;GO:0044167;GO:0008270;GO:0039520;GO:0044191;GO:0019062;GO:0004252
A7H2J9	GO:0006420;GO:0005737;GO:0004814;GO:0005524
Q2LUH6	GO:0006457;GO:0051082;GO:0005524
B5RMJ5	GO:0042026;GO:0005737;GO:0051082;GO:0005524
P46067	GO:0034605;GO:0004176;GO:0043565;GO:0005737;GO:0005524;GO:0006515;GO:0004252
Q8D233	GO:0003677;GO:0006351;GO:0032549;GO:0003899
A7SWH1	GO:0000466;GO:0000463;GO:0043021;GO:0005654;GO:0030687;GO:0003723;GO:0070545
Q8BJQ2	GO:0006511;GO:0035520;GO:0001501;GO:0008233;GO:0004843;GO:0005634;GO:0006282;GO:0009411;GO:0004197;GO:0005654;GO:0016579;GO:0006281;GO:0005829
Q97WH0	GO:0016887;GO:0008270;GO:0006302;GO:0005524
Q9ZQP6	GO:0005366;GO:0016021
Q74L37	GO:0065002;GO:0006605;GO:0005737;GO:0005886;GO:0017038;GO:0005524;GO:0015450
Q9KA77	GO:0005525;GO:0003924;GO:0005737;GO:0003743
Q8C5W0	GO:0051647;GO:0005640;GO:0007097;GO:0008285;GO:0034993;GO:0005737;GO:0016020;GO:0051015;GO:0016021;GO:0031175
Q9C102	GO:0010181;GO:0036267;GO:0005739;GO:0051538;GO:0097054;GO:0004355;GO:0016491;GO:0019676;GO:0050660;GO:0015930;GO:0005506;GO:0006537;GO:0005829;GO:0016040
P16120	GO:0004795;GO:0009088;GO:0030170;GO:0005634;GO:0005737
Q3V4Q1	GO:0019012;GO:0016887;GO:0005524
Q54089	GO:0008728;GO:0015970;GO:0016301;GO:0005524;GO:0046872;GO:0005525;GO:0008893
A0RQI5	GO:0003677;GO:0006351;GO:0032549;GO:0003899
Q9PNC0	GO:0006420;GO:0005737;GO:0004814;GO:0005524
Q9Z2K3	GO:0000978;GO:0006357;GO:0005634;GO:0000981;GO:0046872
A4QL79	GO:0015031;GO:0009706;GO:0016021
Q8EUJ9	GO:0000049;GO:0005737;GO:0005524;GO:0004826;GO:0000287;GO:0006432
Q91WM1	GO:0007638;GO:0003725;GO:0007286;GO:0008017;GO:0005634;GO:0003727;GO:0005737;GO:0007275;GO:0015631;GO:0002177;GO:0015630
Q0ZZJ6	GO:0090729;GO:0006954;GO:0004866;GO:0046872;GO:0006956;GO:0005615
P51555	GO:0006096;GO:0000287;GO:0000015;GO:0004634
O01836	GO:0043186;GO:0043621;GO:0005634;GO:0007276;GO:0008432;GO:0003724;GO:0017151;GO:0005524;GO:0008270;GO:0003723;GO:0030154
P0C9S9	
Q9JUS4	GO:0009380;GO:0016887;GO:0009432;GO:0003677;GO:0006289;GO:0005737;GO:0009381;GO:0008270;GO:0005524
Q9JHW1	GO:0051721;GO:0006508;GO:0005634;GO:0005802;GO:0006518;GO:0044877;GO:0004181;GO:0016021;GO:0016485;GO:0071352;GO:0005886;GO:0008270;GO:0005615;GO:0043231;GO:0048471
Q4QQT4	GO:0098978;GO:0045121;GO:0008287;GO:0005737;GO:0060561;GO:0000159;GO:0019888;GO:2001241;GO:0006470;GO:0045202
Q316Q0	GO:0006096;GO:0005576;GO:0009986;GO:0000015;GO:0004634;GO:0000287
B9MGI1	GO:0008616;GO:0101030;GO:0008479;GO:0046872
O15021	GO:0018105;GO:0035556;GO:0005737;GO:0005524;GO:0007010;GO:0000287;GO:0004674
P42894	GO:0006096;GO:0000287;GO:0000015;GO:0004634
P51522	GO:0000978;GO:0006357;GO:0046872;GO:0005634;GO:0000981
U3KRF2	GO:0009073;GO:0042802;GO:0009423;GO:0051287;GO:0046872;GO:0033587;GO:0003856;GO:0009507
Q07ND9	GO:0006096;GO:0005576;GO:0009986;GO:0000015;GO:0004634;GO:0000287
B1Q3J6	GO:0003682;GO:0005634;GO:0010216;GO:0010424;GO:0009793;GO:0003677;GO:0003886;GO:0006349
O00192	GO:0005634;GO:0098609;GO:0005912;GO:0007155;GO:0005737;GO:0005886;GO:0007275;GO:0016339;GO:0005622;GO:0005911;GO:0045296;GO:0007043
Q9BZC7	GO:1904375;GO:0060049;GO:2000008;GO:0099038;GO:0090155;GO:0010008;GO:0042632;GO:0032289;GO:0031410;GO:0070723;GO:0005765;GO:0006357;GO:0005815;GO:0005886;GO:0016020;GO:0005524;GO:0016021;GO:1905598;GO:0043231;GO:0043190;GO:0090156;GO:0090370;GO:0150104;GO:0150110;GO:0006629;GO:0016887;GO:0005764;GO:0046512;GO:0061135;GO:0099040;GO:0042626;GO:1901873;GO:0000166;GO:0042986;GO:0071072;GO:1902993;GO:0010872;GO:0005319;GO:0005768;GO:1905601;GO:0006869;GO:0032383;GO:0007626;GO:0055085;GO:0042493;GO:0048545;GO:0032805;GO:1902004;GO:0032384
Q71WX0	GO:0006007;GO:0006096;GO:0005737;GO:0030145;GO:0046537
Q0US25	GO:0005789;GO:0090110;GO:0000139;GO:0030127;GO:0006886;GO:0070971;GO:0008270;GO:0005096
Q2GJ69	GO:0006351;GO:0003899;GO:0003677;GO:0008270;GO:0000287
P74956	GO:0034605;GO:0004176;GO:0043565;GO:0005737;GO:0005524;GO:0006515;GO:0004252
B3WEF5	GO:0006526;GO:0044205;GO:0005524;GO:0046872;GO:0004088
A4KXK0	GO:0019012
Q46LV3	GO:0006435;GO:0000049;GO:0004829;GO:0005737;GO:0005524;GO:0046872
Q9UKU0	GO:0008610;GO:0102391;GO:0047676;GO:0005789;GO:0006637;GO:0000038;GO:0016021;GO:0035338;GO:0005886;GO:0016020;GO:0042803;GO:0005524;GO:0005783;GO:0004467;GO:0005778;GO:0019899;GO:0003996;GO:0005741;GO:0001676
A9M0A4	GO:0051539;GO:0016830;GO:0009229;GO:0009228;GO:0008270
O46510	GO:0030863;GO:0008360;GO:0000902;GO:0003810;GO:0055072;GO:0043249;GO:0020027;GO:0005886;GO:0048536;GO:0018149
Q92T74	GO:0016832;GO:0005975
B4KID9	GO:0000466;GO:0000463;GO:0005730;GO:0043021;GO:0005654;GO:0030687
Q62924	GO:0019207;GO:0008104;GO:0036010;GO:0005777;GO:0001934;GO:0005737;GO:0008157;GO:0034237;GO:0034236;GO:0051018;GO:0032991;GO:1903142
Q6MDM0	GO:0006351;GO:0003899;GO:0003677;GO:0008270;GO:0000287
Q5WDK8	GO:0006007;GO:0006096;GO:0030435;GO:0005737;GO:0030145;GO:0046537
A0A1P8AUY4	GO:0009738;GO:0005634;GO:0048638;GO:0016887;GO:0005730;GO:0005654;GO:0005737;GO:0000055;GO:0006364;GO:0009553;GO:0009941;GO:0000027;GO:0009506;GO:0005524;GO:0030687
Q5HY98	GO:0003677;GO:0046872;GO:0005634;GO:0006355
Q8C0L8	GO:0000139;GO:0005654;GO:0005794;GO:0017119;GO:0048219;GO:0005829;GO:0006891;GO:0015031
B7HDT6	GO:0005525;GO:0003924;GO:0005737;GO:0003743
A6QR40	GO:0007015;GO:0006909;GO:0006915;GO:0048365;GO:0048870;GO:0017124;GO:0005737;GO:0016477
Q48NL9	GO:0002098;GO:0016765;GO:0043828
Q5ZL98	GO:0003677;GO:0006351;GO:0046872;GO:0003899;GO:0005666
A9A794	GO:0043039;GO:0043816;GO:0000049;GO:0005524;GO:0006412
A0RHI4	GO:0005525;GO:0003924;GO:0005737;GO:0003743
Q9S515	GO:0009405;GO:0090729;GO:0005102;GO:0030435
Q7ZU90	GO:0003678;GO:0005634;GO:0016887;GO:0006338;GO:0006281;GO:0005524;GO:0000166;GO:0006974
Q99LB7	GO:0008480;GO:0005759;GO:0005739;GO:1901053;GO:0016491;GO:0050660;GO:0005542;GO:0005737;GO:0035999
O88387	GO:0008360;GO:0030035;GO:0003779;GO:0046872;GO:0030032;GO:0007257;GO:0046847;GO:0030175;GO:0005737;GO:0005856;GO:0030027;GO:0051015;GO:0007010;GO:0005089
A1U0K1	GO:0102752;GO:0003844;GO:0043169;GO:0005978;GO:0004553
A5IDN6	GO:0010181;GO:0004452;GO:0016491;GO:0008299;GO:0070402;GO:0005737;GO:0000287
Q822D5	GO:0045239;GO:0004333;GO:0006099;GO:0006106
Q6UDJ5	GO:0019784;GO:0042025;GO:0030430;GO:0004843;GO:0019033;GO:0039648;GO:0039693
Q62059	GO:0001501;GO:0005509;GO:0007507;GO:0072534;GO:0030246;GO:0007417;GO:0007155;GO:0031012;GO:0043666;GO:0001657;GO:0001750;GO:0009986;GO:0019903;GO:0062023;GO:0008347;GO:0033165;GO:0005540;GO:0045202
Q5ZJK5	GO:0006366;GO:0006357;GO:0005634;GO:0003677;GO:1990226
Q8LRK9	GO:0006325;GO:0016251;GO:0009294;GO:0017025;GO:0005669;GO:0051123
C3LR47	GO:0003677;GO:0004386;GO:0005524;GO:0006355
C3L7B4	GO:0005525;GO:0003924;GO:0005737;GO:0003743
Q5L6M5	GO:0006433;GO:0002161;GO:0005737;GO:0005524;GO:0004827
A4ISP5	GO:0006007;GO:0006096;GO:0005737;GO:0030145;GO:0046537
A1VGV5	GO:0006096;GO:0005576;GO:0009986;GO:0000015;GO:0004634;GO:0000287
Q3SMK1	GO:0042026;GO:0005737;GO:0051082;GO:0005524
P96329	
P83776	GO:0008865;GO:0006096;GO:0005739;GO:0001678;GO:0051156;GO:0005536;GO:0004340;GO:0019158;GO:0005524;GO:0019318;GO:0005829
P38818	GO:0000277;GO:0018026;GO:0005634;GO:0018022;GO:0005829;GO:0016279
F4JZY1	GO:0071215;GO:0003779;GO:0009738;GO:0009737;GO:0042306;GO:0006970;GO:0005856;GO:0005886;GO:0009536;GO:0005774;GO:0009789;GO:0005829;GO:0005773
Q6C452	GO:0007094;GO:0051301;GO:0051315;GO:0005635;GO:0072686;GO:0000776
B4S5N0	GO:0003924;GO:0003746;GO:0005737;GO:0005525
B6HLP5	GO:0016491;GO:0071949
A9HJ75	GO:0006096;GO:0005576;GO:0009986;GO:0000015;GO:0004634;GO:0000287
F4I6M1	GO:0005739;GO:0003887;GO:0003677;GO:0008408;GO:0005737;GO:0006281;GO:0008409;GO:0006264;GO:0033259;GO:0009507;GO:0006261
P87121	GO:0003682;GO:0000976;GO:0016251;GO:0000790;GO:0005634;GO:0005669;GO:0005829;GO:0006367;GO:0032153
B4SBU4	GO:0003924;GO:0003746;GO:0005737;GO:0005525
P48722	GO:0006457;GO:0005737;GO:0005524;GO:0005634;GO:0005829;GO:0006986
Q4U4S6	GO:0005925;GO:0003281;GO:0051393;GO:0001725;GO:0045216;GO:0030036;GO:0030018;GO:0046872;GO:0051015;GO:0055008
Q6G0P2	GO:0005525;GO:0003924;GO:0005737;GO:0003743
Q7SVK7	GO:0004190;GO:0015074;GO:0003964;GO:0044185;GO:0044826;GO:0039657;GO:0003723;GO:0046718;GO:0072494;GO:0075713;GO:0039660;GO:0019068;GO:0020002;GO:0003887;GO:0003677;GO:0004523;GO:0019013;GO:0006310;GO:0016020;GO:0008270
Q9YMV2	GO:0051301;GO:0007049;GO:0006260;GO:0003910;GO:0003677;GO:0051103;GO:0006310;GO:0005524;GO:0046872;GO:0071897
Q04832	GO:0003677;GO:0008270;GO:0005634
P37418	GO:0008756;GO:0009234;GO:0016405;GO:0005524
B1Y4K4	GO:0006096;GO:0005576;GO:0009986;GO:0000015;GO:0004634;GO:0000287
A3CQM2	GO:0003924;GO:0003746;GO:0005737;GO:0005525
P11652	GO:0019652;GO:0004494;GO:0031419;GO:0046872
Q9UPU5	GO:0006511;GO:0004843;GO:0005634;GO:0016032;GO:0004197;GO:0005654;GO:0016579;GO:0005829
Q1CA99	GO:0046677;GO:0015562;GO:0008559;GO:0016887;GO:0005524;GO:0005887;GO:1990961
B3WER5	GO:0005525;GO:0003924;GO:0005737;GO:0003743
P37353	GO:0042802;GO:0009234;GO:0016405;GO:0032991;GO:0005524;GO:0008756
Q6DFV6	GO:0016021
A2SJR2	GO:0006096;GO:0005576;GO:0009986;GO:0000015;GO:0004634;GO:0000287
A1CQA9	GO:0071004;GO:1903241;GO:0003676;GO:1990447;GO:0003724;GO:0005524;GO:1990446
Q47LI6	GO:0003677;GO:0006351;GO:0008270;GO:0003899;GO:0000287
P0AFG3	GO:0042802;GO:0006099;GO:0045252;GO:0000166;GO:0030976;GO:0000287;GO:0004591;GO:0005829
A6Q4R8	GO:0005525;GO:0042254
Q038M5	GO:0005525;GO:0003924;GO:0005737;GO:0003743
Q6C9G0	GO:0005634;GO:0000417;GO:0006336;GO:0007059
A5VJE0	GO:0005525;GO:0003924;GO:0005737;GO:0003743
Q6FJ48	GO:0005737;GO:0008180
Q5HQJ4	GO:0003678;GO:0008408;GO:0000724;GO:0005524;GO:0003690
B4RVU5	GO:0006096;GO:0005576;GO:0009986;GO:0000015;GO:0004634;GO:0000287
Q7TUJ9	GO:0006527;GO:0008792;GO:0008295;GO:0046872
C6DY43	GO:0042026;GO:0005737;GO:0051082;GO:0005524
P18748	GO:0003677;GO:0005634;GO:0046872
Q7TNP2	GO:0098978;GO:0045121;GO:0008287;GO:0005737;GO:0060561;GO:0000159;GO:0019888;GO:2001241;GO:0006470;GO:0045202
A5F5C5	GO:0003677;GO:0004386;GO:0005524;GO:0006355
B2KWI3	GO:0016874;GO:0005524;GO:0005777
Q6CX53	GO:0102752;GO:0003844;GO:0043169;GO:0005978;GO:0004553
A8GY58	GO:0004828;GO:0016260;GO:0097056;GO:0006434;GO:0005737;GO:0005524
Q21V37	GO:0006096;GO:0005576;GO:0009986;GO:0000015;GO:0004634;GO:0000287
Q8KG23	GO:0051539;GO:0046429;GO:0019288;GO:0005506;GO:0016114
Q59181	GO:0005829;GO:0006096;GO:0004618;GO:0005524
P32494	GO:0016573;GO:0006357;GO:0046695;GO:0043967;GO:0043966;GO:0003713;GO:0000124;GO:0001302;GO:0005671;GO:0006325
Q9NR96	GO:0042742;GO:0043410;GO:0032725;GO:0050729;GO:0032009;GO:0002639;GO:0032717;GO:0032722;GO:0005737;GO:0032088;GO:0032733;GO:0010008;GO:0005783;GO:0036019;GO:0042803;GO:0007249;GO:0043123;GO:0032757;GO:0002755;GO:0045322;GO:0050871;GO:0032760;GO:0005576;GO:0045577;GO:0006955;GO:0007252;GO:0032729;GO:0000139;GO:0036020;GO:1901895;GO:0005886;GO:0016021;GO:0046330;GO:0002224;GO:1901224;GO:0010628;GO:0032728;GO:0050707;GO:0005789;GO:0034122;GO:0043507;GO:0034163;GO:0005764;GO:0006954;GO:0032755;GO:0004888;GO:0051770;GO:0030890;GO:0032640;GO:0030277;GO:0051607;GO:0016323;GO:0038187;GO:0045944;GO:0005768;GO:0016324;GO:0032715;GO:0002237;GO:0050829;GO:0034123;GO:0034162;GO:0032727;GO:0035197;GO:0051092;GO:0045087;GO:0005149;GO:0032735;GO:0032741
Q8ENP5	GO:0006096;GO:0005576;GO:0009986;GO:0000015;GO:0004634;GO:0000287
Q9R0T4	GO:0042802;GO:0030054;GO:0022409;GO:0071230;GO:0071285;GO:0098978;GO:0060576;GO:0005802;GO:0003382;GO:0071681;GO:2000008;GO:0016328;GO:0007156;GO:0001701;GO:0005737;GO:0030027;GO:0050839;GO:0090090;GO:0008013;GO:0005911;GO:0015629;GO:0016339;GO:0060662;GO:0030424;GO:0008092;GO:0045296;GO:0045893;GO:0033561;GO:0035847;GO:0034332;GO:0016600;GO:0099576;GO:0046697;GO:0019538;GO:0005912;GO:0033268;GO:0098609;GO:0009986;GO:0019903;GO:0005886;GO:0007566;GO:0032880;GO:0043219;GO:0016021;GO:0016342;GO:0030864;GO:0060693;GO:0045295;GO:0005509;GO:0043220;GO:0071944;GO:0030336;GO:0007605;GO:0022408;GO:0043281;GO:0070830;GO:0016323;GO:0048471;GO:0050680;GO:0009636;GO:0043296;GO:0072659;GO:0032794;GO:0090102;GO:0042307;GO:0005768;GO:0098742;GO:0010033;GO:0019904;GO:0021983;GO:0030506;GO:0009898;GO:0010955;GO:0043679;GO:2001222;GO:0098794;GO:0007416;GO:0042493;GO:0045294;GO:0001829;GO:0045177;GO:0031175;GO:0010468
A4IMD7	GO:0005525;GO:0003924;GO:0005737;GO:0003743
Q03FS3	GO:0005525;GO:0003924;GO:0005737;GO:0003743
Q4P0H7	GO:0005681;GO:0005634;GO:0045131;GO:0003729;GO:0000398;GO:0008270;GO:0000381
Q24325	GO:0006366;GO:0003682;GO:0008134;GO:0000976;GO:0008237;GO:0005634;GO:0005669;GO:0051123;GO:0000979;GO:0008270;GO:0006352;GO:0006367;GO:0017025
O27661	GO:0003917;GO:0006265;GO:0003677;GO:0005694;GO:0046872
B4S9A9	GO:0051539;GO:0016830;GO:0009229;GO:0009228;GO:0008270
C1CXJ3	GO:0006096;GO:0005576;GO:0009986;GO:0000015;GO:0004634;GO:0000287
B0WH58	GO:0048477;GO:0005886;GO:0007283;GO:0016021
Q6W3F0	GO:0016702;GO:0018401;GO:0031418;GO:0004656;GO:0005788;GO:0005783;GO:0005506
A7MC48	GO:0045211;GO:0032591;GO:0048172;GO:0032281;GO:0008328;GO:0014069;GO:2000311;GO:0045202
Q5AV07	GO:0016296;GO:0004318;GO:0004313;GO:0016631;GO:0042759;GO:0008659;GO:0008693;GO:0016295;GO:0004317;GO:0004321;GO:0005835;GO:0004320;GO:0047451;GO:0004314
P26807	GO:0039702;GO:0020002;GO:0019013;GO:0016020;GO:0008270;GO:0003723;GO:0072494;GO:0039660
P70412	GO:0009755;GO:0042589;GO:0051301;GO:0007049;GO:0007565;GO:0032023;GO:0007155;GO:0042588;GO:0030658;GO:0016020;GO:0016021
S0DS59	GO:0016874;GO:0016491;GO:0032259;GO:0006633;GO:0008168;GO:0004315;GO:0031177
P17039	GO:0000978;GO:0006357;GO:0005634;GO:0000981;GO:0046872
Q96RW7	GO:0005509;GO:0070062;GO:0005604;GO:0005201;GO:0007049;GO:0051301;GO:0007601;GO:0007156;GO:0032154;GO:0005912;GO:0005938;GO:0009617;GO:0062023;GO:0007157
A6BM51	GO:0006351;GO:0003899;GO:0003677;GO:0008270;GO:0000287;GO:0009507
A2C4N2	GO:0003677;GO:0006351;GO:0032549;GO:0003899
O75330	GO:0030214;GO:0005813;GO:0010389;GO:0009986;GO:0005886;GO:0016020;GO:0005829;GO:0015630;GO:0005540
Q0JKD0	GO:0010181;GO:0051538;GO:0097054;GO:0016491;GO:0019676;GO:0050660;GO:0009536;GO:0048589;GO:0015930;GO:0005506;GO:0060359;GO:0006537;GO:0009507;GO:0016040
C0ZPK5	GO:0004222;GO:0030163;GO:0016021;GO:0004176;GO:0005886;GO:0005524;GO:0008270
Q1KYT0	GO:0006096;GO:0000015;GO:0032889;GO:0004634;GO:0000287
Q87KB6	GO:0051539;GO:0004160;GO:0009099;GO:0009097;GO:0046872
P58912	GO:0044179;GO:0090729;GO:0005576;GO:0042151
P33621	GO:0008289;GO:0034364;GO:0006869;GO:0042627;GO:0042157
Q93TX3	GO:0019556;GO:0005737;GO:0004397;GO:0019557
Q46J22	GO:0003677;GO:0006351;GO:0032549;GO:0003899
Q9WXK9	GO:0009401;GO:0005737;GO:0016301;GO:0046872;GO:0008965
P26661	GO:0039694;GO:0039502;GO:0042025;GO:0004197;GO:0019031;GO:0039645;GO:0075512;GO:0005198;GO:0003723;GO:0044186;GO:0044220;GO:0039707;GO:0005524;GO:0016021;GO:0039547;GO:0039545;GO:0005216;GO:0017124;GO:0003724;GO:0003968;GO:0039654;GO:0044385;GO:0020002;GO:0055036;GO:0051259;GO:0019087;GO:0019013;GO:0039563;GO:0044167;GO:0008270;GO:0039520;GO:0044191;GO:0019062;GO:0004252
B0VMD7	GO:0051539;GO:0016830;GO:0009229;GO:0009228;GO:0008270
Q76KF9	GO:0006096;GO:0000287;GO:0000015;GO:0004634
A1W0F9	GO:0006420;GO:0005737;GO:0004814;GO:0005524
Q8DVP9	GO:0005525;GO:0003924;GO:0005737;GO:0003743
Q8GBD2	GO:0042026;GO:0005737;GO:0051082;GO:0005524
Q9XSX7	GO:0008083;GO:0005576;GO:0007155;GO:0042475;GO:0031214;GO:0030345
Q8R151	GO:0003700;GO:0031380;GO:0005634;GO:0004386;GO:0008270;GO:0003723;GO:0031048
A7YY53	GO:0047734;GO:0047631;GO:0008663;GO:0030145
Q91957	GO:0030054;GO:0007275;GO:0003779;GO:0030036
A8ACA7	GO:0003924;GO:0003746;GO:0005737;GO:0005525
B5ZQP8	GO:0019464;GO:0004375
Q53EL9	GO:0043197;GO:0090036;GO:0060079;GO:0021680;GO:0043025;GO:0060074;GO:0005886;GO:0043198;GO:0005783;GO:0016021;GO:0097440;GO:0048471;GO:0008344;GO:0050773
Q8WY64	GO:0006511;GO:0016567;GO:0046872;GO:0045732;GO:0007399;GO:0031648;GO:0010989;GO:0032802;GO:0032803;GO:0061630;GO:0005856;GO:0005886;GO:0000209;GO:0042632;GO:0010977;GO:0005829;GO:0004842;GO:0008092
Q254T8	GO:0006541;GO:0003922;GO:0005524;GO:0016462
B4LWT5	GO:0051301;GO:0007283;GO:0005634;GO:0007346;GO:0005737;GO:0007275;GO:0030317;GO:0080154;GO:0030154;GO:0051321;GO:0048471
B4EBY3	GO:0003697;GO:0008094;GO:0009432;GO:0006281;GO:0005737;GO:0006310;GO:0005524;GO:0003684
Q9PK01	GO:0006433;GO:0002161;GO:0005737;GO:0005524;GO:0004827
Q9BZ29	GO:0005085;GO:0007264;GO:0012505;GO:0016020;GO:0005829;GO:0043547;GO:0007596;GO:0045296
Q9H799	GO:0060976;GO:0042733;GO:0060021;GO:0001736;GO:0003281;GO:1904491;GO:0035869;GO:0021549;GO:0060271;GO:0001822;GO:0016021
P21435	GO:0039702;GO:0020002;GO:0044185;GO:0019013;GO:0016020;GO:0008270;GO:0003723;GO:0072494;GO:0039660
Q8YNF9	GO:0019464;GO:0004375
Q9NTJ3	GO:0000799;GO:0051301;GO:0000796;GO:0005634;GO:0000797;GO:0045132;GO:0000070;GO:0000775;GO:0005654;GO:0007076;GO:0010032;GO:0016607;GO:0005524;GO:0005829;GO:0051383
P0DOH0	GO:0019068;GO:0020002;GO:0003676;GO:0008270;GO:0016021;GO:0019028
P96133	GO:0006457;GO:0051082;GO:0005524
Q9UP83	GO:0000139;GO:0005654;GO:0016020;GO:0005794;GO:0017119;GO:0032588;GO:0048219;GO:0005829;GO:0006888;GO:0006891;GO:0015031
E7F9T0	GO:0046872;GO:0003779;GO:0019417;GO:0055114;GO:0071949;GO:0005737;GO:0005856;GO:0030042;GO:0016709
J7RUA5	GO:0003677;GO:0043571;GO:0004519;GO:0051607;GO:0046872;GO:0003723
Q9LFH0	GO:0010252;GO:0010329;GO:0140352;GO:0042626;GO:1990748;GO:1990641;GO:0018901;GO:0009734;GO:0048364;GO:0009506;GO:0015562;GO:0055085;GO:0005886;GO:0071366;GO:0009926;GO:0005524;GO:0016021;GO:0009804
Q96L73	GO:0030331;GO:0005634;GO:0042799;GO:0005654;GO:0000122;GO:0006355;GO:0046966;GO:0046965;GO:0000414;GO:0045893;GO:0016571;GO:0000978;GO:0042974;GO:0003682;GO:0003714;GO:1903025;GO:0033135;GO:0000785;GO:0050681;GO:0046975;GO:0003712;GO:0008270
A1W4R1	GO:0006096;GO:0005576;GO:0009986;GO:0000015;GO:0004634;GO:0000287
Q99708	GO:0042802;GO:0000082;GO:0051301;GO:0005634;GO:0001103;GO:0005654;GO:0003684;GO:0010792;GO:0006357;GO:0006260;GO:1901796;GO:0000724;GO:0006281;GO:0043231;GO:0000014;GO:0032355;GO:0003690;GO:0000729;GO:0003697;GO:0003714;GO:0001835;GO:0000403;GO:0070336;GO:0035861;GO:0017053;GO:0070317;GO:0000406;GO:0051321
P0CT33	GO:0032508;GO:0140445;GO:0003676;GO:0005634;GO:0000722;GO:0043138;GO:0005737;GO:0005694;GO:0005524;GO:0008270
P30154	GO:0070062;GO:0045121;GO:0008287;GO:0005737;GO:0060561;GO:0000159;GO:0019888;GO:2001241;GO:0006470
Q5HTT9	GO:0006420;GO:0005737;GO:0004814;GO:0005524
P12916	GO:0039694;GO:0042025;GO:0004197;GO:0039540;GO:0039657;GO:0005198;GO:0003723;GO:0039522;GO:0018144;GO:0044694;GO:0006260;GO:0039690;GO:0044162;GO:0016020;GO:0039707;GO:0005524;GO:0005216;GO:0003724;GO:0039618;GO:0003968;GO:0044385;GO:0006351;GO:0051259;GO:0039611;GO:0075509;GO:0046872;GO:0039520;GO:0019062
Q1RKN3	GO:0032508;GO:0140445;GO:0005634;GO:0003676;GO:0000722;GO:0043138;GO:0000724;GO:0005737;GO:0006281;GO:0006310;GO:0005524;GO:0005694;GO:0006268;GO:0008270;GO:0009378
A4ISP4	GO:0006096;GO:0005576;GO:0009986;GO:0000015;GO:0004634;GO:0000287
Q6AX33	GO:0000287;GO:0004674;GO:0005524
P36284	GO:0039617;GO:0030430
Q4P3W3	GO:0005730;GO:0003724;GO:0006364;GO:0005524;GO:0003723
Q0DV28	GO:0005871;GO:0048364;GO:0003777;GO:0008017;GO:0008574;GO:0005874;GO:0030705;GO:0016887;GO:0005737;GO:0032886;GO:0005524;GO:0007018
Q5ZIL4	GO:0003725;GO:0007283;GO:0005634;GO:0003727;GO:0003677;GO:0005737;GO:0007275;GO:0030154
Q84687	GO:0039694;GO:0006351;GO:0006396;GO:0003968;GO:0003724;GO:0008174;GO:0005524;GO:0003723
Q7VA29	GO:0003677;GO:0006351;GO:0032549;GO:0003899
B5E9Y2	GO:0042026;GO:0005737;GO:0051082;GO:0005524
Q61789	GO:0045995;GO:0030155;GO:0030334;GO:0005604;GO:0005201;GO:0001738;GO:0009887;GO:0007229;GO:0005783;GO:0007411;GO:0005610;GO:0035987;GO:0005576;GO:0030056;GO:0005178;GO:0098609;GO:0005912;GO:0009888;GO:0016477;GO:0005608;GO:0031581;GO:0062023
B2ISJ9	GO:0003924;GO:0003746;GO:0005737;GO:0005525
Q5NMC3	GO:0000049;GO:0005737;GO:0005524;GO:0004826;GO:0000287;GO:0006432
Q0WVK7	GO:0005794;GO:0005783;GO:0005739
P43609	GO:0006337;GO:0042393;GO:0005634;GO:0016514;GO:0016586;GO:0003677;GO:0006303;GO:0006368;GO:0043044;GO:0008270;GO:0006355;GO:0045893
A1ZAJ2	GO:0008089;GO:0048814;GO:0048489;GO:0048490;GO:0040012;GO:0016188;GO:0030424;GO:1904115;GO:0016192;GO:0005875;GO:0032024;GO:0007528;GO:0008088;GO:0005524;GO:0030425;GO:0046847;GO:0008345;GO:0005871;GO:0045886;GO:0008017;GO:0008574;GO:0030742;GO:0016887;GO:0007018;GO:0003777;GO:0005874;GO:0030705;GO:0047496;GO:0051963;GO:0015031
Q5VU65	GO:0005643;GO:0060009;GO:0007286;GO:0016021
O59605	GO:0006096;GO:0005576;GO:0009986;GO:0000015;GO:0004634;GO:0000287
P06727	GO:0042802;GO:0033344;GO:0042744;GO:0034364;GO:0045723;GO:0034372;GO:0005788;GO:0042157;GO:0042803;GO:0042632;GO:0051006;GO:0065005;GO:0055088;GO:0005507;GO:0005576;GO:0060228;GO:0006695;GO:0008203;GO:0043691;GO:0034375;GO:0070328;GO:0042627;GO:0046470;GO:0005829;GO:0062023;GO:0030300;GO:0033700;GO:0034371;GO:0031210;GO:0006982;GO:0032374;GO:0070062;GO:0015485;GO:0008289;GO:0034378;GO:0010873;GO:0034361;GO:0034380;GO:0046889;GO:0120020;GO:0005543;GO:0010898;GO:0005319;GO:0005769;GO:0034445;GO:0072562;GO:0035634;GO:0002227;GO:0006869;GO:0044267;GO:0001523;GO:0016042;GO:0007159;GO:0019430;GO:0005615;GO:0016209
B3PI96	GO:0005525;GO:0003924;GO:0005737;GO:0003743
A4VSN3	GO:0003924;GO:0003746;GO:0005737;GO:0005525
L8FL04	
Q7TMR0	GO:0008239;GO:0002155;GO:0006508;GO:0045178;GO:0060055;GO:0005764;GO:2000377;GO:0002353;GO:0003085;GO:0004185;GO:0043231;GO:0097009;GO:0043535;GO:0042593
A6NHJ4	GO:0000978;GO:0006357;GO:0005634;GO:0000981;GO:0046872
A8GL86	GO:0008964;GO:0015977;GO:0006107;GO:0006099;GO:0000287
Q3ST50	GO:0003697;GO:0008094;GO:0009432;GO:0006281;GO:0005737;GO:0006310;GO:0005524;GO:0003684
Q9JZP1	GO:0009380;GO:0016887;GO:0009432;GO:0003677;GO:0006289;GO:0005737;GO:0009381;GO:0008270;GO:0005524
Q0C0R3	GO:0006096;GO:0005576;GO:0009986;GO:0000015;GO:0004634;GO:0000287
P13489	GO:0070062;GO:0008428;GO:0045765;GO:0006402;GO:0032311;GO:0005654;GO:0005829
B3LLS9	GO:0005886
P36627	GO:0005730;GO:0003727;GO:0003729;GO:0003677;GO:0005737;GO:0008270;GO:2000767;GO:0005829;GO:0045182;GO:0008494
F4J8G7	GO:0006397;GO:0009793;GO:0005654;GO:0008380;GO:0016607;GO:0080009
C1CC62	GO:0003924;GO:0003746;GO:0005737;GO:0005525
Q09259	
Q8NEP9	GO:0006357;GO:0001227;GO:0000790;GO:0000981;GO:0000122;GO:0046872;GO:0000977
Q9PI02	GO:0005737;GO:0016887;GO:0005524
A6VI14	GO:0008852;GO:0000738;GO:0008408;GO:0003677;GO:0003887;GO:0006261
C8ZEN7	GO:0005886
Q7TN75	GO:0001890;GO:0006915;GO:0003677;GO:0005654;GO:0005737;GO:0030512;GO:0030154;GO:0008270;GO:0005829
Q6BKG0	GO:0000298;GO:0005774;GO:0016021
O84799	GO:1990077;GO:0003677;GO:0005737;GO:0008270;GO:0006269;GO:0003896
P27446	GO:0046872;GO:0004715;GO:0005524;GO:0007275
Q928I2	GO:0006007;GO:0006096;GO:0005737;GO:0030145;GO:0046537
Q68XR2	GO:0009408;GO:0016887;GO:0005737;GO:0005524;GO:0042026
Q62MH0	GO:0003697;GO:0008094;GO:0009432;GO:0006281;GO:0005737;GO:0006310;GO:0005524;GO:0003684
Q9XFH4	GO:0044030;GO:0003678;GO:0032197;GO:0008094;GO:0051574;GO:0005634;GO:0009294;GO:0016887;GO:0006346;GO:0000786;GO:0003677;GO:0090241;GO:0005524;GO:0070829;GO:0006349
A5DZX2	GO:0005643;GO:0003724;GO:0031965;GO:0005737;GO:0005524;GO:0003723;GO:0051028;GO:0015031
P34036	GO:0042802;GO:0005813;GO:0031122;GO:0007097;GO:0072382;GO:0005737;GO:0005868;GO:0051959;GO:0043273;GO:0061474;GO:0030139;GO:0030286;GO:0090382;GO:0005524;GO:0005881;GO:0045505;GO:0090307;GO:0008017;GO:0036186;GO:0016887;GO:0051293;GO:0015631;GO:0007018;GO:0000278;GO:0005938;GO:0008569
Q0CYG9	GO:0005789;GO:0006888;GO:0015031;GO:0012507
P97433	GO:0005085;GO:0000902;GO:0035023;GO:0035556;GO:0005737;GO:0003723;GO:0005089;GO:0021955;GO:0005886;GO:0046872;GO:0060052
Q6B8R8	GO:0006351;GO:0003899;GO:0032549;GO:0003677;GO:0009507
Q2GGT3	GO:0006420;GO:0005737;GO:0004814;GO:0005524
P75039	GO:0005351;GO:0009401;GO:0022877;GO:0016301;GO:0005886;GO:0016021
Q9C7W4	GO:0006631;GO:0016020;GO:0005783;GO:0005524;GO:0004467;GO:0102391;GO:0003996
A0A0A2JW91	GO:0006633;GO:0004315;GO:0016491;GO:0031177
Q9AIX9	GO:0005737
Q01YD1	GO:0006096;GO:0005576;GO:0009986;GO:0000015;GO:0004634;GO:0000287
Q88DA5	GO:0051539;GO:0016830;GO:0009229;GO:0009228;GO:0008270
A5W9V8	GO:0051539;GO:0016830;GO:0009229;GO:0009228;GO:0008270
A3DP49	GO:0051301;GO:0007049;GO:0006260;GO:0003910;GO:0003677;GO:0051103;GO:0006310;GO:0005524;GO:0046872;GO:0071897
P28737	GO:0006626;GO:0005739;GO:0016887;GO:0005524;GO:0016021;GO:0005778;GO:0005741
Q8Y1Y6	GO:0003697;GO:0008094;GO:0009432;GO:0006281;GO:0005737;GO:0006310;GO:0005524;GO:0003684
P24453	GO:0070330;GO:0019369;GO:0008203;GO:0005789;GO:0101020;GO:0106256;GO:0101021;GO:0005506;GO:0042572;GO:0008210;GO:0020037
Q7VKA1	GO:0003684;GO:0030983;GO:0005524;GO:0006298
Q88VK7	GO:0005525;GO:0003924;GO:0005737;GO:0003743
Q49W02	GO:0006007;GO:0006096;GO:0005737;GO:0030145;GO:0046537
B1MLV9	GO:0045263;GO:0045261;GO:0005886;GO:0016021;GO:0046933
C5D9C9	GO:0005525;GO:0003924;GO:0005737;GO:0003743
Q8NHY6	GO:0000978;GO:0006357;GO:0046872;GO:0005634;GO:0000981
Q26473	GO:0030154;GO:0030215;GO:0016021;GO:0007399
Q8NIW7	GO:0005681;GO:0005634;GO:0045131;GO:0003729;GO:0000398;GO:0008270;GO:0000381
P77958	GO:0006542;GO:0005737;GO:0005524;GO:0046872;GO:0004356
Q5DTT3	GO:0005654;GO:0005829
Q03001	GO:0031122;GO:0005604;GO:0005634;GO:0035371;GO:0005654;GO:0005737;GO:0007229;GO:0042803;GO:0030018;GO:0005882;GO:0005198;GO:0015629;GO:0031410;GO:0030424;GO:0000226;GO:0045104;GO:0042060;GO:0005925;GO:0003779;GO:0009925;GO:0030056;GO:1904115;GO:0008090;GO:0048870;GO:0016020;GO:0008022;GO:0007010;GO:0016021;GO:0005829;GO:0031581;GO:0030011;GO:0015630;GO:0005509;GO:0031673;GO:0008017;GO:0051010;GO:0005789;GO:0045111;GO:0005635;GO:0005178;GO:0007155;GO:0005938;GO:0009611;GO:0031252
A9VQ48	GO:0006096;GO:0005576;GO:0009986;GO:0000015;GO:0004634;GO:0000287
P74397	GO:1990077;GO:0043138;GO:0003677;GO:0006270;GO:0006310;GO:0005524;GO:0006269;GO:0006268;GO:0008270;GO:0006302
Q9US34	GO:0030170;GO:0005829;GO:0008483;GO:0005739
Q67724	GO:0006351;GO:0030430;GO:0006396;GO:0003968;GO:0003724;GO:0008174;GO:0005524;GO:0003723
O60393	GO:0000978;GO:0006357;GO:0001541;GO:0000790;GO:0000981;GO:0001228;GO:0043565;GO:0048477;GO:0045944
A2T7D2	GO:0000978;GO:0006357;GO:0046872;GO:0005634;GO:0000981
Q6PG37	GO:0000978;GO:0006357;GO:0005634;GO:0000981;GO:0046872
B5E6U5	GO:0003924;GO:0003746;GO:0005737;GO:0005525
Q97EZ2	GO:0033920;GO:0019512
Q5FNN5	GO:0006096;GO:0005576;GO:0009986;GO:0000015;GO:0004634;GO:0000287
Q3MIS6	GO:0000978;GO:0006357;GO:0005634;GO:0000981;GO:0046872
P19712	GO:0090501;GO:0039694;GO:0039502;GO:0042025;GO:0004197;GO:1901800;GO:0003723;GO:0033897;GO:0039548;GO:0039501;GO:0006508;GO:0044228;GO:0004540;GO:0039707;GO:0005524;GO:0016021;GO:0039547;GO:0039644;GO:0019082;GO:0032688;GO:0005216;GO:0003724;GO:1903608;GO:0003968;GO:0039654;GO:0044385;GO:0008234;GO:0020002;GO:0044165;GO:0070008;GO:0030430;GO:0055036;GO:0051259;GO:0019013;GO:0039520;GO:0019062;GO:0004252;GO:0010468
O88502	GO:0047555;GO:1903206;GO:0046872;GO:0006198;GO:0070374;GO:0007165;GO:0004115;GO:0001934;GO:0071364;GO:0004114;GO:0019900;GO:0060548
Q9ZHC9	GO:0005886;GO:0015297;GO:0016021;GO:0008324
P20715	GO:0006695;GO:0005789;GO:0004420;GO:0015936;GO:0008299;GO:0050661;GO:0005783;GO:0016021;GO:0005778
Q9VIQ9	GO:0007015;GO:0007399;GO:0050829;GO:0016887;GO:0005524;GO:0045087;GO:0007409
O15131	GO:0019054;GO:0005634;GO:0006607;GO:0008139;GO:0005654;GO:0005829;GO:0061608
E1BGQ2	GO:0003676;GO:0005730;GO:0005737;GO:0008988;GO:0031167;GO:1904047;GO:0008270;GO:0045727
G0S4T0	GO:0005643;GO:0051028;GO:0015031
Q7VW79	GO:0006096;GO:0005576;GO:0009986;GO:0000015;GO:0004634;GO:0000287
P20192	GO:0004143;GO:0005509;GO:0046834;GO:0007205;GO:0046486;GO:0035556;GO:0005886;GO:0046339;GO:0005524;GO:0006654;GO:0005829;GO:0003951
Q7VKX4	GO:0003755;GO:0005886;GO:0016021
Q96662	GO:0039694;GO:0004197;GO:0075512;GO:0003723;GO:0033897;GO:0039548;GO:0044228;GO:0039707;GO:0005524;GO:0016021;GO:0019082;GO:0005216;GO:0003724;GO:0003968;GO:0039654;GO:0044385;GO:0070008;GO:0030430;GO:0055036;GO:0051259;GO:0039520;GO:0019062;GO:0004252
Q5PKQ5	GO:0006744;GO:0008694;GO:0005886;GO:0046872
C8ZHH9	GO:0032008;GO:0005773;GO:0046872
C1F8M1	GO:0006402;GO:0006396;GO:0005737;GO:0004654;GO:0003723;GO:0000287
Q57252	GO:0051539;GO:0004458;GO:0050660;GO:0071949;GO:0008720;GO:0046872;GO:1903457
B1PS76	GO:0039694;GO:0006351;GO:0006396;GO:0003968;GO:0003724;GO:0008174;GO:0005524;GO:0046872;GO:0003723;GO:0051213
B8HEU5	GO:0006096;GO:0005576;GO:0009986;GO:0000015;GO:0004634;GO:0000287
A0RKS3	GO:0006096;GO:0005576;GO:0009986;GO:0000015;GO:0004634;GO:0000287
A9MJD3	GO:0006072;GO:0019563;GO:0052591
A5FMT0	GO:0019464;GO:0004375
A9CIB3	GO:0006260;GO:0003677;GO:0006281;GO:0046872;GO:0003911
A7HK39	GO:0034605;GO:0004176;GO:0043565;GO:0005737;GO:0005524;GO:0006515;GO:0004252
P0C9S8	
P52732	GO:0005819;GO:0051301;GO:0005634;GO:0019901;GO:0000922;GO:0046602;GO:0007100;GO:0007052;GO:0016020;GO:0005524;GO:0090307;GO:0005829;GO:0005871;GO:0008017;GO:0008574;GO:0072686;GO:0007018;GO:0007051;GO:0006890;GO:0003777;GO:0005874;GO:0000278;GO:0019886;GO:0032991
Q631M2	GO:0006096;GO:0005576;GO:0009986;GO:0000015;GO:0004634;GO:0000287
C1F645	GO:0003924;GO:0003746;GO:0005737;GO:0005525
P29183	GO:0004806;GO:0016298;GO:0016042;GO:0046872;GO:0005615
E7LYB2	GO:0005886
Q92JE7	GO:0009058;GO:0030170;GO:0004069;GO:0005737;GO:0033854
Q4FZC9	GO:0008360;GO:0051647;GO:0005640;GO:0005791;GO:0007097;GO:0016021;GO:0034993;GO:0031965;GO:0005737;GO:0090150;GO:0005635;GO:0007010;GO:0051015;GO:0140444
B8ZKU0	GO:0003924;GO:0003746;GO:0005737;GO:0005525
Q3KI84	GO:0005525;GO:0003924;GO:0005737;GO:0003743
Q8A6L0	GO:0030246;GO:0046872;GO:0052692;GO:0005975
P03543	GO:0042025;GO:0003676;GO:0075732;GO:0039620;GO:0008270;GO:0005198;GO:0046718
A0A384XH94	GO:0004435;GO:0016491;GO:0035556;GO:0032259;GO:0006633;GO:0008168;GO:0004315
O75129	GO:0048105;GO:0005509;GO:0005768;GO:0005769;GO:0001764;GO:0060187;GO:0030136;GO:0005938;GO:0007158;GO:0043533;GO:0016021;GO:2000009;GO:0043204;GO:0005770;GO:0015031
P23647	GO:0007224;GO:0031398;GO:0005737;GO:0042803;GO:0005929;GO:0004674;GO:0035301;GO:0005119;GO:0031234;GO:0007293;GO:0007228;GO:0046777;GO:0005524;GO:0005829;GO:0045879;GO:0042073;GO:0046824;GO:0035222;GO:0007367;GO:0032991;GO:0030514
Q8Z3C3	GO:0006744;GO:0008694;GO:0005886;GO:0046872
Q89KV6	GO:0006096;GO:0005576;GO:0009986;GO:0000015;GO:0032889;GO:0004634;GO:0000287
P11722	GO:0008360;GO:0006953;GO:0008201;GO:0031012;GO:0007155;GO:0016477;GO:0005615;GO:0062023
Q1MG62	GO:0019464;GO:0004375
Q9SMV7	GO:0008094;GO:0032301;GO:0000400;GO:0045910;GO:0000710;GO:0032300;GO:0005524;GO:0006298;GO:0043570;GO:0036297;GO:0030983;GO:0006290
P54802	GO:0007040;GO:0070062;GO:0007399;GO:0021680;GO:0005764;GO:0042474;GO:0045475;GO:0046548;GO:0060119;GO:0004561;GO:0006027;GO:0043202
Q9KNA8	GO:0018298;GO:0009416;GO:0071949;GO:0003677;GO:0006281;GO:0003904
O69177	GO:0034605;GO:0004176;GO:0043565;GO:0005737;GO:0005524;GO:0006515;GO:0004252
B6YUB8	GO:0006096;GO:0005576;GO:0009986;GO:0000015;GO:0004634;GO:0000287
P37297	GO:0030866;GO:0005739;GO:0016236;GO:0061909;GO:0000422;GO:0060237;GO:0004430;GO:0005737;GO:0005886;GO:0016020;GO:0005524;GO:0052742;GO:0048015;GO:0046854
Q5LCA5	GO:0051539;GO:0016830;GO:0009229;GO:0009228;GO:0008270
E4T0I2	GO:0003723;GO:0051607;GO:0004519
A1UU50	GO:0005525;GO:0003924;GO:0005737;GO:0003743
Q97ED5	GO:0006433;GO:0002161;GO:0005737;GO:0005524;GO:0004827
Q82K39	GO:0065002;GO:0006605;GO:0005737;GO:0005886;GO:0017038;GO:0005524
P33478	GO:0039694;GO:0003725;GO:0039502;GO:0042025;GO:0019031;GO:0039564;GO:0004483;GO:0075512;GO:0005198;GO:0005576;GO:0044220;GO:0004482;GO:0039707;GO:0005524;GO:0016021;GO:0019028;GO:0039545;GO:0005216;GO:0003724;GO:0033650;GO:0003968;GO:0039654;GO:0044385;GO:0039574;GO:0055036;GO:0051259;GO:0046983;GO:0044167;GO:0046872;GO:0039520;GO:0019062;GO:0004252
M1W0X8	GO:0035835;GO:0016740;GO:0016874;GO:0031177
A0PYP4	GO:0006096;GO:0005576;GO:0009986;GO:0000015;GO:0004634;GO:0000287
Q6MBZ5	GO:0042026;GO:0005737;GO:0051082;GO:0005524
Q751A7	GO:0005634;GO:0005737
P28947	GO:0006260;GO:0042025;GO:0005524;GO:0003688
Q2GGS6	GO:0006096;GO:0005576;GO:0009986;GO:0000015;GO:0004634;GO:0000287
A1TY02	GO:0006527;GO:0008792;GO:0008295;GO:0046872
A0A098D065	GO:0000045;GO:0000422;GO:0005774;GO:0034045;GO:0015031
A5GPI9	GO:0006260;GO:0003677;GO:0006281;GO:0046872;GO:0003911
C1G198	GO:0030956;GO:0005739;GO:0050567;GO:0070681;GO:0005524;GO:0032543
Q8TE59	GO:0031012;GO:0004222;GO:0030198;GO:0046872
A9IIP8	GO:0006096;GO:0005576;GO:0009986;GO:0000015;GO:0004634;GO:0000287
Q9SM09	GO:0033180;GO:0046933;GO:0046961;GO:0005524
Q7UZG3	GO:0006457;GO:0051082;GO:0005524
P0CA03	GO:0044220;GO:0019012;GO:0042025
P21441	GO:0046677;GO:0008559;GO:0016887;GO:0005524;GO:0016021
E9Q401	GO:0042802;GO:0003220;GO:0071421;GO:0033017;GO:0019901;GO:0005516;GO:0015278;GO:0034220;GO:0051480;GO:0005737;GO:0005219;GO:0005783;GO:0030018;GO:0060402;GO:0098910;GO:0019899;GO:0031234;GO:0055117;GO:0003300;GO:0032026;GO:0071313;GO:0071872;GO:0001666;GO:0006874;GO:0043621;GO:0086029;GO:0098904;GO:0051481;GO:0051209;GO:0034704;GO:0051592;GO:0034237;GO:0005886;GO:0016020;GO:0043924;GO:0010882;GO:0016021;GO:0051775;GO:0097050;GO:0035994;GO:0010460;GO:0005509;GO:0070588;GO:0019722;GO:0060401;GO:0097110;GO:0097159;GO:0086005;GO:0006816;GO:0031672;GO:0098911;GO:0051284;GO:1901896;GO:0072599;GO:0005262;GO:0005635;GO:0034236;GO:0014808;GO:0005513;GO:0014850;GO:0030659;GO:0035584;GO:0042383;GO:0043005;GO:0005790;GO:0002027;GO:0031000;GO:0048763;GO:0060048;GO:0098907;GO:0010881;GO:0030017;GO:0070296;GO:0032991;GO:0016529;GO:0003143;GO:0098735
A0AHW2	GO:0000049;GO:0005737;GO:0005524;GO:0004826;GO:0000287;GO:0006432
Q8RU74	GO:0009073;GO:0009423;GO:0046872;GO:0033587;GO:0003856;GO:0009507
A1A5B6	GO:0006914;GO:0017137;GO:0090630;GO:1901096;GO:0006886;GO:0005776;GO:0031410;GO:0005096
Q8VDU0	GO:0042802;GO:0099738;GO:0005813;GO:1904778;GO:0051301;GO:0016328;GO:0005737;GO:0031291;GO:0005092;GO:0043621;GO:0051661;GO:0070840;GO:0007052;GO:0008022;GO:0005829;GO:0097575;GO:0000166;GO:0019904;GO:0097431;GO:0001965;GO:0005938;GO:0000132;GO:1905832;GO:0060236;GO:0032991
Q318Q7	GO:0003677;GO:0006351;GO:0032549;GO:0003899
P06025	GO:0003723;GO:0019013;GO:0030430;GO:0019029
A0A097ZPE0	GO:0016787;GO:0032259;GO:0006633;GO:0008168;GO:0004315;GO:0016114
Q1MH36	GO:0006096;GO:0005576;GO:0009986;GO:0000015;GO:0004634;GO:0000287
Q1ISS7	GO:0006096;GO:0005576;GO:0009986;GO:0000015;GO:0004634;GO:0000287
P10262	GO:0039702;GO:0020002;GO:0044185;GO:0019013;GO:0016020;GO:0008270;GO:0003723;GO:0072494;GO:0039660
P36365	GO:0006082;GO:0004497;GO:0004499;GO:0005789;GO:0006970;GO:0009404;GO:0032496;GO:0050660;GO:0043231;GO:0050661;GO:0016021;GO:0017144;GO:0070995
Q9SAF6	GO:0005654;GO:0031965;GO:0005737;GO:0097298;GO:0006997;GO:0005652;GO:0034399
B3EH94	GO:0003924;GO:0003746;GO:0005737;GO:0005525
P03356	GO:0004190;GO:0015074;GO:0003964;GO:0044185;GO:0044826;GO:0039657;GO:0003723;GO:0046718;GO:0072494;GO:0075713;GO:0039660;GO:0019068;GO:0020002;GO:0003887;GO:0003677;GO:0004523;GO:0019013;GO:0006310;GO:0016020;GO:0008270
O94205	GO:0035835;GO:0016740;GO:0016874;GO:0031177
Q3AK30	GO:0051539;GO:0046429;GO:0019288;GO:0005506;GO:0016114
Q1H4P4	GO:0003677;GO:0006351;GO:0032549;GO:0003899
Q1DLP2	GO:0003779;GO:0030479;GO:0005524;GO:0003774;GO:0016459
A3MV63	GO:0004812;GO:0050567;GO:0005737;GO:0005524;GO:0006412
A5EIE5	GO:0000287;GO:0016779;GO:0005524
Q6A078	GO:0042802;GO:1905349;GO:0005813;GO:0007507;GO:0007163;GO:0005634;GO:0045494;GO:0005737;GO:0120206;GO:0034451;GO:0097711;GO:0048793;GO:0005814;GO:0031410;GO:0070201;GO:0045893;GO:0000226;GO:0030916;GO:0036038;GO:0032391;GO:0120205;GO:0001822;GO:0005829;GO:1905515;GO:0120200;GO:0060041;GO:0035869;GO:0042462;GO:0060271;GO:0036064;GO:0007368;GO:0001750;GO:0090316;GO:0032991;GO:0030902;GO:0015031
Q16363	GO:0045995;GO:0030155;GO:0005576;GO:0005604;GO:0005201;GO:0030334;GO:0070062;GO:0120163;GO:0007155;GO:0005102;GO:0062023;GO:0030198
Q5NVB9	GO:0000139;GO:0015095;GO:0019706;GO:0005794;GO:0016021;GO:0030660;GO:0030659;GO:0016409
A0A1R3RGK0	GO:0016491;GO:0032259;GO:0006633;GO:0008168;GO:0004315;GO:0031177
Q4R350	GO:0030014;GO:0005634;GO:0006417;GO:0005737;GO:0031047
C1L2C6	GO:0000049;GO:0005737;GO:0005524;GO:0004826;GO:0000287;GO:0006432
Q6PAC4	GO:0050908;GO:0001917;GO:0001750;GO:0005929;GO:1903546;GO:0035845
P11277	GO:0003779;GO:0030506;GO:0031235;GO:0000165;GO:0015629;GO:0009986;GO:0014731;GO:0005200;GO:0007411;GO:0051015;GO:0032991;GO:0005829;GO:0006888;GO:0051693;GO:0008091
B1I8Z9	GO:0003924;GO:0003746;GO:0005737;GO:0005525
L7X8J4	GO:0016491;GO:0016746;GO:0031177
Q1LU45	GO:0051539;GO:0016830;GO:0009229;GO:0009228;GO:0008270
Q0IAF4	GO:0009380;GO:0009432;GO:0003677;GO:0006289;GO:0005737;GO:0009381
C5DQW8	GO:0030956;GO:0005739;GO:0050567;GO:0070681;GO:0005524;GO:0032543
B8CW13	GO:0006260;GO:0007062;GO:0003677;GO:0005737;GO:0030261;GO:0005694;GO:0005524
A1YG48	GO:0003677;GO:0046872;GO:0005634;GO:0006355
Q3A9M2	GO:0003676;GO:0006430;GO:0005737;GO:0004824;GO:0005524;GO:0000287
Q60307	
Q9M667	GO:0009626;GO:0043531;GO:0005737;GO:0005886;GO:0005524;GO:0009814
B7IUH1	GO:0005525;GO:0003924;GO:0005737;GO:0003743
Q5N1V0	GO:0006457;GO:0051082;GO:0005524
O97961	GO:0007018;GO:0019894;GO:0015031;GO:0030176
Q9CWU2	GO:0000139;GO:0015095;GO:0019706;GO:0005794;GO:0005783;GO:0016021;GO:0030660;GO:0030659;GO:0016409;GO:0018345
B3H6Z8	GO:0003777;GO:0008017;GO:0005874;GO:0005886;GO:0005524;GO:0007018
Q6NSW3	GO:0051018;GO:0005737;GO:0030018;GO:0005739
Q9FZ06	GO:0005871;GO:0048364;GO:0003777;GO:0008017;GO:0008574;GO:0005874;GO:0030705;GO:0016887;GO:0005737;GO:0032886;GO:0005524;GO:0007018
Q4LAK0	GO:0044208;GO:0004019;GO:0005737;GO:0005525;GO:0000287
Q5BGA9	GO:0003723;GO:0005686;GO:0006364;GO:1990904
P54686	GO:0007015;GO:0030863;GO:0006909;GO:0006935;GO:0006907;GO:0019954;GO:0060187;GO:0030836;GO:0061836;GO:0042641;GO:0001891;GO:1903673;GO:0030010;GO:0030027;GO:0051015;GO:0030042;GO:0030041;GO:1905861;GO:0030864;GO:0043327
B9EB69	GO:0006526;GO:0044205;GO:0005524;GO:0046872;GO:0004088
P05335	GO:0033540;GO:0071949;GO:0003997;GO:0005777
B1J2J5	GO:0009073;GO:0005737;GO:0009423;GO:0000166;GO:0046872;GO:0003856
O54972	GO:0032436;GO:0003682;GO:0001666;GO:0006351;GO:0045892;GO:0005634;GO:0030851;GO:1903715;GO:0005730;GO:0000139;GO:0008285;GO:0003714;GO:0005654;GO:0045820;GO:0000122;GO:0046872
P63384	GO:0009380;GO:0016887;GO:0009432;GO:0003677;GO:0006289;GO:0005737;GO:0009381;GO:0008270;GO:0005524
Q8DDG1	GO:0051539;GO:0004160;GO:0009099;GO:0009097;GO:0046872
Q96HE7	GO:0006464;GO:0005788;GO:0005783;GO:0030968;GO:0070059;GO:0050873;GO:0045454;GO:0018401;GO:0051209;GO:0016020;GO:0030425;GO:0051085;GO:0043231;GO:0034975;GO:0006457;GO:0005789;GO:0022417;GO:0009266;GO:0030198;GO:0010260;GO:0016491;GO:0071456;GO:0003756;GO:0034599;GO:0015035;GO:0034976;GO:0016671
Q7V5P1	GO:0003677;GO:0006351;GO:0032549;GO:0003899
Q8L735	GO:0019252;GO:0010021;GO:0009507;GO:0019156
Q9PLC9	GO:0003677;GO:1990077;GO:0008270;GO:0003896
P18311	GO:0005525;GO:0003924;GO:0005737;GO:0003743
Q8N2C7	GO:0005261;GO:0034703;GO:0005886;GO:0055080;GO:0034220;GO:0030424
Q9LAI2	GO:0003677;GO:0009307;GO:0015667;GO:0008170
Q5FM92	GO:0003924;GO:0003746;GO:0005737;GO:0005525
A2RSQ0	GO:1905885;GO:0017112;GO:0016021
Q8CPT9	GO:0003678;GO:0008408;GO:0000724;GO:0005524;GO:0003690
Q96K83	GO:0000978;GO:0006357;GO:0019904;GO:0005634;GO:0048663;GO:0001228;GO:0046872
Q06683	GO:0005759;GO:0032042;GO:0005739;GO:0005634;GO:0003677;GO:0003724;GO:0036121;GO:0005524;GO:0003723
E9E9B2	GO:0070006;GO:0046872
P87235	GO:0003697;GO:0000111;GO:0005730;GO:0006289;GO:0005737;GO:0071942;GO:0000109;GO:0006298;GO:0003684
P0C113	GO:0034605;GO:0004176;GO:0043565;GO:0005737;GO:0005524;GO:0006515;GO:0004252
A2A870	GO:0005813;GO:0090162;GO:0000922;GO:0097539;GO:0005737;GO:0060271;GO:0005814;GO:0036064;GO:0043297;GO:0045095;GO:0043296
P16285	GO:0003723;GO:0019013;GO:0030430;GO:0019029
Q6BRY4	GO:0046421;GO:0009514;GO:0004451;GO:0006097;GO:0006099;GO:0046872
Q8IUH4	GO:0000139;GO:0015095;GO:0019706;GO:0016020;GO:0043123;GO:0005783;GO:0016021;GO:0030660;GO:0030659;GO:0016409;GO:0018345
P85097	GO:0051539;GO:0016491;GO:0042128;GO:0043546;GO:0005737;GO:0005886;GO:0046872
A2QD49	GO:0034599;GO:0008926;GO:0034605;GO:0019593
P0ABC9	GO:0019285;GO:0022857;GO:0005886;GO:0016021;GO:0015220;GO:0005887;GO:0006974
A0ALE0	GO:0006007;GO:0006096;GO:0005737;GO:0030145;GO:0046537
Q6PCG6	GO:0002142;GO:0005634;GO:0098609;GO:0005912;GO:0005886;GO:0017022;GO:0016021
Q96M86	GO:0070062;GO:0036156;GO:0030286;GO:0003341;GO:0005858;GO:0005524;GO:0007018;GO:0008569;GO:0051959;GO:0045505
Q9I7U4	GO:0045214;GO:0007520;GO:0007522;GO:0051301;GO:0040011;GO:0007062;GO:0005863;GO:0035206;GO:0030018;GO:0000794;GO:0016203;GO:0003779;GO:0007076;GO:0007525;GO:0030017;GO:0031674;GO:0008307;GO:0007498
Q9D5E4	GO:0005737;GO:0005930;GO:0031514
P18714	GO:0003677;GO:0005634;GO:0046872
Q2JLU3	GO:0006260;GO:0003677;GO:0006281;GO:0046872;GO:0003911
B3P3W1	GO:0060213;GO:0043186;GO:0006342;GO:0007283;GO:0003676;GO:0005634;GO:0008298;GO:0030423;GO:0030720;GO:0046843;GO:0000335;GO:0030717;GO:0003724;GO:0007076;GO:0007294;GO:0001556;GO:0009949;GO:0009951;GO:0005524;GO:0007317
Q5VYS8	GO:0035198;GO:0070569;GO:0005634;GO:0005654;GO:0005737;GO:0001556;GO:0050265;GO:0003723;GO:0016779;GO:0006378;GO:0010586;GO:0010526;GO:0005829;GO:0000289;GO:0006397;GO:0071076;GO:0031123;GO:0008270;GO:1990074;GO:0004652;GO:0031054
A4X3B7	GO:0006096;GO:0005576;GO:0009986;GO:0000015;GO:0004634;GO:0000287
Q5XIA4	GO:0030014;GO:0005634;GO:0006402;GO:0017148;GO:0005737;GO:0031047
C8XPS0	GO:0062205;GO:0010333;GO:0000287;GO:0009507;GO:0016114;GO:0102353
Q1MS78	GO:0006096;GO:0005576;GO:0009986;GO:0000015;GO:0004634;GO:0000287
Q9FML2	GO:0016441;GO:0009651;GO:0005634;GO:0009737;GO:0010431;GO:0005730;GO:0016458;GO:0016575;GO:0009793;GO:0004407;GO:0010228;GO:0032041;GO:0009941
Q6LWM9	GO:0004360;GO:1901137;GO:0005737;GO:0097367;GO:0006541;GO:0005975
Q7UJB1	GO:0018298;GO:0071949;GO:0003677;GO:0003913;GO:0000719
P54100	GO:0045785;GO:0007229;GO:0005911;GO:0002768;GO:0007264;GO:0030593;GO:0042110;GO:0006955;GO:0043087;GO:0005088;GO:0140031;GO:0072593;GO:0043547;GO:0030676;GO:0007186;GO:0005085;GO:0006909;GO:0035556;GO:0005089;GO:0001784;GO:0045954;GO:0008361;GO:0048468;GO:0046872;GO:0030217
B2ILX8	GO:0030956;GO:0016787;GO:0050567;GO:0005524;GO:0006412
Q5F259	GO:0005769;GO:0005737;GO:0005886;GO:0140036;GO:0043231;GO:0002091;GO:0048471;GO:0005770
Q8NCN4	GO:0016567;GO:2000780;GO:0005634;GO:0016740;GO:0005730;GO:0035861;GO:0005654;GO:0016604;GO:0046872;GO:0005829;GO:0031491;GO:0070530;GO:0006974
Q24292	GO:0007560;GO:0005509;GO:0030054;GO:0001736;GO:0060071;GO:0035332;GO:0098609;GO:0007156;GO:0005886;GO:0035331;GO:0042067;GO:0016021;GO:0016327;GO:0090251
Q6GIK4	GO:0005576;GO:0007155;GO:0009405;GO:0016020;GO:0005618
A7GUR7	GO:0006096;GO:0005576;GO:0009986;GO:0000015;GO:0004634;GO:0000287
P77810	GO:0034605;GO:0004176;GO:0043565;GO:0005737;GO:0005524;GO:0006515;GO:0004252
Q4WT66	GO:0016874;GO:0000036;GO:0009405;GO:0005737;GO:0031177
Q5LC42	GO:0003883;GO:0005524;GO:0046872;GO:0006541;GO:0044210
Q6G2Z3	GO:0003697;GO:0008094;GO:0009432;GO:0006281;GO:0005737;GO:0006310;GO:0005524;GO:0003684
Q8C827	GO:0000978;GO:0006357;GO:0046872;GO:0005634;GO:0001228
E9Q8T7	GO:0007288;GO:0005576;GO:0003777;GO:0036126;GO:0036156;GO:0005874;GO:0030286;GO:0003341;GO:0036159;GO:0003351;GO:0005858;GO:0060294;GO:0005930;GO:0005524;GO:0007018;GO:0030317;GO:0008569;GO:0051959;GO:0045505
Q641A2	GO:0005886;GO:0072659
P45443	GO:0031122;GO:0030286;GO:0000278;GO:0007097;GO:0072382;GO:0005938;GO:0005868;GO:0051293;GO:0005881;GO:0005524;GO:0007018;GO:0008569;GO:0051959;GO:0045505
Q8BHW6	GO:0005509
P29045	GO:0003723;GO:0039694;GO:0000166;GO:0003968
Q45716	GO:0009405;GO:0090729;GO:0005102;GO:0030435
Q84T03	GO:0003724;GO:0005524;GO:0003723;GO:0000463;GO:0005730
Q8VI47	GO:0071716;GO:0009408;GO:0071356;GO:0097327;GO:0042178;GO:0071354;GO:1990962;GO:0043627;GO:0016999;GO:0070633;GO:0046618;GO:0046685;GO:0015694;GO:1901086;GO:0010629;GO:0008559;GO:0038183;GO:0120188;GO:0009986;GO:0016020;GO:0031526;GO:0005524;GO:0042910;GO:0015711;GO:0005887;GO:0032355;GO:1904486;GO:0071222;GO:0050787;GO:0007565;GO:0030644;GO:0015722;GO:0035690;GO:0006954;GO:0033762;GO:0042626;GO:0008514;GO:0015721;GO:0031427;GO:0071549;GO:0016324;GO:0071347;GO:0006855;GO:0019904;GO:0055085;GO:0070327;GO:0042493;GO:0015732;GO:0046581;GO:0006979;GO:1990961
Q6PDB4	GO:0000978;GO:0006357;GO:0046872;GO:0005634;GO:0000981
A7J399	GO:0003723;GO:0019013;GO:0039616;GO:0039625
B7GGW8	GO:0000049;GO:0005737;GO:0005524;GO:0004826;GO:0000287;GO:0006432
F4K487	
O75081	GO:0032436;GO:0001666;GO:0006351;GO:0045892;GO:0005634;GO:0030851;GO:1903715;GO:0005730;GO:0000139;GO:0008285;GO:0003714;GO:0005654;GO:0045820;GO:0046872
Q3SL43	GO:0006096;GO:0005576;GO:0009986;GO:0000015;GO:0004634;GO:0000287
Q5FVB0	GO:0048471
Q39547	GO:0005576;GO:0004252
B0C6E1	GO:0051539;GO:0046429;GO:0019288;GO:0005506;GO:0016114
P50285	GO:0006082;GO:0004497;GO:0004499;GO:0005789;GO:0006970;GO:0009404;GO:0032496;GO:0050660;GO:0043231;GO:0050661;GO:0016021;GO:0017144;GO:0070995
Q73ZQ6	GO:0019464;GO:0004375
Q5EAD0	GO:2000251;GO:0008360;GO:0008093;GO:0051017;GO:0030175;GO:0005654;GO:0001726;GO:0005856;GO:0016020;GO:0009617;GO:0032956;GO:0070064;GO:0051764;GO:0005829;GO:0030838;GO:0007009
A2C6S8	GO:0003677;GO:0006351;GO:0032549;GO:0003899
A4G224	GO:0051539;GO:0016830;GO:0009229;GO:0009228;GO:0008270
Q3SWN3	GO:0008534;GO:0006289;GO:0008270;GO:0140078;GO:0003684;GO:0006284
Q9UT44	GO:0055129;GO:0005634;GO:0004350;GO:0050661;GO:0005829;GO:0006561
O27476	GO:0002949;GO:0004222;GO:0000408;GO:0004712;GO:0005737;GO:0005506;GO:0005524;GO:0008270;GO:0004674;GO:0061711
Q9W0M1	GO:1905349;GO:0005813;GO:0061824;GO:0005634;GO:0035869;GO:0061822;GO:0005737;GO:0060271;GO:0097711;GO:0005814;GO:1905515
E1BMP7	GO:0017116;GO:0071932;GO:0005634;GO:0005654;GO:0005737;GO:0003723;GO:0006284;GO:0000784;GO:0051539;GO:0017108;GO:0006260;GO:0043139;GO:0006264;GO:0005524;GO:0043504;GO:0000729;GO:0004518;GO:0045740;GO:1902990;GO:0043137;GO:0005760;GO:0003678;GO:0000076;GO:0042645;GO:0003677;GO:0046872;GO:0033567;GO:0016890
B2BMF8	GO:0003723;GO:0019013;GO:0039616;GO:0039625
A4IF62	GO:0032728;GO:0003682;GO:0006351;GO:0003899;GO:0005666;GO:0003677;GO:0005654;GO:0046872;GO:0051607;GO:0045087
Q8R967	GO:0006096;GO:0005576;GO:0009986;GO:0000015;GO:0004634;GO:0000287
O76743	GO:0043186;GO:0042127;GO:0005634;GO:0007276;GO:0008432;GO:0003724;GO:0005737;GO:0005524;GO:0000398;GO:0003723;GO:0008270
Q8BXA7	GO:0004722;GO:0005634;GO:0007165;GO:0042622;GO:0001917;GO:0005737;GO:0046872;GO:0043231;GO:0006470
F4K493	GO:0004386;GO:0005634;GO:0005524
P08734	GO:0006096;GO:0000287;GO:0000015;GO:0004634
Q03WH4	GO:0005525;GO:0003924;GO:0005737;GO:0003743
Q9M2K0	GO:0007015;GO:0016459;GO:0031982;GO:0005516;GO:0030048;GO:0030898;GO:0030050;GO:0000146;GO:0005737;GO:0005524;GO:0051015;GO:0015629;GO:0003774;GO:0005773
I0J1J1	GO:0006096;GO:0000287;GO:0000015;GO:0004634
A0R609	GO:0042744;GO:0004096;GO:0046872;GO:0006979;GO:0020037
Q3UJD6	GO:0008234;GO:0051879;GO:0090068;GO:0046872;GO:0004843;GO:1904292;GO:0005789;GO:0030433;GO:1901799;GO:0048642;GO:0016579;GO:0071108;GO:0050821;GO:1990380;GO:0031647;GO:0016021;GO:1900037;GO:0005829;GO:0031625;GO:0034976
A8ERY3	GO:0042026;GO:0005737;GO:0051082;GO:0005524
Q2HXW4	GO:0005576;GO:0005604;GO:0008045;GO:0042100;GO:0006915;GO:0032488;GO:0045773;GO:0016358;GO:0009887;GO:0005125;GO:0009888;GO:0002456;GO:0005737;GO:0006930;GO:0007265;GO:0061643;GO:0019724;GO:2000147
D4A8G9	GO:0005813;GO:0030496;GO:0032266;GO:0000281;GO:0000724;GO:0032465;GO:0005737;GO:0046872
Q3ZK56	GO:0003723;GO:0019013;GO:0039616;GO:0039625
Q99024	GO:0046559;GO:0005576;GO:0045493
P08545	GO:0039694;GO:0004197;GO:0039540;GO:0039657;GO:0005198;GO:0003723;GO:0046718;GO:0039522;GO:0018144;GO:0044162;GO:0016020;GO:0039707;GO:0005524;GO:0005216;GO:0003724;GO:0039618;GO:0003968;GO:0044385;GO:0006351;GO:0051259;GO:0044196;GO:0046872;GO:0039520;GO:0019062
Q95LV5	GO:0043488;GO:0005737;GO:0030425;GO:0003723;GO:0030371;GO:0045202
Q8VHN7	GO:0090037;GO:0004930;GO:0010739;GO:0045494;GO:0007601;GO:1990075;GO:0005737;GO:0050953;GO:0007194;GO:0045202;GO:0002142;GO:0005576;GO:0071277;GO:0098609;GO:0050910;GO:0032391;GO:0001917;GO:0009986;GO:0048839;GO:0005886;GO:0016020;GO:0017022;GO:0031647;GO:0016021;GO:0007166;GO:0030501;GO:1990696;GO:0005509;GO:0060122;GO:0016787;GO:0060171;GO:0007605;GO:0010855;GO:0048471;GO:0097264;GO:0032420;GO:0007399;GO:0048496;GO:0045184;GO:0001965;GO:0002141;GO:0050877;GO:0043235
Q24MW5	GO:0006096;GO:0005576;GO:0009986;GO:0000015;GO:0004634;GO:0000287
P15621	GO:0006357;GO:0005634;GO:0000981;GO:0046872;GO:0000977
A8FMN1	GO:0006420;GO:0005737;GO:0004814;GO:0005524
Q8K2W3	GO:0005789;GO:0016021
A6ZM93	GO:0005886
Q9C5A4	GO:0006511;GO:0032436;GO:0046872;GO:0061630;GO:0005737;GO:0031624;GO:0000209;GO:0000151
B6RAL1	GO:0005886;GO:0042626;GO:0005774;GO:0005524;GO:0016021;GO:0016887
F8VQB6	GO:0022409;GO:0005516;GO:0001726;GO:0030027;GO:0060002;GO:0030507;GO:0008360;GO:0048870;GO:0030175;GO:0043025;GO:0005886;GO:0005524;GO:0005829;GO:0016459;GO:0005730;GO:0030898;GO:0005547;GO:0043005;GO:0032433;GO:0031527;GO:0051489;GO:0030705;GO:0005938;GO:0051015
Q98NF9	GO:0006146;GO:0000034
B8XTP8	GO:0039694;GO:0006351;GO:0018144;GO:0005198;GO:0005216;GO:0051259;GO:0044196;GO:0004197;GO:0003968;GO:0003724;GO:0039618;GO:0044162;GO:0016020;GO:0039707;GO:0005524;GO:0003723;GO:0046718;GO:0019062;GO:0044385
Q8IWY4	GO:0042802;GO:0005509;GO:0019897;GO:0045880;GO:0006954;GO:0022617;GO:0009986;GO:0005886;GO:0005615;GO:0009791;GO:0007596;GO:0007512;GO:0045446;GO:0009897
Q9VH19	GO:0051301;GO:0007420;GO:0005737;GO:0008354;GO:0004222;GO:0051298;GO:0007100;GO:0007052;GO:0016020;GO:0008406;GO:0031252;GO:0007444;GO:0019915;GO:0022900;GO:0008233;GO:0006338;GO:0007155;GO:0007076;GO:1902769;GO:0046872;GO:0045842
P36120	GO:0005634;GO:0000463;GO:0005730;GO:0003724;GO:0005524;GO:0003723;GO:0042254
Q46175	GO:0003676;GO:0004815;GO:0050560;GO:0005737;GO:0006422;GO:0005524
A0A1U8QK63	GO:0016296;GO:0004318;GO:0004313;GO:0016631;GO:0008659;GO:0008693;GO:0016295;GO:0004317;GO:0004321;GO:0006633;GO:0005835;GO:0004320;GO:0047451;GO:0004314
B3EUF3	GO:0003924;GO:0003746;GO:0005737;GO:0005525
O94874	GO:0030218;GO:1902065;GO:0005634;GO:0016570;GO:0019901;GO:0043066;GO:0005737;GO:0032088;GO:1990592;GO:0005783;GO:0006974;GO:0006281;GO:0016020;GO:0010508;GO:0032880;GO:0005829;GO:1903895;GO:0050727;GO:0001649;GO:0005789;GO:0071569;GO:0008284;GO:0032434;GO:0043005;GO:0060218;GO:0033146;GO:0071568;GO:0061709;GO:0035861;GO:0043122;GO:0061666;GO:0032991;GO:0031397;GO:0034976;GO:0060252
Q8NWQ6	GO:0009405;GO:0005886;GO:0016021
Q9JJA4	GO:0000466;GO:0005634;GO:0000463;GO:0005730;GO:0043021;GO:0005654;GO:0051726;GO:0030687;GO:0007219;GO:0070545
Q09813	GO:0016251;GO:0006367;GO:0017025;GO:0005669;GO:0051123
P0DOH3	GO:0019068;GO:0020002;GO:0003676;GO:0008270;GO:0016021
P58107	GO:0030054;GO:0042995;GO:0005737;GO:0005856;GO:0005198;GO:0003723;GO:0097356;GO:0045104;GO:0042060;GO:0030056;GO:0016020;GO:0045110;GO:1990254;GO:0010839;GO:0071944;GO:0051548;GO:0030336;GO:0019215;GO:0061045;GO:1905041;GO:0016323;GO:0050680;GO:0016327;GO:0005923;GO:0045109;GO:0045095
B1NKR0	GO:0003723;GO:0019013;GO:0039616;GO:0039625
Q9SU29	GO:0006511;GO:0016567;GO:0045732;GO:0030246;GO:0010150;GO:0061630;GO:0005737;GO:0043161;GO:0000209;GO:0004842;GO:0009753;GO:0042542
G5EBF1	GO:0035385;GO:0001764;GO:0098609;GO:1905489;GO:0008046;GO:0050839;GO:0033563;GO:0005911;GO:0005829;GO:0097374;GO:0005887
B1KDS3	GO:0009014;GO:0009089;GO:0050897;GO:0008270;GO:0019877
B8HTV9	GO:0006351;GO:0003899;GO:0003677;GO:0008270;GO:0000287
Q9Y2L8	GO:0003700;GO:0000978;GO:0006357;GO:0008270;GO:0006355;GO:0005634;GO:0000981
B0Y0I4	GO:0045493;GO:0005576;GO:0009044
A2SFP5	GO:0005887
A0A068ACU3	GO:0004497;GO:0016705;GO:0005506;GO:0016021;GO:0020037
A6Q3P9	GO:0005737;GO:0004055;GO:0006526;GO:0005524
Q492L0	GO:0006420;GO:0005737;GO:0004814;GO:0005524
A6ZZY8	GO:0005730;GO:0003724;GO:0006364;GO:0005524;GO:0003723
P27480	GO:0005737;GO:0031408;GO:0016165;GO:0046872
Q3LIE5	GO:0047734;GO:0008663;GO:0047631;GO:0030145;GO:0005829;GO:0034656
B5Y0X1	GO:0052865;GO:0009228;GO:0008661;GO:0030976;GO:0000287;GO:0016114
B1JAG3	GO:0051539;GO:0016830;GO:0009229;GO:0009228;GO:0008270
Q19204	GO:0004222;GO:0008361;GO:0040018;GO:0031012;GO:0008340;GO:0046872;GO:0030199;GO:0030198
E5A7E2	GO:0009405;GO:0016829
P03214	GO:0042025;GO:0006260;GO:0005524;GO:0004386;GO:0039686
P51530	GO:0017116;GO:0071932;GO:0005739;GO:0005634;GO:0044806;GO:0005654;GO:0005737;GO:0003723;GO:0006284;GO:0000784;GO:0051539;GO:0017108;GO:0006260;GO:1901796;GO:0032201;GO:0090305;GO:0090656;GO:0043139;GO:0006264;GO:0005524;GO:0043504;GO:0000723;GO:0000729;GO:0004518;GO:0045740;GO:1902990;GO:0016887;GO:0043137;GO:0003678;GO:0000076;GO:0042645;GO:0003677;GO:0046872;GO:0004386;GO:0033567;GO:0016890
B3QXY4	GO:0006096;GO:0005576;GO:0009986;GO:0000015;GO:0004634;GO:0000287
O43345	GO:0000978;GO:0006357;GO:0005634;GO:0001228;GO:0008270
Q4UL51	GO:0005525;GO:0003924;GO:0005737;GO:0003743
Q9SJG6	GO:0009507
Q4L9T4	GO:0008747;GO:0005737;GO:0019262;GO:0005975
Q9U2G0	GO:0003724;GO:0005681;GO:0003723;GO:0005524;GO:0000388;GO:0005634;GO:0000398
A8G6Y6	GO:0003677;GO:0006351;GO:0032549;GO:0003899
A8AUR6	GO:0003924;GO:0003746;GO:0005737;GO:0005525
A2CDK1	GO:0006527;GO:0008792;GO:0008295;GO:0046872
Q68DC2	GO:0005737;GO:0005929
P59509	GO:0031012;GO:0004222;GO:0030198;GO:0046872
B1LCF4	GO:0006096;GO:0005576;GO:0009986;GO:0000015;GO:0004634;GO:0000287
Q9WAL9	GO:0046740;GO:0019028;GO:0044219
A6URH2	GO:0008852;GO:0000738;GO:0008408;GO:0003677;GO:0003887;GO:0006261
O32513	GO:0006096;GO:0005576;GO:0009986;GO:0000015;GO:0004634;GO:0000287
Q95LA2	GO:0006082;GO:0004497;GO:0004499;GO:0005789;GO:0009404;GO:0050660;GO:0050661;GO:0016021;GO:0017144;GO:0070995
Q7MTL1	GO:0003924;GO:0003746;GO:0005737;GO:0005525
P26300	GO:0006096;GO:0000015;GO:0032889;GO:0004634;GO:0000287
P42896	GO:0006096;GO:0000287;GO:0000015;GO:0004634
P0CA04	GO:0044220;GO:0019012;GO:0042025
B9DPU8	GO:0000049;GO:0005737;GO:0005524;GO:0004826;GO:0000287;GO:0006432
B8J467	GO:0006096;GO:0005576;GO:0009986;GO:0000015;GO:0004634;GO:0000287
Q5MCW4	GO:0000978;GO:0006357;GO:0005634;GO:0000981;GO:0046872
O42184	GO:0005813;GO:0031122;GO:0008017;GO:0051010;GO:0005634;GO:0035371;GO:0001726;GO:0005737;GO:0031116;GO:0005635;GO:0001578;GO:0005881;GO:0008270;GO:0030659;GO:0044861;GO:0044354
A8GMA7	GO:0003677;GO:0006351;GO:0032549;GO:0003899
Q6ZWR6	GO:0042802;GO:0048814;GO:0005819;GO:0044327;GO:0000932;GO:0007283;GO:0045211;GO:0099149;GO:0030496;GO:0007097;GO:0005654;GO:0005737;GO:0051642;GO:0005794;GO:0005102;GO:0042803;GO:0019899;GO:0090292;GO:0005521;GO:0003779;GO:1902017;GO:0007030;GO:0016021;GO:0007010;GO:0048260;GO:0043197;GO:1903353;GO:0002053;GO:0005640;GO:0005730;GO:0034993;GO:0031965;GO:0005635;GO:0048471;GO:0061886;GO:0030017;GO:0051015;GO:2001054;GO:0042692;GO:0140444
Q9BVV6	GO:0005813;GO:0007224;GO:0001917;GO:0005737;GO:0060271;GO:0005814;GO:0036064;GO:0070201
A6VNI7	
Q14573	GO:0007204;GO:0015278;GO:0005654;GO:0005737;GO:0043533;GO:0070679;GO:0005783;GO:0060402;GO:0045177;GO:0005903;GO:0050913;GO:0051209;GO:0050916;GO:0043025;GO:0035091;GO:0051592;GO:0005886;GO:0016020;GO:0000822;GO:0050796;GO:0005887;GO:0007186;GO:0050917;GO:0005509;GO:0005789;GO:0005640;GO:0005730;GO:0007613;GO:1903779;GO:0030667;GO:0043209;GO:0005220;GO:0030659;GO:0060291;GO:0030168;GO:0031095;GO:0043235;GO:0016529
Q1MPS7	GO:0002098;GO:0050660;GO:0005737
O35231	GO:0005871;GO:0030659;GO:0005813;GO:0042802;GO:0008017;GO:0090136;GO:0005874;GO:0007017;GO:0045218;GO:0007030;GO:0005794;GO:0005524;GO:0007018;GO:0005915;GO:0008569
Q72QZ8	GO:0006096;GO:0005576;GO:0009986;GO:0000015;GO:0004634;GO:0000287
Q13332	GO:0098978;GO:0035374;GO:0050804;GO:0061000;GO:0035335;GO:0021510;GO:0030424;GO:0032687;GO:0021766;GO:0048671;GO:0005886;GO:0030517;GO:0005829;GO:0043204;GO:0021987;GO:0005887;GO:0043395;GO:0099151;GO:0048681;GO:0032688;GO:0070062;GO:0008201;GO:0099560;GO:0004725;GO:0021549;GO:0098685;GO:0004721;GO:0006470;GO:0030285;GO:0099061;GO:0090557;GO:0030426;GO:0099056;GO:0022038;GO:0010977;GO:0034164
F1PAA9	GO:0042802;GO:0071285;GO:0005802;GO:0071681;GO:0016328;GO:0007156;GO:0005737;GO:0030027;GO:0008013;GO:0005911;GO:0045296;GO:0045893;GO:0034332;GO:0016600;GO:0005912;GO:0005886;GO:0016021;GO:0016342;GO:0030864;GO:0045295;GO:0005509;GO:0030336;GO:0022408;GO:0048471;GO:0072659;GO:0043296;GO:0032794;GO:0042307;GO:0005768;GO:0030506;GO:0009898;GO:0007416;GO:0098742;GO:0010468
A8GQW4	GO:0003677;GO:0006351;GO:0032549;GO:0003899
O67262	GO:0009089;GO:0008836;GO:0030170
Q73XN8	GO:0002161;GO:0005737;GO:0004832;GO:0005524;GO:0006438
A5IA67	GO:0042744;GO:0004096;GO:0046872;GO:0006979;GO:0020037
Q5BJR8	GO:0042802;GO:1990837;GO:0007507;GO:0005634;GO:0007519;GO:0090575;GO:0048856;GO:0031641;GO:0005737;GO:0000978;GO:0006357;GO:0003707;GO:0007422;GO:0032870;GO:0004879;GO:0044323;GO:0000790;GO:0043565;GO:0014070;GO:0000977;GO:0030154;GO:0032526;GO:0045944;GO:0030182;GO:0048384;GO:1901522;GO:0008270
A0JC51	GO:0007399;GO:0005634;GO:0014029;GO:0003677;GO:0046872
Q1QSX0	GO:0006457;GO:0051082;GO:0005524
Q8N3P4	GO:0005769;GO:0033263;GO:0046872;GO:0034058;GO:0015031
B9DVS2	GO:0003924;GO:0003746;GO:0005737;GO:0005525
O43296	GO:0000978;GO:0006357;GO:0005634;GO:0000981;GO:0046872
Q569C3	GO:0006511;GO:0035520;GO:0001501;GO:0008233;GO:0004843;GO:0005634;GO:0006282;GO:0009411;GO:0004197;GO:0005654;GO:0016579;GO:0006281;GO:0005829
Q66625	GO:0020002;GO:0019064;GO:0044175;GO:0055036;GO:0019031;GO:0016021
Q19802	GO:0000977;GO:0003700;GO:0005634
Q4R367	GO:0030218;GO:0005634;GO:0016570;GO:0005737;GO:0032088;GO:1990592;GO:0005783;GO:0006974;GO:0006281;GO:0010508;GO:0005829;GO:1903895;GO:0050727;GO:0005789;GO:0071569;GO:0060218;GO:0033146;GO:0061709;GO:0035861;GO:0043122;GO:0061666;GO:0031397;GO:0034976
P15508	GO:0006779;GO:0008091;GO:0030863;GO:0003779;GO:0030506;GO:0030097;GO:0009986;GO:0014731;GO:0005886;GO:0016020;GO:0005200;GO:0051015;GO:0032991;GO:0005829;GO:0051693;GO:0007009
Q983N4	GO:0006428;GO:0004822;GO:0002161;GO:0000049;GO:0005737;GO:0005524
P50748	GO:0005828;GO:0000777;GO:0051301;GO:0005634;GO:0065003;GO:1990423;GO:0000922;GO:0007093;GO:0005886;GO:0005829;GO:0015629;GO:0007096
Q1CS68	GO:0006351;GO:0003899;GO:0032549;GO:0003677;GO:0008270;GO:0000287
B1GZY6	GO:0003676;GO:0004815;GO:0050560;GO:0005737;GO:0006422;GO:0005524
Q98MZ3	GO:0006096;GO:0005576;GO:0009986;GO:0000015;GO:0004634;GO:0000287
Q66283	GO:0003676;GO:0019028;GO:0008270
Q898R0	GO:0006096;GO:0005576;GO:0009986;GO:0000015;GO:0004634;GO:0000287
B7GFR1	GO:0003676;GO:0004815;GO:0050560;GO:0005737;GO:0006422;GO:0005524
Q0V8T4	GO:0005509;GO:0007155;GO:0016021
Q5AV00	GO:0004316;GO:0042759;GO:0102131;GO:0005835;GO:0102132;GO:0004321;GO:0004315
A5GVF1	GO:0006351;GO:0003899;GO:0003677;GO:0008270;GO:0000287
P0C580	GO:0042744;GO:0004096;GO:0046872;GO:0006979;GO:0020037
C1C5H2	GO:0030956;GO:0016787;GO:0050567;GO:0005524;GO:0006412
Q7M6Y5	GO:0042802;GO:0007099;GO:0098535;GO:1903251;GO:0005737;GO:0030030;GO:0005814;GO:0098536
O14802	GO:0032728;GO:0003682;GO:0006351;GO:0003899;GO:0005666;GO:0003677;GO:0005654;GO:0016020;GO:0046872;GO:0051607;GO:0005829;GO:0045087;GO:0032481
Q9XZ34	GO:0007049;GO:0000781;GO:2000104;GO:0005634;GO:0030174;GO:0010369;GO:0071807;GO:0043596;GO:1901987;GO:0000792;GO:0001700;GO:0000723;GO:0005720
A7XUY5	GO:0001817;GO:0050852;GO:0005102;GO:0016021;GO:0009897;GO:0050776
Q54RK5	GO:0006096;GO:0031012;GO:0019953;GO:0000015;GO:0032889;GO:0004634;GO:0000287
P27671	GO:0048167;GO:0019901;GO:0035023;GO:0035020;GO:0005737;GO:2000310;GO:0046579;GO:0048168;GO:0007264;GO:0005088;GO:0043025;GO:0008022;GO:0005829;GO:0043547;GO:0017016;GO:0008283;GO:0046578;GO:0016323;GO:0016327;GO:0048146;GO:0035254;GO:0030426;GO:0030971;GO:0090630;GO:0097440;GO:0031175;GO:0034976
Q63HK3	GO:0000978;GO:0006357;GO:0005634;GO:0000981;GO:0046872
A9BCH6	GO:0003677;GO:0006351;GO:0032549;GO:0003899
A4FU28	GO:0005789;GO:0009306;GO:0070971;GO:0016021;GO:0006888;GO:0035459
C4Y732	GO:0051539;GO:0045145;GO:0005739;GO:0003677;GO:0046872
A9AFT0	GO:0003697;GO:0008094;GO:0009432;GO:0006281;GO:0005737;GO:0006310;GO:0005524;GO:0003684
Q9LHN8	GO:0010421;GO:0009805;GO:0009699;GO:0046872;GO:1990641;GO:0051213
A0PM41	GO:0003924;GO:0003746;GO:0005737;GO:0005525
O85348	GO:0006096;GO:0005576;GO:0009986;GO:0000015;GO:0004634;GO:0000287
B2GCE0	GO:0010181;GO:0016491;GO:0016020
Q8N9B4	
O43309	GO:0000978;GO:0006357;GO:0005634;GO:0000981;GO:0046872
Q09165	GO:0005509;GO:0005576;GO:0007399;GO:0007155;GO:0071711;GO:0003824;GO:0008406
Q9FIZ7	GO:0006749;GO:0009506;GO:0017168;GO:0006751;GO:0005737;GO:0009536;GO:0005524;GO:0005829
P03355	GO:0006308;GO:0004190;GO:0003964;GO:0044185;GO:0039705;GO:0044826;GO:0039657;GO:0003723;GO:0046718;GO:0072494;GO:0032993;GO:0075713;GO:0039660;GO:0019068;GO:0020002;GO:0044824;GO:0003887;GO:0004523;GO:0003677;GO:0019013;GO:0006310;GO:0016020;GO:0008270
B9KHW2	GO:0006351;GO:0003899;GO:0003677;GO:0008270;GO:0000287
Q9UL12	GO:0008480;GO:0005759;GO:0005739;GO:1901053;GO:0042426;GO:0016491;GO:0005737
A1K5J4	GO:0016645;GO:0004808;GO:0050660;GO:0005737;GO:0002097
Q5THR3	GO:0005654;GO:0005509
Q8BSF5	
A9AFC7	GO:0003676;GO:0004815;GO:0050560;GO:0005737;GO:0006422;GO:0005524
P29044	GO:0003723;GO:0039694;GO:0000166;GO:0003968
Q8CG48	GO:0051301;GO:0000796;GO:0005634;GO:0000797;GO:0000793;GO:0005730;GO:0045132;GO:0005654;GO:0007076;GO:0005737;GO:0010032;GO:0005524;GO:0051383;GO:0000228
P0CA02	GO:0044220;GO:0019012;GO:0042025
Q5X8J8	GO:0042744;GO:0004096;GO:0046872;GO:0006979;GO:0020037
Q7MA56	GO:0003677;GO:0006351;GO:0008270;GO:0003899;GO:0000287;GO:0032549
B2UUV9	GO:0003677;GO:0006351;GO:0008270;GO:0003899;GO:0000287;GO:0032549
Q1WUF4	GO:0005525;GO:0003924;GO:0005737;GO:0003743
P55790	GO:0032259;GO:0047146;GO:0045122
A8YWU4	GO:0004823;GO:0006429;GO:0002161;GO:0005737;GO:0005524
Q1LTN8	GO:0006096;GO:0005576;GO:0009986;GO:0000015;GO:0004634;GO:0000287
Q9VMJ7	GO:0005634;GO:0032453;GO:0030717;GO:0034647;GO:0043970;GO:0070193;GO:0032452;GO:0033749;GO:0045893;GO:0032922;GO:0006325;GO:0034721;GO:0045475;GO:0036098;GO:0070822;GO:2000737;GO:0034720;GO:0007526;GO:0016577;GO:0006338;GO:0003677;GO:0035097;GO:0046872;GO:0051213
Q9VFC8	GO:0045819;GO:0004373;GO:0061723;GO:0071329;GO:0009267;GO:0005737;GO:0005977;GO:0005776;GO:0005978;GO:0031410;GO:0009744
A8FFV4	GO:0006782;GO:0050661;GO:0008883
Q0VC20	GO:0000978;GO:0006357;GO:0044323;GO:0048384;GO:0000790;GO:0003707;GO:0090575;GO:0048856;GO:0005737;GO:0008270;GO:0030154;GO:0032526;GO:0045944;GO:0004879
Q05050	GO:0070941;GO:0005739;GO:0071944;GO:0005737;GO:0005886;GO:0032126
E7EW31	
Q9RH41	GO:0003677;GO:0006351;GO:0032549;GO:0003899
Q0AC03	GO:0006782;GO:0050661;GO:0008883
Q00098	GO:0004674;GO:0005524
Q6V3W0	GO:0005737;GO:0007443;GO:0051301;GO:0000070
Q6SW84	GO:0008234;GO:0042025;GO:0030430;GO:0004843;GO:0019033;GO:0039648
P12472	GO:0003723;GO:0019013;GO:0039616;GO:0039625
Q9STY4	GO:0016799;GO:0046443;GO:0009507;GO:0008835;GO:0009231;GO:0008703;GO:0050661;GO:0009658;GO:0009644;GO:1901135
Q6RG04	GO:0006096;GO:0000287;GO:0000015;GO:0004634
Q10201	GO:0005509;GO:0032120;GO:0007264;GO:1903479;GO:0005628;GO:0005634;GO:0005516;GO:0048365;GO:0030695;GO:0005737;GO:0070057;GO:0032956;GO:0051015;GO:0110085;GO:0005096;GO:0017016
O88286	GO:0003700;GO:0046872;GO:0005634;GO:0030496;GO:0070984;GO:0044877;GO:0005654;GO:0050821;GO:0006355;GO:1990226;GO:0001226;GO:0010571
Q607U4	GO:0030170;GO:0019264;GO:0005737;GO:0004372;GO:0035999
B5E1P7	GO:0030956;GO:0016787;GO:0050567;GO:0005524;GO:0006412
A5IIQ6	GO:0006096;GO:0005576;GO:0009986;GO:0000015;GO:0004634;GO:0000287
P09952	GO:0003924;GO:0003746;GO:0005737;GO:0005525
P33676	GO:0006096;GO:0000287;GO:0000015;GO:0004634
Q8RWU4	GO:0003700;GO:2000033;GO:0008289;GO:0090627;GO:0005634;GO:0000981;GO:0048825;GO:0003677;GO:0043565;GO:0009845;GO:0010029
Q924W5	GO:0016605;GO:0090398;GO:0000781;GO:0097431;GO:0005634;GO:0051984;GO:0035861;GO:0000722;GO:0000775;GO:0005654;GO:0006281;GO:0016607;GO:0005524;GO:0030915;GO:0000803;GO:0031625;GO:0035061;GO:0006974
A5GWM2	GO:0006527;GO:0008792;GO:0008295;GO:0046872
Q7V5P2	GO:0006351;GO:0003899;GO:0003677;GO:0008270;GO:0000287
Q0TPR7	GO:0005525;GO:0003924;GO:0005737;GO:0003743
A4YH91	GO:0006419;GO:0000049;GO:0005737;GO:0004813;GO:0005524;GO:0008270
Q6G4W7	GO:0005525;GO:0003924;GO:0005737;GO:0003743
P0DOF3	GO:0003723;GO:0019013;GO:0030430;GO:0019029
Q5XVJ4	GO:0016818;GO:0017108;GO:0070336;GO:0005634;GO:0004528;GO:0008270;GO:0007129;GO:0036297;GO:0008409
P96642	GO:0060187;GO:0009291;GO:0005524
Q7MGI8	GO:0051539;GO:0004160;GO:0009099;GO:0009097;GO:0046872
Q6DD71	GO:0005789;GO:0003756;GO:0016671
A0A179H164	GO:0016874;GO:0031177
Q1D1H8	GO:0065002;GO:0006605;GO:0005737;GO:0005886;GO:0017038;GO:0005524;GO:0046872
Q6G327	GO:0008976;GO:0009358;GO:0006799;GO:0005524;GO:0046872
A2AVA0	GO:0036303;GO:0003682;GO:0003017;GO:0005576;GO:0001945;GO:0005509;GO:0008544;GO:0005634;GO:0010467;GO:0090136;GO:0031012;GO:0005737;GO:0016020;GO:0016477;GO:0005615;GO:0120193;GO:0048014
Q05481	GO:0003700;GO:0000978;GO:0006357;GO:0045892;GO:0005634;GO:0001228;GO:0070895;GO:0008270
Q9C0G6	GO:0005874;GO:0030286;GO:0005737;GO:0005929;GO:0005524;GO:0007018;GO:0008569;GO:0051959;GO:0045505
Q46IM1	GO:0010024;GO:0050897;GO:0050618
Q0SSD4	GO:0005525;GO:0003924;GO:0005737;GO:0003743
Q9NZL3	GO:0000978;GO:0006357;GO:0045892;GO:0001227;GO:0005634;GO:0017053;GO:0001228;GO:0005654;GO:0031965;GO:0043565;GO:0000122;GO:0046872
A8M2Y3	GO:0006096;GO:0005576;GO:0009986;GO:0000015;GO:0004634;GO:0000287
P10960	GO:0042802;GO:0043410;GO:0007041;GO:0042552;GO:0005737;GO:0060736;GO:0042803;GO:1905146;GO:1905577;GO:0050885;GO:0006643;GO:1905573;GO:1905572;GO:1903206;GO:0005576;GO:0060742;GO:0019882;GO:0006672;GO:0070841;GO:0009306;GO:0007193;GO:0060073;GO:0003335;GO:0046836;GO:0005770;GO:0004565;GO:1905574;GO:0005764;GO:0007605;GO:0006664;GO:0016235;GO:0006678;GO:0002020;GO:0001865;GO:0090102;GO:0005543;GO:0021702;GO:0006665;GO:0051345;GO:0030882;GO:0019216;GO:1905575;GO:0071310;GO:0006886;GO:1905576;GO:0001664;GO:0006683;GO:0048589;GO:0050877;GO:0005615;GO:0090659;GO:1903575;GO:0043408
Q8CPL6	GO:0016887;GO:0004519;GO:0045910;GO:0005524;GO:0006298;GO:0030983
B9JW75	GO:0006096;GO:0005576;GO:0009986;GO:0000015;GO:0004634;GO:0000287
Q9CJJ0	GO:0051539;GO:0003678;GO:0000724;GO:0005524;GO:0046872;GO:0003690;GO:0008409
Q54CS9	GO:0016233;GO:0030870;GO:0003691;GO:0000019;GO:0030674;GO:0000794;GO:0043047;GO:0000784;GO:0051880;GO:0007004;GO:0090305;GO:0070192;GO:0006281;GO:0006310;GO:0005524;GO:0003690;GO:0000790;GO:0016887;GO:0000722;GO:0032508;GO:0004017;GO:0035861;GO:0046872;GO:0006302
Q9FQ09	GO:0003678;GO:0015074;GO:0006302;GO:0042162;GO:0009408;GO:0071481;GO:0006303;GO:0005737;GO:0006281;GO:0006310;GO:0043564;GO:0005524;GO:0071480;GO:0000723;GO:0003684;GO:0003690;GO:0000784
Q5XI54	GO:0005930;GO:0031514
Q91XZ4	GO:0042802;GO:0005509;GO:0007155;GO:0007156;GO:0005887;GO:0009988
P81274	GO:0042802;GO:0099738;GO:0005813;GO:1904778;GO:0051301;GO:0016328;GO:0005737;GO:0031291;GO:0005092;GO:0043621;GO:0051661;GO:0070840;GO:0007052;GO:0008022;GO:0005829;GO:0007186;GO:0097575;GO:0000166;GO:0019904;GO:0097431;GO:0001965;GO:0005938;GO:0000132;GO:1905832;GO:0060236;GO:0032991
Q9SYJ4	GO:0080167;GO:0047274;GO:0047268;GO:0006979;GO:0005975
Q8SS56	GO:0003676;GO:0006430;GO:0005737;GO:0004824;GO:0005524
B5Y1D9	GO:0080030
A9A8R5	GO:0008852;GO:0000738;GO:0008408;GO:0003677;GO:0003887;GO:0006261
Q6P9P6	GO:0005819;GO:0008017;GO:0051225;GO:0008574;GO:0005874;GO:0005634;GO:0019901;GO:0051301;GO:0000922;GO:0007100;GO:0005876;GO:0032991;GO:0005524;GO:0046602;GO:0007018;GO:0005829;GO:0072686;GO:0007051;GO:0090307
Q17VN6	GO:0006351;GO:0003899;GO:0032549;GO:0003677;GO:0008270;GO:0000287
Q5FZP5	GO:0030141;GO:0005576
Q7Z0M7	GO:0005576;GO:0004222;GO:0008270
P07600	GO:0004834;GO:0005737;GO:0000162
Q924Z9	GO:0005604;GO:0008045;GO:0007097;GO:0005737;GO:0033564;GO:0005576;GO:0001764;GO:0032488;GO:0016358;GO:0098609;GO:0031012;GO:0061643;GO:0009888;GO:0006930;GO:0030517;GO:0060603;GO:0007409;GO:2000147;GO:0030334;GO:0042100;GO:0045773;GO:0008284;GO:0009887;GO:0005125;GO:0042472;GO:0007265;GO:0007411;GO:0006915;GO:0051963;GO:0002456;GO:0030879;GO:0019724
W0T3R8	GO:1990316;GO:0034497;GO:0120095;GO:0030295;GO:0030242;GO:2000786;GO:0000422;GO:0060090;GO:0045772;GO:0034045;GO:0000149;GO:0034727;GO:0044805;GO:0015031
B1NKQ6	GO:0003723;GO:0019013;GO:0039616;GO:0039625
A1R074	GO:0042026;GO:0005737;GO:0051082;GO:0005524
Q4WHP5	GO:0043328;GO:0033565;GO:0010008
A2ABV5	GO:0070847;GO:0006357;GO:0005634;GO:0019827;GO:0060261;GO:0016592;GO:0005654;GO:0003713;GO:0003712;GO:0045893;GO:0045944
B6J667	GO:0006420;GO:0005737;GO:0004814;GO:0005524
P0A9Q7	GO:0042802;GO:0004022;GO:0015976;GO:0006115;GO:0016020;GO:0046872;GO:0008774;GO:0005829
P19520	GO:0009405
O68324	GO:0051082;GO:0005737;GO:0005524;GO:0042026;GO:0032757
Q68EJ0	GO:0004128;GO:0016653;GO:0006739;GO:0046677;GO:0006801;GO:0055114;GO:0003958;GO:0050660;GO:0048468;GO:0006091;GO:0005783;GO:0046872;GO:0030073;GO:0016174;GO:0048471;GO:0042593;GO:0020037
Q5HQV1	GO:0006007;GO:0006096;GO:0005737;GO:0030145;GO:0046537
Q9WV70	GO:0030690;GO:0042393;GO:0005634;GO:0005654;GO:0000122;GO:0035067;GO:2001243;GO:0002903;GO:0031493;GO:0030691;GO:0070491;GO:0031497;GO:0005829;GO:0003682;GO:0005730;GO:0003714;GO:0042273;GO:0006915;GO:0002039;GO:0034644;GO:0031491
A2C538	GO:0010024;GO:0050897;GO:0050618
A4ZCW5	GO:0003723;GO:0019013;GO:0039616;GO:0039625
Q1RKF8	GO:0006065;GO:0003979;GO:0051287;GO:0000271
P77941	GO:0003677;GO:0006351;GO:0032549;GO:0003899
C1CPU7	GO:0030956;GO:0016787;GO:0050567;GO:0005524;GO:0006412
P94593	GO:0003677;GO:0008094;GO:0004386;GO:0005524
Q96SQ5	GO:0000978;GO:0006357;GO:0005634;GO:0000981;GO:0046872
Q71SP7	GO:0016296;GO:0004313;GO:0004316;GO:0008659;GO:0008693;GO:0016295;GO:0004317;GO:0031177;GO:0006633;GO:0005737;GO:0047451;GO:0042470;GO:0102131;GO:0102132;GO:0047117;GO:0004320;GO:0004315;GO:0004314
A6LEM6	GO:0051539;GO:0006400;GO:0035596;GO:0005737;GO:0046872
G5EFI7	GO:0002119;GO:0003700;GO:0018996;GO:1904799;GO:0008233;GO:0005634;GO:0005789;GO:0045178;GO:0042395;GO:0003677;GO:0043565;GO:0005737;GO:0005783;GO:0016021;GO:0030154;GO:0045893;GO:0016540
A6Q1M3	GO:0003677;GO:0006351;GO:0032549;GO:0003899
D6Y4U7	GO:0010125;GO:0000287;GO:0102710;GO:0008375
C0QGP6	GO:0006457;GO:0051082;GO:0005524
A8G1A9	GO:0008964;GO:0015977;GO:0006107;GO:0006099;GO:0000287
A9B6J3	GO:0003677;GO:0006351;GO:0032549;GO:0003899
Q557E0	GO:0045335;GO:0031072;GO:0051082;GO:0005815;GO:0034620;GO:0044183;GO:0006986;GO:0016887;GO:0051787;GO:0005737;GO:0009617;GO:0051085;GO:0005524;GO:0042026;GO:0005811
Q5B367	GO:0003676;GO:0005634;GO:0004527;GO:0005737;GO:0006364
Q67W65	GO:0016251;GO:0005669;GO:0051123;GO:0017025;GO:0006325
Q4KIF6	GO:0005525;GO:0003924;GO:0005737;GO:0003743
Q8N3Z6	GO:0003723;GO:0005829;GO:0005730;GO:0008270
A8F0P7	GO:0003677;GO:0006351;GO:0032549;GO:0003899
Q9NUD5	GO:1900246;GO:0009597;GO:0071360;GO:0005737;GO:0051607;GO:0008270;GO:0003723;GO:0045087;GO:0002218;GO:0003690;GO:0032481
A2T3R5	GO:0003723;GO:0019013;GO:0039616;GO:0039625
P16065	GO:0004672;GO:0007165;GO:0035556;GO:0005886;GO:0007168;GO:0001653;GO:0005524;GO:0016021;GO:0005525;GO:0004383;GO:0006182
A0JN54	GO:0004143;GO:0005509;GO:0046834;GO:0007205;GO:0046486;GO:0035556;GO:0005886;GO:0006654;GO:0046339;GO:0005524;GO:0003951;GO:0005829;GO:0005543
P28818	GO:0048167;GO:0032869;GO:0019901;GO:0035023;GO:0035020;GO:0005737;GO:2000310;GO:0046579;GO:0048168;GO:0007264;GO:0005088;GO:0043025;GO:0005886;GO:0008022;GO:0005829;GO:0043547;GO:0005096;GO:0071236;GO:0017016;GO:0008283;GO:0046578;GO:0016323;GO:0016327;GO:0048146;GO:0035254;GO:0030426;GO:0030971;GO:0090630;GO:0097440;GO:0031175;GO:0034976;GO:0001975
Q0ACK8	GO:0006527;GO:0008792;GO:0008295;GO:0046872
P21530	GO:0039694;GO:0042025;GO:0004197;GO:1903525;GO:0003723;GO:0033897;GO:0039548;GO:0044228;GO:0039707;GO:0005524;GO:0016021;GO:0019076;GO:0019082;GO:0005216;GO:0019079;GO:0003724;GO:0030839;GO:0003968;GO:0039654;GO:0044385;GO:0070008;GO:0030430;GO:0055036;GO:0051259;GO:0039520;GO:0019062;GO:0004252
Q3ILQ9	GO:0004851;GO:0043115;GO:0009236;GO:0032259;GO:0051266;GO:0051287;GO:0019354
P27460	GO:0039702;GO:0020002;GO:0019013;GO:0016020;GO:0008270;GO:0003723;GO:0072494;GO:0039660
A6TU30	GO:0006096;GO:0005576;GO:0009986;GO:0000015;GO:0004634;GO:0000287
Q9FN05	GO:0042742;GO:0046686;GO:0009826;GO:0030246;GO:0009536;GO:0030244;GO:0005783;GO:0015926;GO:0033919
P15180	GO:0006430;GO:0000049;GO:0003729;GO:0005737;GO:0004824;GO:0005524;GO:0005829
Q9ZUT8	GO:0042626;GO:0005886;GO:0005524;GO:0016021
B6J3D4	GO:0006420;GO:0005737;GO:0004814;GO:0005524
Q5WZY1	GO:0042744;GO:0004096;GO:0046872;GO:0006979;GO:0020037
Q75EP8	GO:0050684;GO:0031454;GO:0001178;GO:0042393;GO:0070827;GO:0000122;GO:0051569;GO:0000414;GO:0031440;GO:0071931;GO:0006334;GO:0032968;GO:0006368;GO:0031618;GO:0034728;GO:0043618;GO:0008023;GO:0016584;GO:0001073;GO:0060303;GO:0006338;GO:0003677;GO:1900050;GO:0000433;GO:0035327;GO:0016973;GO:0031491;GO:0042789
Q4PBF2	GO:0030515;GO:0006364;GO:0032040;GO:0031428
Q9P2G1	GO:0006511;GO:0032436;GO:0046872;GO:0061630;GO:0005737;GO:0031624;GO:0000209;GO:0000151
Q9LU46	GO:0005681;GO:0003724;GO:0005524;GO:0000398;GO:0003723;GO:0008270
B6TGN4	GO:0042794;GO:0009793;GO:0008380;GO:0009570;GO:0032502;GO:0006355;GO:0042254;GO:0006353;GO:0003690
A0A1B5L6A0	GO:0006633;GO:0016788;GO:0004315;GO:0031177
Q54K24	GO:0031288;GO:0016887;GO:0055085;GO:0016020;GO:0042626;GO:0005524;GO:0016021
Q8A608	GO:0051539;GO:0004160;GO:0009099;GO:0046872;GO:0009097;GO:0016836;GO:0005829
P10073	GO:0000978;GO:0006357;GO:0046872;GO:0005634;GO:0000981
Q3SZG9	GO:0002143;GO:0000049;GO:0032447;GO:0002098;GO:0016783;GO:0005829;GO:0016779;GO:0034227
Q9UXZ0	GO:0006096;GO:0005576;GO:0009986;GO:0000015;GO:0004634;GO:0000287
Q9N4H4	GO:0070212;GO:0003950;GO:0005634;GO:0005730;GO:1990404;GO:0003677;GO:0008270;GO:0008340;GO:0051287;GO:0006302
Q88ZS1	GO:0008926;GO:0019594
P53094	GO:0045454;GO:0030435;GO:0005739;GO:0075297;GO:0005737;GO:0031929;GO:0005829;GO:0007124;GO:0051321
P17763	GO:0039694;GO:0003725;GO:0039502;GO:0042025;GO:0019031;GO:0039564;GO:0004483;GO:0046762;GO:0075512;GO:0005198;GO:0039714;GO:0005576;GO:0044220;GO:0004482;GO:0039707;GO:0005524;GO:0016021;GO:0019028;GO:0039545;GO:0005216;GO:0003724;GO:0033650;GO:0003968;GO:0039654;GO:0044385;GO:0039574;GO:0055036;GO:0051259;GO:0046983;GO:0044167;GO:0046872;GO:0039520;GO:0019062;GO:0004252
Q3UUF8	GO:0005634;GO:0005737
P25704	GO:0006096;GO:0000287;GO:0000015;GO:0004634
P31016	GO:0030054;GO:0045211;GO:0030165;GO:1904719;GO:0098978;GO:0035255;GO:0019901;GO:0097120;GO:0016188;GO:0031812;GO:0005737;GO:0035176;GO:0008021;GO:0005102;GO:0005783;GO:0035865;GO:0005911;GO:0050885;GO:0097060;GO:0005109;GO:0097113;GO:0031234;GO:0048169;GO:0045202;GO:0048168;GO:0099031;GO:0065003;GO:0043113;GO:0098609;GO:0032839;GO:0032281;GO:0098919;GO:0019903;GO:0005886;GO:0008022;GO:0016020;GO:0030425;GO:0019900;GO:0031594;GO:0005829;GO:0002091;GO:0097109;GO:0043197;GO:0019894;GO:0031748;GO:0097110;GO:0098839;GO:0071944;GO:2000310;GO:0044309;GO:0043005;GO:0050806;GO:0014069;GO:0060076;GO:0098970;GO:0031697;GO:0044300;GO:0030863;GO:0035641;GO:0044306;GO:0061098;GO:0071625;GO:0097061;GO:0035254;GO:0150012;GO:2000463;GO:0033130;GO:0044877;GO:0045161;GO:0045184;GO:0044224;GO:0060997;GO:2000821;GO:0098794;GO:0031698;GO:0019865;GO:0007268;GO:0099645;GO:0007204;GO:0035418
O69981	GO:0004748;GO:0006260;GO:0050897;GO:0000166;GO:0031419;GO:0071897
A8F4G1	GO:0003677;GO:0006351;GO:0008270;GO:0003899;GO:0000287
Q04716	GO:0005739;GO:0005840;GO:0006412;GO:0003723;GO:0003735
Q08E27	GO:0007638;GO:0003725;GO:0007286;GO:0008017;GO:0005634;GO:0003727;GO:0003677;GO:0005737;GO:0007275;GO:0002177
Q9NYT6	GO:0000978;GO:0006357;GO:0005634;GO:0001228;GO:0046872
Q86218	GO:0003723;GO:0019013;GO:0039616;GO:0039625
Q1QMW2	GO:0003697;GO:0008094;GO:0009432;GO:0006281;GO:0005737;GO:0006310;GO:0005524;GO:0003684
Q9C0D2	GO:0005813;GO:0007099;GO:0008017;GO:0046599;GO:1901985;GO:0010825;GO:1904951;GO:1990498;GO:0005737;GO:0005856;GO:0005886;GO:0005814;GO:0005829;GO:1903724
G9F1Y9	GO:0010181;GO:0006559;GO:0047540;GO:0046872;GO:0051536
Q5F588	GO:0051539;GO:0016830;GO:0009229;GO:0009228;GO:0008270
Q9VL06	GO:0032436;GO:0006511;GO:0070373;GO:0005634;GO:0048856;GO:0061630;GO:0070534;GO:0046872
B0R8D4	GO:0003677;GO:0006351;GO:0008270;GO:0003899
P17183	GO:0042802;GO:0099738;GO:0045121;GO:0005737;GO:0032889;GO:0097060;GO:0019899;GO:0006096;GO:0001917;GO:0043025;GO:0009986;GO:0000015;GO:0005886;GO:0016020;GO:0005829;GO:0043204;GO:0043209;GO:0004634;GO:0043005;GO:0030426;GO:0044877;GO:0000287
Q9ZEA9	GO:0009408;GO:0016887;GO:0005737;GO:0005524;GO:0042026
Q96PY6	GO:0005813;GO:0046872;GO:0004672;GO:0007049;GO:0051301;GO:0005634;GO:0004713;GO:0005654;GO:0005737;GO:0016301;GO:0000242;GO:0034451;GO:0005524;GO:0042769;GO:0060271;GO:0005829;GO:0004674;GO:0006468;GO:0071889
C4K1N9	GO:0003677;GO:0006351;GO:0032549;GO:0003899
Q8NDV3	GO:0030893;GO:0034991;GO:0000775;GO:0005654;GO:0003677;GO:0007064;GO:0000800;GO:0005524;GO:0005829;GO:0051321
Q8K3K1	GO:0042802;GO:0005604;GO:0035315;GO:0060171;GO:1990075;GO:0060041;GO:0045494;GO:0007601;GO:0032421;GO:0009887;GO:0005737;GO:0050953;GO:0007605;GO:0036064;GO:0050896;GO:0045202;GO:0002142;GO:0016324;GO:0005518;GO:0032420;GO:0048496;GO:0045184;GO:0032391;GO:0001917;GO:0060113;GO:0009888;GO:0016477;GO:0017022;GO:0034446;GO:0002141;GO:1990696
Q318Q8	GO:0006351;GO:0003899;GO:0003677;GO:0008270;GO:0000287
Q01740	GO:0006082;GO:0004497;GO:0006805;GO:0004499;GO:0005789;GO:0006970;GO:0009404;GO:0032496;GO:0050660;GO:0005788;GO:0050661;GO:0016021;GO:0017144;GO:0070995
Q91VN6	GO:0005681;GO:0035458;GO:0046872;GO:0005634;GO:0008283;GO:0003677;GO:0003724;GO:0071013;GO:0051607;GO:0030154;GO:0005524;GO:0000398;GO:0003723;GO:0005783;GO:0045944
A9MYA6	GO:0006744;GO:0008694;GO:0005886;GO:0046872
P0CP60	GO:0016572;GO:0008630;GO:0000781;GO:0005634;GO:0008536;GO:0006886;GO:0006281;GO:0000077;GO:0005524;GO:0000723;GO:0004674;GO:0010212;GO:1904262;GO:0006974
C0M7E8	GO:0030956;GO:0016787;GO:0050567;GO:0005524;GO:0006412
O09118	GO:0005604;GO:0008045;GO:0007097;GO:0005737;GO:0033564;GO:0005576;GO:0001764;GO:0032488;GO:0016358;GO:0098609;GO:0031012;GO:0061643;GO:0009888;GO:0006930;GO:0030517;GO:0060603;GO:0062023;GO:0007409;GO:2000147;GO:0030334;GO:0042100;GO:0045773;GO:0071944;GO:0008284;GO:0009887;GO:0005125;GO:0042472;GO:0007265;GO:0007411;GO:0006915;GO:0002456;GO:0030879;GO:0019724
Q3MII6	GO:0006914;GO:0017137;GO:0090630;GO:1901096;GO:0006886;GO:0005776;GO:0031410;GO:0005096
B7GG75	GO:0005525;GO:0003924;GO:0005737;GO:0003743
Q9HD67	GO:0022409;GO:0005516;GO:0001726;GO:0030027;GO:0060002;GO:0038096;GO:0030507;GO:0008360;GO:0043025;GO:0005886;GO:0005524;GO:0005829;GO:0016459;GO:0005730;GO:0030898;GO:0005547;GO:0043005;GO:0032433;GO:0031527;GO:0051489;GO:0030705;GO:0005938;GO:0051015
P54613	GO:0008287;GO:0005737;GO:0000159;GO:0019888;GO:0006470
Q9H9A5	GO:0006977;GO:0030014;GO:0005634;GO:0006402;GO:0017148;GO:0016020;GO:0031047;GO:0005829;GO:0000289
Q80Z10	GO:0048105;GO:0005509;GO:0005768;GO:0005769;GO:0001764;GO:0060187;GO:0030136;GO:0005938;GO:0007158;GO:0043533;GO:0016021;GO:2000009;GO:0043204;GO:0005770;GO:0015031
Q4WWL0	GO:0016592;GO:0006357;GO:0003712
Q6AFZ2	GO:0002161;GO:0005737;GO:0004832;GO:0005524;GO:0006438
A0QGN2	GO:0019464;GO:0004375
Q9C5X4	GO:0010314;GO:0005634;GO:0090333;GO:0009909;GO:0005737;GO:2000023;GO:0006355;GO:2000280;GO:0006357;GO:0009414;GO:0005886;GO:0010093;GO:0018024;GO:0030036;GO:1904961;GO:0003682;GO:0080182;GO:0009738;GO:0008276;GO:0035556;GO:0000785;GO:2000067;GO:0051568;GO:0048471;GO:0040029;GO:0010228;GO:0046872;GO:0018022;GO:0009910
Q754J2	GO:0005634;GO:0000463;GO:0005730;GO:0003724;GO:0005524;GO:0003723;GO:0042254
Q899C3	GO:0006428;GO:0004822;GO:0002161;GO:0000049;GO:0005737;GO:0005524;GO:0008270
Q1R0J2	GO:0004457;GO:0010181;GO:0005886;GO:0019516
C4B7M5	GO:0003700;GO:0005634;GO:0006952;GO:0043565;GO:0005524;GO:0043531
Q90240	GO:0006508;GO:0006518;GO:0004181;GO:0005886;GO:0008270;GO:0016021
Q8AVK2	GO:0010587;GO:0005730;GO:0031123;GO:0008270;GO:0031054;GO:0003723
Q64GA5	GO:0005819;GO:0047499;GO:0046475;GO:0005654;GO:0006663;GO:0008374;GO:0036152;GO:0140042;GO:0005829;GO:0102568;GO:0005509;GO:0004623;GO:0005789;GO:0036151;GO:0005635;GO:0005544;GO:0004622;GO:0102545;GO:0102567;GO:0005938;GO:0031966;GO:0047498;GO:0005811
Q32RY2	GO:0006351;GO:0003899;GO:0003677;GO:0008270;GO:0009507
P26301	GO:0006096;GO:0000015;GO:0032889;GO:0004634;GO:0000287
Q8K2X1	GO:0140326;GO:0005789;GO:0005886;GO:0045332;GO:0005524;GO:0016021;GO:0000287;GO:0006812
Q96VP4	GO:0006096;GO:0000287;GO:0000015;GO:0004634
Q9UNX4	GO:0030515;GO:0032040;GO:0005730;GO:0005654;GO:0031965;GO:0034388;GO:0006364;GO:0030490;GO:0003723
A7G9Y3	GO:0006096;GO:0005576;GO:0009986;GO:0000015;GO:0004634;GO:0000287
Q9ES34	GO:0006511;GO:0000209;GO:0061631
Q0BBZ1	GO:0003676;GO:0004815;GO:0050560;GO:0005737;GO:0006422;GO:0005524
B8NY88	GO:0032259;GO:0009058;GO:0016788;GO:0016853;GO:0008168;GO:0016874;GO:0031177
Q1RKF4	GO:0004828;GO:0016260;GO:0097056;GO:0006434;GO:0005737;GO:0005524
Q9L6M0	GO:0016831;GO:0006744;GO:0005737;GO:0005886;GO:0008694;GO:0046872;GO:0005829
P11137	GO:0150014;GO:0031115;GO:0005516;GO:0005737;GO:0043198;GO:0005198;GO:0031113;GO:0002162;GO:0000226;GO:0016358;GO:0005875;GO:0032839;GO:0150002;GO:0044294;GO:0043025;GO:0030010;GO:0043203;GO:0030425;GO:0030517;GO:0048156;GO:1904527;GO:0005829;GO:1903744;GO:1903827;GO:0097442;GO:0007409;GO:0008017;GO:0048813;GO:0150001;GO:1902513;GO:0043194;GO:1990635;GO:2000575;GO:0043005;GO:0001578;GO:0014069;GO:0021954;GO:0044307;GO:1902737;GO:0034399;GO:0097441;GO:1990769;GO:0005874;GO:0071310;GO:1901953;GO:0031175
Q8PX75	GO:0005737;GO:0016149
C3PMH7	GO:0003677;GO:0006351;GO:0032549;GO:0003899
Q8N9F8	GO:1990837;GO:0000978;GO:0006357;GO:0005634;GO:0000981;GO:0046872
P23743	GO:0004143;GO:0005509;GO:0008289;GO:0046834;GO:0030168;GO:0007205;GO:0046486;GO:0035556;GO:0005886;GO:0006654;GO:0016020;GO:0005524;GO:0003951;GO:0016301;GO:0005829;GO:0046339;GO:0005543
A4G737	GO:0006096;GO:0005576;GO:0009986;GO:0000015;GO:0004634;GO:0000287
B4EBD1	GO:0003676;GO:0004815;GO:0050560;GO:0005737;GO:0006422;GO:0005524
Q2L088	GO:0006096;GO:0005576;GO:0009986;GO:0000015;GO:0004634;GO:0000287
Q9UJV9	GO:0035458;GO:0046872;GO:0006915;GO:0005634;GO:0008283;GO:0003677;GO:0003724;GO:0071013;GO:0016020;GO:0030154;GO:0032481;GO:0005524;GO:0000398;GO:0003723;GO:0005783;GO:0051607;GO:0045944;GO:0005829
P23090	GO:0019068;GO:0020002;GO:0019013;GO:0016020;GO:0008270;GO:0003723;GO:0039660
Q9M2Y7	GO:0008270
P10077	GO:0000978;GO:0006357;GO:0005634;GO:0001228;GO:0046872
P54317	GO:0005509;GO:0005576;GO:0034638;GO:0019376;GO:0102549;GO:0004806;GO:0006968;GO:0016298;GO:0004620;GO:0047372;GO:0019433;GO:0016042;GO:0016020;GO:0009617;GO:0009395;GO:0044258;GO:0005615;GO:0047714;GO:0006641;GO:0044241
A0KAE8	GO:0003676;GO:0004815;GO:0050560;GO:0005737;GO:0006422;GO:0005524
Q9RWQ9	GO:0006457;GO:0051082;GO:0009408;GO:1990220;GO:0051085;GO:0005524;GO:0042026
P34689	GO:0005634;GO:0008432;GO:0016070;GO:0007281;GO:0003724;GO:0005737;GO:0017151;GO:0003723;GO:0030154;GO:0048471;GO:0043186;GO:0043621;GO:0007276;GO:0005524;GO:0008270;GO:0009791
Q08358	GO:0019069;GO:0019012;GO:0042025;GO:0044220
A2BT61	GO:0003677;GO:0006351;GO:0032549;GO:0003899
Q8IA43	GO:0046872;GO:0004653;GO:0030246;GO:0000139;GO:0005794;GO:0016021;GO:0009312;GO:0006486
P0DOH4	GO:0019068;GO:0020002;GO:0003676;GO:0008270;GO:0016021;GO:0019028
A8FHJ0	GO:0006096;GO:0005576;GO:0009986;GO:0000015;GO:0004634;GO:0000287
A6UF29	GO:0005525;GO:0003924;GO:0005737;GO:0003743
Q9R2E9	GO:0042744;GO:0004096;GO:0046872;GO:0006979;GO:0020037
Q8R1J3	GO:0005654;GO:0008270;GO:0003676;GO:0010923;GO:0005730
A6T533	GO:0080030
Q8WXG9	GO:0090037;GO:0004930;GO:0010739;GO:0045494;GO:0007601;GO:1990075;GO:0005737;GO:0050953;GO:0007194;GO:0045202;GO:0002142;GO:0071277;GO:0098609;GO:0050910;GO:0001917;GO:0009986;GO:0048839;GO:0005886;GO:0016020;GO:0031647;GO:0016021;GO:0007166;GO:0030501;GO:0007186;GO:1990696;GO:0005509;GO:0060122;GO:0070062;GO:0016787;GO:0060171;GO:0007605;GO:0010855;GO:0097264;GO:0007399;GO:0048496;GO:0045184;GO:0001965;GO:0002141;GO:0050877;GO:0043235
C0ME97	GO:0030956;GO:0016787;GO:0050567;GO:0005524;GO:0006412
Q06327	GO:0048364;GO:0016702;GO:0031408;GO:0009737;GO:1990136;GO:0006952;GO:0009536;GO:0034440;GO:0046872;GO:0009753;GO:0010311
Q8N567	GO:0005654;GO:0008270;GO:0003723;GO:0010923;GO:0005730
O27258	GO:0004809;GO:0000049
G3YG17	GO:0050038;GO:0044105;GO:0019569
O86090	GO:0006799;GO:0008976;GO:0009358;GO:0005524;GO:0046872
A7FQP0	GO:0006096;GO:0005576;GO:0009986;GO:0000015;GO:0004634;GO:0000287
Q1E9T9	GO:0005730;GO:0003724;GO:0006364;GO:0005524;GO:0003723
A1T9D9	GO:0042744;GO:0004096;GO:0046872;GO:0006979;GO:0020037
Q6GDC0	GO:0016887;GO:0005886;GO:0005524
B1XHZ7	GO:0051539;GO:0046429;GO:0019288;GO:0005506;GO:0016114
Q05769	GO:1990776;GO:0001516;GO:0033138;GO:0031915;GO:0008217;GO:0045907;GO:0008285;GO:0150077;GO:0032496;GO:0071260;GO:0043066;GO:0005737;GO:0007612;GO:0031394;GO:0019233;GO:0005783;GO:0042803;GO:0051384;GO:0050873;GO:0090271;GO:0051926;GO:0019899;GO:0045986;GO:0048661;GO:0090050;GO:0030216;GO:0001525;GO:0010942;GO:0004601;GO:0030728;GO:0042633;GO:0043065;GO:0009750;GO:0034605;GO:0004666;GO:0046697;GO:0032227;GO:0071471;GO:0007566;GO:0032991;GO:0070542;GO:0071636;GO:0010575;GO:0090362;GO:0042127;GO:0097756;GO:1902219;GO:0031622;GO:0032355;GO:0016702;GO:0035633;GO:0005637;GO:0005789;GO:0005640;GO:0033280;GO:0007613;GO:0006954;GO:0090336;GO:0008284;GO:0034097;GO:0045429;GO:0043005;GO:0007568;GO:0043154;GO:0051968;GO:0020037;GO:0034612;GO:0045987;GO:0010226;GO:0042307;GO:0071318;GO:0045786;GO:0071456;GO:0034644;GO:0071284;GO:0071498;GO:0030282;GO:0042493;GO:0046872;GO:0006979;GO:0005901;GO:0010042;GO:0019371
Q06721	GO:0016887;GO:0005524
G4N137	GO:0006633;GO:0016874;GO:0004315
P11227	GO:0004190;GO:0015074;GO:0003964;GO:0044185;GO:0044826;GO:0039657;GO:0003723;GO:0046718;GO:0072494;GO:0075713;GO:0039660;GO:0019068;GO:0020002;GO:0003887;GO:0003677;GO:0004523;GO:0019013;GO:0006310;GO:0016020;GO:0008270
A2SPC3	GO:0016887;GO:0005524;GO:0006260
B2J9R9	GO:0006782;GO:0005737;GO:0004853
Q9P227	GO:0070062;GO:0007165;GO:0051056;GO:0005829;GO:0005096
P03341	GO:0039702;GO:0020002;GO:0044185;GO:0019013;GO:0016020;GO:0008270;GO:0003723;GO:0072494;GO:0039660
B2S455	GO:0006096;GO:0005576;GO:0009986;GO:0000015;GO:0004634;GO:0000287
O95631	GO:0005604;GO:0008045;GO:0007097;GO:0005737;GO:0033564;GO:0005576;GO:0001764;GO:0032488;GO:0016358;GO:0098609;GO:0061643;GO:0009888;GO:0006930;GO:0030517;GO:0060603;GO:2000147;GO:0030334;GO:0045773;GO:0008284;GO:0009887;GO:0042472;GO:0007265;GO:0006915;GO:1902842
Q50968	GO:0009380;GO:0016887;GO:0009432;GO:0003677;GO:0006289;GO:0005737;GO:0009381;GO:0008270;GO:0005524
Q3UZV7	GO:0051961;GO:0045684;GO:0030513;GO:0005886;GO:0016021;GO:0070700
Q46E19	GO:0008852;GO:0000738;GO:0008408;GO:0003677;GO:0003887;GO:0006261
P26810	GO:0004190;GO:0015074;GO:0003964;GO:0044185;GO:0044826;GO:0039657;GO:0003723;GO:0046718;GO:0072494;GO:0075713;GO:0039660;GO:0019068;GO:0020002;GO:0003887;GO:0003677;GO:0004523;GO:0019013;GO:0006310;GO:0016020;GO:0008270
Q88LF9	GO:0009380;GO:0016887;GO:0009432;GO:0003677;GO:0006289;GO:0005737;GO:0009381;GO:0005524
Q91ID9	GO:0019028
B1WP07	GO:0006351;GO:0003899;GO:0003677;GO:0008270;GO:0000287
Q9SHG6	GO:0031981;GO:0000390;GO:0003677;GO:0000398;GO:0071008;GO:1990446;GO:0042752
Q8IYB9	GO:0000978;GO:0006357;GO:0046872;GO:0005634;GO:0000981
Q2U100	GO:0005576;GO:0050086
Q9LVP1	GO:0003917;GO:0000278;GO:0005634;GO:0006265;GO:0003677;GO:0000712;GO:0006281;GO:0007059;GO:0005694;GO:0008270;GO:0003916;GO:0051321
Q39D20	GO:0003676;GO:0004815;GO:0050560;GO:0005737;GO:0006422;GO:0005524
Q05755	GO:0051538;GO:0097054;GO:0004355;GO:0046872;GO:0006541
Q9Z7M9	
Q38786	GO:0042802;GO:0008422;GO:0006952;GO:0009570;GO:0009507;GO:0005975
Q8TF20	GO:0000978;GO:0006357;GO:0005634;GO:0001228;GO:0046872
Q54F47	GO:0004497;GO:0016705;GO:0005506;GO:0016021;GO:0020037
Q49WR1	GO:0016887;GO:0004519;GO:0045910;GO:0005524;GO:0006298;GO:0030983
A7I7P5	GO:0006782;GO:0050661;GO:0008883
Q29477	GO:0031665;GO:0060349;GO:0032680;GO:0043066;GO:0006811;GO:0045669;GO:1900229;GO:0033690;GO:2000308;GO:0001503;GO:0001817;GO:0055072;GO:0019731;GO:1900159;GO:0002227;GO:2001205;GO:0008236;GO:1902732;GO:0046872;GO:0042581;GO:0005615;GO:0019732
P0CU67	GO:0006633;GO:0004315;GO:0031177
P14078	GO:0004190;GO:0015074;GO:0003964;GO:0003887;GO:0003677;GO:0004523;GO:0019013;GO:0006310;GO:0044826;GO:0008270;GO:0039657;GO:0005198;GO:0046718;GO:0075713
Q68A65	GO:0005509
Q9XD73	GO:0004748;GO:0006260;GO:0000166;GO:0031419;GO:0071897
P24627	GO:0031665;GO:0060349;GO:0031640;GO:0042581;GO:0045071;GO:0032680;GO:0043066;GO:0005102;GO:0043123;GO:0043539;GO:0055037;GO:0032780;GO:0044793;GO:0004869;GO:0009986;GO:0045669;GO:0005886;GO:0001530;GO:0032991;GO:1900229;GO:0033690;GO:2000117;GO:0001503;GO:0001817;GO:0034145;GO:0055072;GO:0008201;GO:1900159;GO:0006826;GO:0005769;GO:0061844;GO:0050829;GO:0002227;GO:2001205;GO:0051673;GO:1902732;GO:0051092;GO:0005506;GO:0005615;GO:0019731;GO:2000308;GO:0004252;GO:0019732
P9WQN2	GO:0005886;GO:0004222;GO:0030163;GO:0016021;GO:0005524;GO:0008270;GO:0004176
C8VPS9	GO:0031956;GO:0016853;GO:0019748;GO:0006631;GO:1900557;GO:0031177
A0LMC0	GO:0019700;GO:0047304
Q49V53	GO:0006351;GO:0003899;GO:0003677;GO:0008270;GO:0000287
A2ARZ3	GO:0007288;GO:0005739;GO:0097225;GO:0097228;GO:0097229;GO:0061512;GO:0031514;GO:0030317;GO:0097224
Q9C7U5	GO:0031225;GO:0042973;GO:0046658;GO:0006952;GO:0005886;GO:0005975
P10272	GO:0019068;GO:0004190;GO:0015074;GO:0020002;GO:0003964;GO:0003887;GO:0003677;GO:0004523;GO:0019013;GO:0006310;GO:0016020;GO:0044185;GO:0008270;GO:0044826;GO:0003723;GO:0046718;GO:0072494;GO:0075713;GO:0039660
Q4UKD4	GO:0003677;GO:0006351;GO:0032549;GO:0003899
Q0BIP9	GO:0006782;GO:0050661;GO:0008883
Q0GFF6	GO:0000978;GO:0006357;GO:0044323;GO:0048384;GO:0000790;GO:0003707;GO:0090575;GO:0048856;GO:0005737;GO:0008270;GO:0030154;GO:0032526;GO:0045944;GO:0004879
P29167	GO:0039702;GO:0020002;GO:0019013;GO:0016020;GO:0008270;GO:0003723;GO:0072494;GO:0039660
Q6G2Z4	GO:0006419;GO:0000049;GO:0005737;GO:0004813;GO:0005524;GO:0008270
Q7TPH6	GO:0042802;GO:0008045;GO:0005634;GO:0005654;GO:0031398;GO:0005737;GO:0042177;GO:0048667;GO:0030424;GO:0032922;GO:0051493;GO:0016567;GO:0021785;GO:0061630;GO:0032880;GO:0043231;GO:0015630;GO:0005085;GO:0008536;GO:1902667;GO:0050905;GO:0021952;GO:0008270
Q2YXD1	GO:0016887;GO:0004519;GO:0045910;GO:0005524;GO:0006298;GO:0030983
Q8Y368	GO:0051539;GO:0016830;GO:0009229;GO:0009228;GO:0008270
A8F223	GO:0005525;GO:0003924;GO:0005737;GO:0003743
B2HSL2	GO:0003924;GO:0003746;GO:0005737;GO:0005525
A6H0E6	GO:0008924;GO:0006099;GO:0052589
Q7U712	GO:0051539;GO:0046429;GO:0019288;GO:0005506;GO:0016114
A5N2N5	GO:0006096;GO:0005576;GO:0009986;GO:0000015;GO:0004634;GO:0000287
P01030	GO:0006954;GO:0030425;GO:0045087;GO:0005615;GO:0006958;GO:0006956;GO:0030424;GO:0045202
B2V2I5	GO:0006457;GO:0051082;GO:0005524
A8MQ14	GO:0000978;GO:0006357;GO:0046872;GO:0005634;GO:0001228
Q6UDK2	GO:0003697;GO:0039686;GO:0042025;GO:0006260
B3EEB7	GO:0000049;GO:0005737;GO:0005524;GO:0004826;GO:0000287;GO:0006432
B4N1W9	GO:0004622;GO:0007399;GO:0005789;GO:0102545;GO:0051402;GO:0016042;GO:0034349;GO:0016021;GO:0046470;GO:0006643;GO:0061024
Q9W3J8	GO:0060285;GO:0005858;GO:0005930;GO:0003352;GO:0070286
Q9LK10	GO:0005634;GO:1900370;GO:0003677;GO:0005524;GO:0004386
A0QS30	GO:0003678;GO:0008854;GO:0000724;GO:0003677;GO:0005524;GO:0009338
Q07512	GO:0031418;GO:0045486;GO:0005737;GO:0045431;GO:0046872
P17038	GO:0000978;GO:0006357;GO:0005634;GO:0001228;GO:0003677;GO:0046872
Q8KAG9	GO:0003924;GO:0003746;GO:0005737;GO:0005525
Q822K4	GO:0002161;GO:0005737;GO:0004832;GO:0005524;GO:0006438
Q04SI9	GO:0006096;GO:0005576;GO:0009986;GO:0000015;GO:0004634;GO:0000287
D1FVF0	GO:0016853;GO:0016874;GO:0032259;GO:0008168;GO:0031177
Q39D93	GO:0003697;GO:0008094;GO:0009432;GO:0006281;GO:0005737;GO:0006310;GO:0005524;GO:0003684
Q84J46	
Q8HZP9	GO:0008428;GO:0045765;GO:0032311;GO:0005654;GO:0005829
B2TLZ7	GO:0006457;GO:0051082;GO:0005524
O04590	GO:0016554;GO:0005739;GO:0009451;GO:0003723;GO:0043231
O55134	GO:0005509;GO:0005576;GO:0007155;GO:0007156;GO:0005977;GO:0060711;GO:0016339;GO:0005911;GO:0005887
P79686	GO:0006325;GO:0003700;GO:0005819;GO:0005815;GO:0005739;GO:0005634;GO:0071385;GO:1990239;GO:0004883;GO:0043565;GO:0005737;GO:0016607;GO:0008270;GO:0071383;GO:0045944;GO:0004879;GO:0005496
B5ZNA1	GO:0006096;GO:0005576;GO:0009986;GO:0000015;GO:0004634;GO:0000287
Q9EQB9	GO:0000978;GO:0042035;GO:0006357;GO:0046872;GO:0005634;GO:0000981;GO:0045893
Q2VQM6	GO:0045735;GO:0005319;GO:0005576
Q7V006	GO:0003677;GO:0006351;GO:0032549;GO:0003899
P0CO44	GO:0005681;GO:0005634;GO:0045131;GO:0003729;GO:0000398;GO:0008270;GO:0000381
P10362	GO:0001525;GO:2000352;GO:0000165;GO:0042056;GO:0035556;GO:0005125;GO:0050918;GO:0030141;GO:0031045;GO:0001938;GO:0048245;GO:2001237;GO:0005615;GO:0050930;GO:0098992
A9BJC1	GO:0016787;GO:0009166
Q6EWH2	GO:0050852;GO:0005634;GO:0042552;GO:0060027;GO:0051480;GO:0005102;GO:0045859;GO:0031234;GO:0046777;GO:0005524;GO:0042127;GO:0005829;GO:0004672;GO:0038083;GO:0004715;GO:0007169;GO:0034334;GO:0030154;GO:0046872;GO:0045087;GO:0001702
Q2NS21	GO:0000270;GO:0008933;GO:0016998;GO:0071555;GO:0016837;GO:0009279
A3LWH3	GO:0003724;GO:0005524;GO:0003723;GO:0000463;GO:0005730
Q5REL6	GO:0003700;GO:0005634;GO:0003707;GO:0043565;GO:0005737;GO:0008270
C5D627	GO:0000049;GO:0005737;GO:0005524;GO:0004826;GO:0000287;GO:0006432
P36604	GO:0051082;GO:0034663;GO:0005634;GO:0006986;GO:0005737;GO:0005788;GO:0005783;GO:0030968;GO:0042026;GO:0034620;GO:0030433;GO:0044183;GO:0016020;GO:0051085;GO:0005524;GO:0031072;GO:0099021;GO:0016887;GO:0051787;GO:0099020;GO:0031965;GO:0036498
Q28295	GO:0031589;GO:0042802;GO:0005576;GO:0005518;GO:0007599;GO:0033093;GO:0005178;GO:0030168;GO:0007155;GO:0047485;GO:0062023;GO:0019865;GO:0005783;GO:0051087;GO:0002020;GO:0007596
Q65CL1	GO:0086073;GO:0005916;GO:0098609;GO:0005912;GO:0098911;GO:0005737;GO:0005856;GO:0030027;GO:0086091;GO:0051015;GO:0008013;GO:0045296
Q92SW4	GO:0005525;GO:0003924;GO:0005737;GO:0003743
Q12275	GO:0005829;GO:0005935;GO:0016021
P0A2I1	GO:0003917;GO:0006265;GO:0003677;GO:0005694;GO:0046872
A3Q9C4	GO:0008964;GO:0015977;GO:0006107;GO:0006099;GO:0000287
A0QNH5	
A1A535	GO:0010314;GO:0009966;GO:0060392;GO:0030512;GO:0005886
A4SCQ6	GO:0003924;GO:0003746;GO:0005737;GO:0005525
A3M1D2	GO:0051539;GO:0016830;GO:0009229;GO:0009228;GO:0008270
A4IG55	GO:0005634;GO:0005737;GO:0016020
P24095	GO:0016702;GO:0005737;GO:0034440;GO:0046872;GO:0031408
Q8V4V3	GO:0019012;GO:0006351;GO:0003899;GO:0032549;GO:0003677;GO:0046872
Q7VEF9	GO:0006526;GO:0005737;GO:0103045;GO:0004358;GO:0004042
A6W5L7	GO:0006782;GO:0050661;GO:0008883
P25170	GO:0004640;GO:0004049;GO:0000162;GO:0004425;GO:0006541
Q9UW15	GO:0005971;GO:0004748;GO:0006260;GO:0009263;GO:0005524
Q661T0	GO:0006096;GO:0005576;GO:0009986;GO:0000015;GO:0004634;GO:0000287
Q06339	GO:0042791;GO:0000995;GO:0005634;GO:0003677;GO:0000127;GO:0006383
Q49KU0	GO:0015031;GO:0009706;GO:0016021
Q12WE6	GO:0006457;GO:0051082;GO:0005524
O95757	GO:0006457;GO:0005634;GO:0006986;GO:0005737;GO:0005524;GO:0005829
Q01499	GO:0039694;GO:0019082;GO:0005216;GO:0004197;GO:0075512;GO:0003724;GO:0003723;GO:0033897;GO:0039548;GO:0003968;GO:0039654;GO:0044385;GO:0070008;GO:0044228;GO:0030430;GO:0055036;GO:0051259;GO:0039707;GO:0005524;GO:0016021;GO:0039520;GO:0019062;GO:0004252
D3ZJP6	GO:0022409;GO:0005516;GO:0001726;GO:0030027;GO:0060002;GO:0030507;GO:0008360;GO:0030175;GO:0043025;GO:0005524;GO:0005829;GO:0016459;GO:0005730;GO:0030898;GO:0005547;GO:0043005;GO:0032433;GO:0031527;GO:0051489;GO:0030705;GO:0005938;GO:0051015
Q4L803	GO:0004029;GO:0043878
Q9P772	GO:0016462;GO:0006543;GO:0005524;GO:0005829;GO:0003922;GO:0003921;GO:0006177
P53971	GO:0003700;GO:0005634;GO:0000981;GO:0005737;GO:0000122;GO:0008270;GO:0006355;GO:0000977
B4SR86	GO:0006096;GO:0005576;GO:0009986;GO:0000015;GO:0004634;GO:0000287
Q9P7S7	GO:0030515;GO:0032040;GO:0005634;GO:0005730;GO:0006364;GO:0031428
Q6W3E9	GO:0016702;GO:0018401;GO:0031418;GO:0004656;GO:0005788;GO:0016222;GO:0005783;GO:0005506
C5W022	GO:0008234;GO:0005576;GO:0009405;GO:0005886;GO:0016021
B3QR64	GO:0003924;GO:0003746;GO:0005737;GO:0005525
F4JX00	GO:0008017;GO:0003777;GO:0005874;GO:0005524;GO:0007018
Q6Q876	GO:0008559;GO:0016887;GO:0009405;GO:0005886;GO:0005524;GO:0016021
B2TJ61	GO:0006402;GO:0006396;GO:0005737;GO:0004654;GO:0003723;GO:0000287
A1YEP8	GO:0000978;GO:0006357;GO:0005634;GO:0000981;GO:0046872
B2VCC9	GO:0008360;GO:0009252;GO:0000902;GO:0009103;GO:0006048;GO:0003977;GO:0071555;GO:0005737;GO:0000287;GO:0009245;GO:0019134
Q3ZC09	GO:0006096;GO:0000015;GO:0032889;GO:0004634;GO:0000287
C4L450	GO:0000049;GO:0005737;GO:0005524;GO:0004826;GO:0000287;GO:0006432
Q8R180	GO:0005783;GO:0030968;GO:0070059;GO:0050873;GO:0045454;GO:0018401;GO:0051209;GO:0030176;GO:0030425;GO:0051085;GO:0034975;GO:0006457;GO:0005789;GO:0022417;GO:0030198;GO:0010260;GO:0016491;GO:0055114;GO:0071456;GO:0003756;GO:0015035;GO:0034976;GO:0016671
Q86YE8	GO:0000978;GO:0006357;GO:0005634;GO:0000981;GO:0046872
Q1INB1	GO:0006260;GO:0007062;GO:0003677;GO:0005737;GO:0030261;GO:0005694;GO:0005524
P0CG32	GO:0005634;GO:0030374;GO:0046872
Q88DF3	GO:0051539;GO:0005506;GO:0003824
Q9WVQ0	GO:0005737;GO:0097224;GO:0007283
P0C8Q2	GO:0003723;GO:0043231;GO:0009451;GO:0005739
A3KGF9	
Q93903	GO:0005680;GO:0051301;GO:0070979;GO:0031145;GO:0007275;GO:0051321;GO:0045842
Q046C7	GO:0003924;GO:0003746;GO:0005737;GO:0005525
Q8YMK0	GO:0016758;GO:0006071;GO:0016021;GO:0000287;GO:0046467
P49333	GO:0042802;GO:0042742;GO:0051301;GO:0009408;GO:0010182;GO:0006952;GO:1900140;GO:0005783;GO:0009737;GO:0009739;GO:0000155;GO:0005524;GO:0016021;GO:0009733;GO:0005789;GO:0009723;GO:0010087;GO:0050665;GO:0052544;GO:0010119;GO:0009690;GO:0009651;GO:0009625;GO:0004673;GO:0038199;GO:0002237;GO:0010105;GO:0051740;GO:0046872;GO:0009727
Q53GI3	GO:0000978;GO:0006357;GO:0046872;GO:0005634;GO:0000981
Q3E6Q1	GO:0006397;GO:0003729;GO:0008270;GO:0004519;GO:0016556;GO:0009507
O23522	GO:0004806;GO:0004620;GO:0016042;GO:0047714;GO:0008970;GO:0009507
Q4LDE5	GO:0036303;GO:0003682;GO:0003017;GO:0005509;GO:0010467;GO:0008544;GO:0005634;GO:0007155;GO:0005737;GO:0016020;GO:0005615;GO:0120193;GO:0048014
Q6IQ21	GO:0000978;GO:0006357;GO:0005634;GO:0001228;GO:0046872
Q9UBT6	GO:0006260;GO:0005634;GO:0019985;GO:0034644;GO:0003887;GO:0005654;GO:0016604;GO:0006281;GO:0033683;GO:0006297;GO:0042276;GO:0046872;GO:0006296;GO:0003684;GO:0006283;GO:0006974
Q9ZK79	GO:0046961;GO:0045261;GO:0005886;GO:0005524;GO:0046933
Q03172	GO:0030509;GO:0045892;GO:0005739;GO:0005634;GO:0003677;GO:0005654;GO:0016604;GO:0000122;GO:0071837;GO:0008270;GO:0045944
Q3MB01	GO:0016758;GO:0006071;GO:0016021;GO:0000287;GO:0046467
Q99315	GO:0004190;GO:0015074;GO:0032197;GO:0008233;GO:0005634;GO:0003964;GO:0003887;GO:0003677;GO:0004523;GO:0005737;GO:0006310;GO:0004540;GO:0000943;GO:0005524;GO:0003723;GO:0008270
Q24567	GO:0005604;GO:0008045;GO:2000289;GO:0016358;GO:0031012;GO:0044295;GO:0009887;GO:0009888;GO:0048749;GO:0070983;GO:0007411;GO:0005829;GO:0008347
P04936	GO:0039694;GO:0042025;GO:0004197;GO:0039540;GO:0039657;GO:0005198;GO:0003723;GO:0039522;GO:0018144;GO:0044694;GO:0006260;GO:0039690;GO:0044162;GO:0016020;GO:0039707;GO:0005524;GO:0005216;GO:0003724;GO:0039618;GO:0003968;GO:0044385;GO:0006351;GO:0051259;GO:0039611;GO:0075509;GO:0046872;GO:0039520;GO:0019062
P17210	GO:0048311;GO:0048489;GO:0007097;GO:0035371;GO:0005737;GO:0010970;GO:0045451;GO:0030478;GO:0046785;GO:0003774;GO:0098957;GO:1904115;GO:0032839;GO:0061572;GO:0008088;GO:0005524;GO:0098971;GO:0005523;GO:0005829;GO:0007409;GO:0005871;GO:0007315;GO:0008017;GO:0048813;GO:0008574;GO:0070868;GO:0016887;GO:0007526;GO:0007310;GO:0007411;GO:0048312;GO:0007018;GO:0051012;GO:0007303;GO:0008103;GO:0098937;GO:0003777;GO:0005874;GO:0030705;GO:0046843;GO:0035617;GO:0051299;GO:0001754;GO:0007317;GO:0008345
Q5FVL3	GO:0005789;GO:0016021
Q2RNL4	GO:0006435;GO:0000049;GO:0004829;GO:0005737;GO:0005524;GO:0046872
T2G6Z9	GO:0009973;GO:0071949;GO:0005737;GO:0019420;GO:0051290;GO:0046982
Q96SB8	GO:0016605;GO:0090398;GO:0000781;GO:0097431;GO:0005634;GO:0051984;GO:0035861;GO:0000722;GO:0000775;GO:0005654;GO:0006281;GO:0016607;GO:0005524;GO:0030915;GO:0000803;GO:0031625;GO:0035061;GO:0006974
A5VLK8	GO:0003924;GO:0003746;GO:0005737;GO:0005525
B6YQV1	GO:0051539;GO:0004160;GO:0009099;GO:0009097;GO:0046872
Q72E47	GO:0002161;GO:0005737;GO:0004832;GO:0005524;GO:0006438
Q3UMC0	GO:0007283;GO:0007420;GO:0005739;GO:0016887;GO:0005737;GO:0005524;GO:0030154
D3ZV31	GO:0003676;GO:0005730;GO:0005737;GO:0008988;GO:0031167;GO:1904047;GO:0008270;GO:0045727
Q8BH15	GO:0030014;GO:0005634;GO:0006402;GO:0017148;GO:0005737;GO:0031047
Q9ZT00	GO:0016887;GO:0009579;GO:0009570;GO:0005524;GO:0046863
Q9RH43	GO:0003677;GO:0006351;GO:0032549;GO:0003899
Q4A696	GO:0030163;GO:0004176;GO:0005737;GO:0005524;GO:0004252
Q9NR48	GO:0005634;GO:0005654;GO:0061038;GO:0005794;GO:0030317;GO:0043409;GO:0002674;GO:0043124;GO:0007338;GO:0046974;GO:0005694;GO:0003682;GO:0001501;GO:1903709;GO:1903699;GO:0042800;GO:0045944;GO:0097676;GO:0046975;GO:0003677;GO:0032635;GO:0005923;GO:0046872;GO:0009791;GO:0046697
Q2F7J2	GO:0039702;GO:0020002;GO:0044185;GO:0019013;GO:0016020;GO:0008270;GO:0003723;GO:0072494
Q4R690	GO:0000139;GO:0015095;GO:0019706;GO:0005794;GO:0016021;GO:0030660;GO:0030659;GO:0016409
P26047	GO:0000160;GO:0008134;GO:0043565;GO:0005524;GO:0006355
Q7U8K3	GO:0006351;GO:0003899;GO:0003677;GO:0008270;GO:0000287
C5CGD9	GO:0003677;GO:0006351;GO:0032549;GO:0003899
P48443	GO:1990837;GO:0000978;GO:0006357;GO:0044323;GO:0048384;GO:0000790;GO:0000981;GO:0003707;GO:0090575;GO:0048856;GO:0005654;GO:0005737;GO:0008270;GO:0030154;GO:0006367;GO:0032526;GO:0045944;GO:0004879
Q5T7W7	
A0L7X8	GO:0006096;GO:0005576;GO:0009986;GO:0000015;GO:0004634;GO:0000287
A6QQF6	GO:0005576
B2VHN2	GO:0080030
O07025	GO:0030254;GO:0030257;GO:0046961;GO:0016887;GO:0044780;GO:0045261;GO:0005737;GO:0005524;GO:0046933
A3DGS4	GO:0006420;GO:0005737;GO:0004814;GO:0005524
A0A319DV72	GO:0016874;GO:0031177
A7J391	GO:0003723;GO:0019013;GO:0039616;GO:0039625
B9DPT1	GO:0009380;GO:0009432;GO:0003677;GO:0006289;GO:0005737;GO:0009381
O15091	GO:0005759;GO:0070901;GO:0090646;GO:0005739;GO:0042645;GO:0097745;GO:0005654;GO:0001682;GO:0046872;GO:0030678;GO:0004526
Q2QI47	GO:0042802;GO:0005604;GO:0035315;GO:1990075;GO:0045494;GO:0007601;GO:0032421;GO:0005737;GO:0050953;GO:0045202;GO:0002142;GO:0032391;GO:0001917;GO:0060113;GO:0009888;GO:0017022;GO:0034446;GO:0016021;GO:1990696;GO:0060171;GO:0009887;GO:0007605;GO:0036064;GO:0050896;GO:0016324;GO:0005518;GO:0032420;GO:0048496;GO:0045184;GO:0016477;GO:0002141
Q3BWZ0	GO:0006351;GO:0003899;GO:0003677;GO:0008270;GO:0000287
Q8PNS9	GO:0006351;GO:0003899;GO:0003677;GO:0008270;GO:0000287
A6SXG3	GO:0006096;GO:0005576;GO:0009986;GO:0000015;GO:0004634;GO:0000287
P12822	GO:0005576;GO:0046872;GO:0008237;GO:0004180;GO:0008241;GO:0005737;GO:0005886;GO:0016021
Q6G5Z1	GO:0016887;GO:0005886;GO:0005524
O74934	GO:0005504;GO:0033540;GO:0003997;GO:0005777;GO:0050660;GO:0071949;GO:0055088
Q2K8W9	GO:0006096;GO:0005576;GO:0009986;GO:0000015;GO:0004634;GO:0000287
P15429	GO:0042802;GO:0006096;GO:0044877;GO:0000015;GO:0005886;GO:0016020;GO:0004634;GO:0007568;GO:0032889;GO:0000287;GO:0042493;GO:0043403
Q92H92	GO:0065002;GO:0006605;GO:0005737;GO:0005886;GO:0017038;GO:0005524;GO:0046872
Q5R741	GO:0003677;GO:0046872;GO:0005634;GO:0006355
Q9P225	GO:0003777;GO:0036126;GO:0060285;GO:0005874;GO:0030286;GO:0005858;GO:0005930;GO:0005524;GO:0031514;GO:0007018;GO:0008569;GO:0051959;GO:0045505
Q2T4S8	GO:0042882;GO:0016887;GO:0015612;GO:0005886;GO:0005524
Q6BZH1	GO:0051082;GO:0001300;GO:0006986;GO:0016887;GO:0030433;GO:0006616;GO:0031204;GO:0034099;GO:0070880;GO:0005524;GO:0000742
A6NGH8	GO:0005654
P17004	GO:0020002;GO:0019064;GO:0001681;GO:0055036;GO:0019031;GO:0046789;GO:0016021;GO:0039654;GO:0019062
P36774	GO:0034605;GO:0004176;GO:0043565;GO:0005737;GO:0005524;GO:0006515;GO:0004252
Q498S6	GO:0003676;GO:0035091;GO:0008270
A0A0P0X004	GO:0005507;GO:0005886;GO:0000166;GO:0016021;GO:0043682;GO:0009636
B0R632	GO:0006935;GO:0018298;GO:0007165;GO:0004888;GO:0005886;GO:0016021;GO:0009881
Q59S50	GO:0005634;GO:0005730;GO:0003724;GO:0006364;GO:0005524;GO:0003723;GO:0042254
Q86B47	GO:0005634;GO:0003724;GO:0005524;GO:0003723;GO:0042254
B8AZ14	GO:0003678;GO:0009555;GO:0006260;GO:0005634;GO:0007143;GO:0000724;GO:0003677;GO:0005524;GO:0046872;GO:0007140
Q38IC7	GO:0004896;GO:0005886;GO:0016021
Q08BT9	GO:0006807;GO:0046872;GO:0008233;GO:0004046;GO:2000275;GO:0006631;GO:0006520;GO:0043604;GO:0016829;GO:1990845;GO:0022904;GO:0044255;GO:0005615;GO:0043605;GO:0016811;GO:0097009
Q9NDE8	GO:0007218;GO:0005576
P09208	GO:0040014;GO:0043410;GO:0042321;GO:1904801;GO:0007285;GO:0033500;GO:2000252;GO:0006468;GO:0055088;GO:0048132;GO:2000377;GO:0070328;GO:0030307;GO:0035264;GO:0060180;GO:0005524;GO:0008286;GO:0005887;GO:0034059;GO:0043560;GO:0048542;GO:0060250;GO:0010507;GO:0090303;GO:0007275;GO:0007411;GO:0007568;GO:0007446;GO:0005899;GO:0007424;GO:0045793;GO:0070346;GO:0009267;GO:0048589;GO:0008340;GO:0001700;GO:0043235;GO:0010884;GO:0051897;GO:0007626;GO:0046854;GO:0009792;GO:0042802;GO:0036335;GO:0040018;GO:0046620;GO:0090278;GO:0014068;GO:0043548;GO:0008585;GO:0042632;GO:0030424;GO:0042593;GO:0046622;GO:0005009;GO:0030707;GO:0005886;GO:0046777;GO:0007623;GO:0042127;GO:0007166;GO:0004713;GO:0008284;GO:0017124;GO:1903688;GO:0002052;GO:0007169;GO:0004714;GO:0007390;GO:0007399;GO:0033674;GO:0043559;GO:0048133;GO:0036099;GO:0042220;GO:0046872;GO:0006979;GO:0061964;GO:0042078
Q3U0X8	GO:0002728;GO:0007160;GO:0006954;GO:0032496;GO:0005737;GO:0032689;GO:0016021;GO:0002534
B0V677	GO:0006096;GO:0005576;GO:0009986;GO:0000015;GO:0004634;GO:0000287
P09469	GO:0000325;GO:0009555;GO:0009506;GO:0046961;GO:0033180;GO:0005886;GO:0005794;GO:0005774;GO:0005524;GO:0007030;GO:0002020;GO:0046933;GO:0009941;GO:0005618
B2IKR4	GO:0006096;GO:0005576;GO:0009986;GO:0000015;GO:0004634;GO:0000287
Q3IU54	GO:0008852;GO:0000738;GO:0008408;GO:0003677;GO:0003887;GO:0006261
Q8H852	GO:0000139;GO:0009306;GO:0006886;GO:0016020;GO:0005794;GO:0005793;GO:0005783;GO:0005198;GO:0006888;GO:0030126;GO:0006891
P17003	GO:0020002;GO:0019064;GO:0001681;GO:0055036;GO:0019031;GO:0046789;GO:0016021;GO:0039654;GO:0019062
B2RLZ4	GO:0003924;GO:0003746;GO:0005737;GO:0005525
B2U3T0	GO:0080030
S0EN43	GO:0032259;GO:0016853;GO:0008168;GO:0016874;GO:0031177
B3NY03	GO:0004622;GO:0007399;GO:0005789;GO:0102545;GO:0051402;GO:0016042;GO:0034349;GO:0016021;GO:0046470;GO:0006643;GO:0061024
Q13042	GO:0006511;GO:0016567;GO:0005680;GO:0005819;GO:0005813;GO:0051301;GO:0007091;GO:1901990;GO:0070979;GO:0005654;GO:0005737;GO:0031145;GO:0005829;GO:0045842
Q2F7J3	GO:0019068;GO:0004190;GO:0015074;GO:0020002;GO:0003964;GO:0003887;GO:0003677;GO:0004523;GO:0019013;GO:0006310;GO:0016020;GO:0044826;GO:0008270;GO:0003723;GO:0046718;GO:0075713;GO:0039660
A7IC03	GO:0006402;GO:0006396;GO:0005737;GO:0004654;GO:0003723;GO:0000287
Q07411	GO:0006799;GO:0008976;GO:0009358;GO:0005524;GO:0046872
B9DJJ9	GO:0006096;GO:0005576;GO:0009986;GO:0000015;GO:0004634;GO:0000287
B0CM36	
P14074	GO:0004190;GO:0003676;GO:0019013;GO:0008270;GO:0039657;GO:0005198
Q8BM54	GO:0006511;GO:0016567;GO:0045732;GO:0007399;GO:0031648;GO:0010989;GO:0032803;GO:0061630;GO:0005856;GO:0005886;GO:0005737;GO:0042632;GO:0046872;GO:0010977;GO:0004842;GO:0071404;GO:0008092
Q9Y6X0	GO:0003677;GO:0005654;GO:0016604;GO:0005829
Q9ULJ8	GO:0042802;GO:0044325;GO:0097237;GO:0098978;GO:0019901;GO:0005737;GO:0008157;GO:0015629;GO:0051020;GO:0060079;GO:0044326;GO:0030175;GO:0043025;GO:1900454;GO:0008022;GO:0030425;GO:1900272;GO:0031594;GO:0005829;GO:1990761;GO:0030864;GO:0007015;GO:0019722;GO:0061001;GO:0098871;GO:1904049;GO:0051823;GO:0007568;GO:0051497;GO:0014069;GO:0030833;GO:0045860;GO:0051489;GO:0019904;GO:0051963;GO:0051015;GO:0060999;GO:0098974;GO:0031175
P17462	GO:0003723;GO:0019013;GO:0039616;GO:0039625
Q43130	GO:0006096;GO:0000287;GO:0000015;GO:0004634
A9KJ27	GO:0050567;GO:0005524;GO:0006412
A1A697	GO:0009736;GO:0005886;GO:0000155;GO:0016021
O14678	GO:0005765;GO:0005777;GO:0005789;GO:0042760;GO:0016887;GO:0006635;GO:1990830;GO:0055085;GO:0005324;GO:0007031;GO:0042626;GO:0009235;GO:0005524;GO:0016021;GO:0043190;GO:0005778;GO:0015910
P10775	GO:0005737
P38417	GO:0016702;GO:0005737;GO:0034440;GO:0046872;GO:0031408
Q5BDL3	GO:0000466;GO:0000463;GO:0043021;GO:0005654;GO:0030687;GO:0070545
A3M5Y1	GO:0006096;GO:0005576;GO:0009986;GO:0000015;GO:0004634;GO:0000287
Q8EQU6	GO:0008408;GO:0003677;GO:0003887;GO:0005737;GO:0006261
Q14588	GO:0000978;GO:0006357;GO:0005634;GO:0000981;GO:0046872
Q3APH0	GO:0003924;GO:0003746;GO:0005737;GO:0005525
Q85FW4	GO:0006457;GO:0051082;GO:0009507;GO:0005524
O33431	GO:0003677;GO:0006351;GO:0003899;GO:0046872
B0VQI4	GO:0006096;GO:0005576;GO:0009986;GO:0000015;GO:0004634;GO:0000287
B1KTJ8	GO:0006096;GO:0005576;GO:0009986;GO:0000015;GO:0004634;GO:0000287
Q6ZN19	GO:0000978;GO:0006357;GO:0005634;GO:0001228;GO:0046872
Q8Y7Q2	GO:0000049;GO:0005737;GO:0005524;GO:0004826;GO:0000287;GO:0006432
Q9FNA4	GO:0051301;GO:0002926;GO:0005634;GO:0035265;GO:0010928;GO:0009734;GO:0006400;GO:0009737;GO:2000024;GO:0005829;GO:0048530;GO:0009738;GO:0000049;GO:0008284;GO:0033588;GO:0016746;GO:0080178;GO:0009965;GO:0071215;GO:0009787;GO:0031538;GO:0006979
P21402	GO:0006260;GO:0003887;GO:0003677;GO:0000166;GO:0039693
Q9Y2A4	GO:0006357;GO:0006915;GO:0005634;GO:0000981;GO:0046872;GO:0000977
A0QVX9	GO:0008033;GO:0052381;GO:0005524
Q2RT60	GO:0006096;GO:0005576;GO:0009986;GO:0000015;GO:0004634;GO:0000287
O66778	GO:0006096;GO:0005576;GO:0009986;GO:0000015;GO:0032889;GO:0004634;GO:0000287
O27281	GO:0004152;GO:0004589;GO:0005737;GO:0044205;GO:0006207
Q9C911	GO:0003676;GO:0005634;GO:0008270
Q9FT72	GO:0032508;GO:0036310;GO:0046872;GO:0005634;GO:0043138;GO:0000724;GO:0005737;GO:0006281;GO:0006310;GO:0005694;GO:0005524;GO:0006268;GO:0009378
A3PEX4	GO:0003677;GO:0006351;GO:0032549;GO:0003899
E3VWI3	GO:0004497;GO:0055114;GO:1901780;GO:0016705;GO:0017000;GO:0005506;GO:0016636;GO:0020037
A1WMV5	GO:0018339;GO:0051539;GO:0006400;GO:0005737;GO:0046872;GO:0103039
Q8CDN1	GO:0005737;GO:0016021
Q72CE6	GO:0034605;GO:0004176;GO:0043565;GO:0005737;GO:0005524;GO:0006515;GO:0004252
Q9U943	GO:0016055;GO:0005319;GO:0005576;GO:0008289
Q04912	GO:0007165;GO:0005011;GO:0006952;GO:0019899;GO:0043406;GO:0009925;GO:0007338;GO:0009986;GO:0005886;GO:0005524;GO:0005887;GO:0005773;GO:0006909;GO:0009615;GO:0008284;GO:0007275;GO:0007169;GO:0004714;GO:0007399;GO:0033674;GO:0048012;GO:0001725;GO:0016477;GO:0043235;GO:0045087;GO:0051897
Q92104	GO:0004507;GO:0031966;GO:0005506;GO:0006694;GO:0020037
Q4UKY1	GO:0065002;GO:0006605;GO:0005737;GO:0005886;GO:0017038;GO:0005524;GO:0046872
A6S043	GO:0001732;GO:0003743;GO:0005852;GO:0031369;GO:0016282;GO:0033290
A8M497	GO:0042026;GO:0005737;GO:0051082;GO:0005524
Q8NAP3	GO:0003700;GO:0000978;GO:0046872;GO:0045892;GO:0008327;GO:0072562;GO:0000790;GO:0000981;GO:0005634;GO:0006275;GO:0005654;GO:0042803;GO:0006355;GO:0045944;GO:0006974
Q1H011	GO:0006096;GO:0005576;GO:0009986;GO:0000015;GO:0004634;GO:0000287
A1R9J0	GO:0000287;GO:0016779;GO:0005524
Q9FYB7	GO:0005681;GO:0005634;GO:0003729;GO:0045292;GO:0008380;GO:0016607;GO:0000398;GO:0008270;GO:0003723;GO:0000381
Q99MD8	GO:0000978;GO:0006357;GO:0001227;GO:1990830;GO:0005654;GO:0046872
E1BP36	GO:0045893;GO:0030331;GO:0097428;GO:1905168;GO:0006259;GO:0005654;GO:0003713;GO:0006281;GO:0005737;GO:0007059;GO:0097361;GO:0016226;GO:0019899;GO:0071817;GO:0006974
P0C6P5	GO:0005085;GO:0000902;GO:0021955;GO:0035023;GO:0035556;GO:0005737;GO:0005886;GO:0046872;GO:0003723;GO:0005089;GO:0060052
Q8U0J4	GO:0005737;GO:0016149
C4LD33	GO:0006744;GO:0008694;GO:0005886;GO:0046872
Q76E23	GO:0009737;GO:0003743;GO:0009615;GO:0003729;GO:0016281
Q164E3	GO:0006096;GO:0005576;GO:0009986;GO:0000015;GO:0004634;GO:0000287
Q720K8	GO:0000049;GO:0005737;GO:0005524;GO:0004826;GO:0000287;GO:0006432
P13929	GO:0042802;GO:0070062;GO:0006096;GO:0007568;GO:0044877;GO:0006094;GO:0061621;GO:0000015;GO:0005886;GO:0016020;GO:0004634;GO:0005615;GO:0032889;GO:0000287;GO:0042493;GO:0043403;GO:0005829
Q9VF26	GO:0007283;GO:0016246;GO:0005634;GO:0030720;GO:0030717;GO:0005737;GO:0001556;GO:0007294;GO:0003723;GO:0010529;GO:0043186;GO:0030423;GO:0000335;GO:0048477;GO:0005524;GO:0008186;GO:0007315;GO:0006342;GO:0006403;GO:0003724;GO:0009951;GO:0045892;GO:0008298;GO:0046843;GO:0060213;GO:0007076;GO:0009949;GO:0004386;GO:0007317
P45157	GO:0008854;GO:0043138;GO:0000724;GO:0003677;GO:0006281;GO:0005524;GO:0000287;GO:0000725;GO:0009338;GO:0005829
Q69Z23	GO:0036126;GO:0005874;GO:0030286;GO:0003341;GO:0036158;GO:0005930;GO:0005524;GO:0031514;GO:0007018;GO:0036157;GO:0008569;GO:0051959;GO:0045505
O16368	GO:0030163;GO:0005634;GO:0010629;GO:0008540;GO:0036402;GO:0005737;GO:0005524;GO:0031625;GO:0017025
P42076	GO:0006351;GO:0003899;GO:0003677;GO:0008270;GO:0000287
A4IFB6	GO:0017148;GO:0006402;GO:0030014
P78621	GO:0005522;GO:0003779;GO:1903475;GO:0051017;GO:0017048;GO:0043332;GO:0032153;GO:0051016
O30548	GO:0000105;GO:0005737
P52824	GO:0046834;GO:0018105;GO:1903432;GO:0005634;GO:0006111;GO:0046486;GO:0005737;GO:0005856;GO:0050731;GO:0051591;GO:0045202;GO:2000182;GO:0004143;GO:0006357;GO:0008277;GO:0016363;GO:0010629;GO:0007205;GO:0005886;GO:0016607;GO:0005524;GO:0019900;GO:0046339;GO:0005829;GO:0070528;GO:0007186;GO:0010628;GO:0033198;GO:0046872;GO:2000064;GO:0035556;GO:0030297;GO:0010801;GO:0003951;GO:0090181;GO:0005768;GO:0043274;GO:0070493;GO:0030168;GO:0012506;GO:0006654;GO:0019933;GO:0033613
Q5Z0W8	GO:0102752;GO:0003844;GO:0043169;GO:0005978;GO:0004553
B4Q0P3	GO:0004622;GO:0007399;GO:0005789;GO:0102545;GO:0051402;GO:0016042;GO:0034349;GO:0016021;GO:0046470;GO:0006643;GO:0061024
O62725	GO:0001516;GO:0005637;GO:0004601;GO:0005640;GO:0005789;GO:0008217;GO:0006954;GO:0150077;GO:0004666;GO:0046872;GO:0006979;GO:0051213;GO:0019371;GO:0020037
Q4WYG2	GO:0044550;GO:0019184;GO:0016874;GO:0009405;GO:0005737;GO:0019748;GO:0031177;GO:0043041
B2AHB8	GO:0003697;GO:0008094;GO:0009432;GO:0006281;GO:0005737;GO:0006310;GO:0005524;GO:0003684
P33666	GO:0005576
P08361	GO:0004190;GO:0015074;GO:0003964;GO:0044185;GO:0044826;GO:0039657;GO:0003723;GO:0046718;GO:0072494;GO:0075713;GO:0039660;GO:0019068;GO:0020002;GO:0003887;GO:0003677;GO:0004523;GO:0019013;GO:0006310;GO:0016020;GO:0008270
Q966L5	GO:0005654;GO:0016604;GO:0006397;GO:0031053
Q9PQB4	GO:0008408;GO:0003677;GO:0003887;GO:0005737;GO:0006261
Q99KS6	GO:0047734;GO:0047631;GO:0008663;GO:0030145
B8D7Q2	GO:0006400;GO:0016705
B2U9C3	GO:0006096;GO:0005576;GO:0009986;GO:0000015;GO:0004634;GO:0000287
P0CO48	GO:0019805;GO:0006569;GO:0005739;GO:0034354;GO:0004502;GO:0050660;GO:0071949;GO:0043420;GO:0019674;GO:0016174;GO:0070189;GO:0005741
C3KZ49	GO:0006096;GO:0005576;GO:0009986;GO:0000015;GO:0004634;GO:0000287
P0C869	GO:0046475;GO:0036148;GO:0006644;GO:0005576;GO:0019369;GO:0036152;GO:0005829;GO:0102568;GO:0005509;GO:0004623;GO:0019722;GO:0036151;GO:0006954;GO:0031901;GO:0036498;GO:0005544;GO:0004622;GO:0036150;GO:0005743;GO:0007567;GO:0102567;GO:0006654;GO:0047498
Q8VD75	GO:0035615;GO:0042981;GO:0045211;GO:0098978;GO:0005634;GO:0032266;GO:0098888;GO:0097190;GO:0035612;GO:0005737;GO:0005794;GO:0032051;GO:0042803;GO:0046982;GO:0031234;GO:0072583;GO:0030276;GO:0048268;GO:0035091;GO:0050821;GO:0043325;GO:0080025;GO:0043231;GO:0048260;GO:0007015;GO:0030665;GO:0098793;GO:0098890;GO:0045742;GO:0030154;GO:0006915;GO:0006919;GO:0030136;GO:2000588;GO:0098794;GO:0051015;GO:0006897
Q5ZID5	GO:0006511;GO:0004843;GO:0042771;GO:0005634;GO:0004197;GO:0008283;GO:0005654;GO:0016579;GO:0006281;GO:0000077;GO:0007265;GO:0031647;GO:0005829;GO:0010212
A7HNS8	GO:0006096;GO:0005576;GO:0009986;GO:0000015;GO:0004634;GO:0000287
A7EI75	GO:0000045;GO:0006501;GO:0032446;GO:0000407;GO:0000422;GO:0006995;GO:0019778;GO:0005737;GO:0019779;GO:0034727;GO:0044805;GO:0015031
A4JHR9	GO:0003676;GO:0004815;GO:0050560;GO:0005737;GO:0006422;GO:0005524
B4U197	GO:0030956;GO:0016787;GO:0050567;GO:0005524;GO:0006412
P07896	GO:0005777;GO:0006635;GO:0003857;GO:0004300;GO:0004165;GO:0005829;GO:0016863;GO:0019899;GO:0016509
A6H0C4	GO:0042744;GO:0004096;GO:0046872;GO:0006979;GO:0020037
Q06AT9	GO:0005634;GO:0005730;GO:0043153;GO:0003729;GO:0045292;GO:0006417;GO:0016607;GO:0008270;GO:0007623;GO:0003723;GO:0000381;GO:0032922
A5U8T5	GO:0005886;GO:0004222;GO:0030163;GO:0016021;GO:0005524;GO:0008270;GO:0004176
Q7N6F9	GO:0046677;GO:0015562;GO:0008559;GO:0016887;GO:0005524;GO:0005887;GO:1990961
B1I9M8	GO:0030956;GO:0016787;GO:0050567;GO:0005524;GO:0006412
P23503	GO:0051539;GO:0005634;GO:0008901;GO:0016020;GO:0097361;GO:0046872;GO:0051536;GO:0005829;GO:0016226
P09373	GO:0016020;GO:0006567;GO:0006006;GO:0008861;GO:0005829
Q92736	GO:0042802;GO:0044325;GO:0003220;GO:0033017;GO:0005516;GO:0086064;GO:0015278;GO:0034220;GO:0051480;GO:0005219;GO:0030018;GO:0060402;GO:0098910;GO:0019899;GO:0055117;GO:0071872;GO:0003300;GO:0071313;GO:0001666;GO:0006874;GO:0043621;GO:0086029;GO:0051209;GO:0034704;GO:0097050;GO:0034237;GO:0005886;GO:0016020;GO:0043924;GO:0010882;GO:0051775;GO:0014701;GO:0035994;GO:0010460;GO:0005509;GO:0019722;GO:0086005;GO:0006816;GO:1903779;GO:0098911;GO:1901896;GO:0051284;GO:0072599;GO:0005262;GO:0034236;GO:0035584;GO:0014808;GO:0014850;GO:0005513;GO:0030659;GO:0042383;GO:0098904;GO:0005790;GO:0002027;GO:0031000;GO:0048763;GO:0060048;GO:0098907;GO:0010881;GO:0070296;GO:0032991;GO:0016529;GO:0003143;GO:0098735
A4VKA3	GO:0004165;GO:0006635;GO:0003857;GO:0004300;GO:0008692;GO:0036125
Q68FH0	GO:0044291;GO:0030054;GO:0005634;GO:0030496;GO:0000922;GO:0005737;GO:0005856;GO:0005911;GO:0045296;GO:0098609;GO:0005912;GO:0032467;GO:0005886;GO:0043547;GO:0051233;GO:0072686;GO:0014069;GO:0048471;GO:0030057;GO:0009898;GO:0007043
A9NFG5	GO:0006308;GO:0009318;GO:0008855;GO:0003676;GO:0005737
Q9UI47	GO:0086073;GO:0005916;GO:0098609;GO:0005912;GO:0098911;GO:0005737;GO:0005856;GO:0030027;GO:0086091;GO:0051015;GO:0008013;GO:0045296
P37869	GO:0006096;GO:0005576;GO:0030435;GO:0009986;GO:0000015;GO:0032889;GO:0004634;GO:0000287
Q8C176	GO:0003682;GO:0000976;GO:0005669;GO:0033276;GO:0000086;GO:0006367
P28945	GO:0044177;GO:0019033
Q889F6	GO:0002098;GO:0016765;GO:0043828
A1Z651	GO:0019068;GO:0004190;GO:0015074;GO:0020002;GO:0042802;GO:0003964;GO:0003887;GO:0003677;GO:0004523;GO:0019013;GO:0006310;GO:0016020;GO:0044826;GO:0008270;GO:0003723;GO:0046718;GO:0075713;GO:0039660
Q9HTE9	GO:1904482;GO:0006730;GO:0030170;GO:0046653;GO:0019264;GO:0070905;GO:0016597;GO:0008270;GO:0006565;GO:0004372;GO:0005829;GO:0050897;GO:0035999;GO:0006544;GO:0046655
Q46HH8	GO:0005737;GO:0006096;GO:0004618;GO:0005524
A9N9G2	GO:0006420;GO:0005737;GO:0004814;GO:0005524
Q6PH08	GO:0042734;GO:0030165;GO:0030426;GO:0043195;GO:0044877;GO:0048786;GO:0043025;GO:0005856;GO:0005798;GO:0016020;GO:0032991;GO:0014069;GO:0098882;GO:0098831;GO:0045202
Q5ZI67	GO:0005829
Q5M886	GO:0047734;GO:0047631;GO:0008663;GO:0030145
B5DGQ7	GO:0006096;GO:0000287;GO:0000015;GO:0004634
P23478	GO:0033202;GO:0043138;GO:0008408;GO:0000724;GO:0006281;GO:0005524;GO:0005829;GO:0000725;GO:0003690
C6DI86	GO:0008964;GO:0015977;GO:0006107;GO:0006099;GO:0000287
P02242	GO:0005507;GO:0005344;GO:0016491;GO:0031404;GO:0005615
B8F9F0	GO:0005737;GO:0004823;GO:0005524;GO:0006429;GO:0002161
A8G6Y5	GO:0006351;GO:0003899;GO:0003677;GO:0008270;GO:0000287
B1JYI9	GO:0003676;GO:0004815;GO:0050560;GO:0005737;GO:0006422;GO:0005524
Q6NSZ9	GO:0000978;GO:0006357;GO:0005634;GO:0000981;GO:0046872
P09772	GO:0009399;GO:0018697;GO:0016612;GO:0016163;GO:0005524;GO:0046872;GO:0051536
Q39K17	GO:0006782;GO:0050661;GO:0008883
Q7MD16	GO:0005886;GO:0000155;GO:0005524;GO:0016021;GO:0004721
Q8D5Z6	GO:0005886;GO:0000155;GO:0005524;GO:0016021;GO:0004721
Q2LUL3	GO:0003684;GO:0030983;GO:0005524;GO:0006298
O08405	GO:0042744;GO:0004096;GO:0046872;GO:0006979;GO:0020037
Q2GFY5	GO:0006457;GO:0005737;GO:0051082;GO:0005524
P11269	GO:0039702;GO:0020002;GO:0019013;GO:0016020;GO:0008270;GO:0003723;GO:0072494;GO:0039660
O75592	GO:0042802;GO:0005634;GO:0005654;GO:0031398;GO:0005737;GO:0042177;GO:0030424;GO:0032922;GO:0051493;GO:0016567;GO:0021785;GO:0061630;GO:0032880;GO:0016020;GO:0043231;GO:0015630;GO:0005085;GO:0008536;GO:1902667;GO:0050905;GO:0021952;GO:0008270
Q5SMF6	GO:0047780;GO:0003994;GO:0051539;GO:0006099;GO:0003729;GO:0047456;GO:0046872;GO:0003730;GO:0009085;GO:0019679
P77967	GO:0018298;GO:0071949;GO:0003677;GO:0003913;GO:0000719
P16618	GO:0006782;GO:0050661;GO:0008883
P48410	GO:0042802;GO:0055089;GO:0043217;GO:1900016;GO:0005739;GO:0031998;GO:0042760;GO:0051900;GO:0000038;GO:0005779;GO:0036113;GO:0005737;GO:2001280;GO:0042803;GO:0019899;GO:0015910;GO:0005765;GO:0002082;GO:0055092;GO:0015607;GO:1900407;GO:0005524;GO:0005778;GO:0042758;GO:0005789;GO:0016887;GO:0005324;GO:1903427;GO:0007031;GO:0042626;GO:0048471;GO:1990535;GO:0005777;GO:0006635;GO:0030497;GO:0031966;GO:0032000;GO:0043531
P10686	GO:0005158;GO:0050852;GO:0042995;GO:0098978;GO:0019901;GO:0004435;GO:0050804;GO:0007165;GO:0001726;GO:0001701;GO:0005737;GO:0030027;GO:0071364;GO:0005911;GO:0010634;GO:2000353;GO:0009306;GO:1901339;GO:0005886;GO:0008180;GO:0009395;GO:0032959;GO:0045766;GO:0007173;GO:0042542;GO:0005509;GO:0019722;GO:0010243;GO:0043278;GO:0006816;GO:0051219;GO:0098685;GO:0009629;GO:0043536;GO:0051281;GO:0035254;GO:0030971;GO:0030136;GO:1905564;GO:0016477;GO:0005168
P45843	GO:0016887;GO:0015842;GO:0098793;GO:0005275;GO:0006727;GO:0005886;GO:0006856;GO:0042626;GO:0005524;GO:0031409;GO:0090740
B8ZLM2	GO:0000287;GO:0008966;GO:0005975
D3ZDI6	GO:0006511;GO:0016567;GO:0045732;GO:0007399;GO:0031648;GO:0010989;GO:0032803;GO:0061630;GO:0005856;GO:0005886;GO:0005737;GO:0042632;GO:0046872;GO:0010977;GO:0004842;GO:0008092
O75437	GO:0000978;GO:0006357;GO:0005634;GO:0000981;GO:0000122;GO:0046872
B2KWH9	GO:0016491
Q64338	GO:0061179;GO:0048101;GO:0005516;GO:0005764;GO:0007165;GO:0007608;GO:0043025;GO:0051592;GO:0030552;GO:0005929;GO:0004114;GO:0046872;GO:0004117
B1YSD6	GO:0006782;GO:0050661;GO:0008883
Q9ZWL6	GO:0046872;GO:0005789;GO:0038199;GO:0051740;GO:0000155;GO:0005524;GO:0016021
A4G8D2	GO:0006457;GO:0051082;GO:0005524
I1S3L1	GO:0016491;GO:0071949
P0DTQ2	GO:0009086;GO:0046835;GO:0046522;GO:0019200;GO:0005524;GO:0110052
P47037	GO:0042802;GO:0051301;GO:0034990;GO:0005634;GO:0007130;GO:0019901;GO:1990414;GO:0007064;GO:0005524;GO:0007131;GO:0051177
Q02224	GO:0000779;GO:0051301;GO:0007079;GO:0005634;GO:0030496;GO:0051315;GO:0005654;GO:0007059;GO:0007080;GO:0099606;GO:0043515;GO:0007052;GO:0016020;GO:0005524;GO:0005694;GO:0005829;GO:0051233;GO:0015630;GO:0099607;GO:0005828;GO:0008017;GO:0051382;GO:0007275;GO:0030071;GO:0007018;GO:0045860;GO:0006890;GO:0000777;GO:0003777;GO:0005874;GO:0000278;GO:1990023;GO:0000775;GO:0019886;GO:0000776;GO:0051310
Q2NAQ1	GO:0006096;GO:0005576;GO:0009986;GO:0000015;GO:0004634;GO:0000287
Q2SQL8	GO:0051539;GO:0016830;GO:0009229;GO:0009228;GO:0008270
Q9K716	GO:0006007;GO:0006096;GO:0030435;GO:0005737;GO:0030145;GO:0046537
Q975H9	GO:0006428;GO:0004822;GO:0002161;GO:0000049;GO:0005737;GO:0005524;GO:0008270
Q6LPR3	GO:0030170;GO:0008710;GO:0009102
Q42971	GO:0006096;GO:0000015;GO:0032889;GO:0004634;GO:0000287
O14978	GO:0003700;GO:0000978;GO:0046872;GO:0006357;GO:1990837;GO:0001227;GO:0005634;GO:0000981;GO:0043565;GO:0000122;GO:0006355
B7PJS6	GO:0003924;GO:0005759;GO:0005743;GO:0005739;GO:0043022;GO:0045727;GO:0006412;GO:0005525
O70589	GO:0005604;GO:0030165;GO:0005634;GO:0005516;GO:0045121;GO:0005737;GO:0097060;GO:0005911;GO:0004674;GO:0045202;GO:0060170;GO:0006357;GO:0016363;GO:0061003;GO:0032024;GO:0043025;GO:0005886;GO:0008022;GO:0016020;GO:0005524;GO:0030425;GO:0042043;GO:0005829;GO:2000300;GO:0098846;GO:0042734;GO:0001953;GO:0010839;GO:0090280;GO:0005730;GO:0098685;GO:0061045;GO:0005652;GO:0014069;GO:0016323;GO:0072659;GO:0045944;GO:0070509;GO:0031982;GO:0090288;GO:0044877;GO:0097440;GO:0032991
P32378	GO:0002083;GO:0032592;GO:0047293;GO:0005743;GO:0005739;GO:0008299;GO:0005758;GO:0006744;GO:0016765;GO:0008412;GO:0031305
C4K477	GO:0042026;GO:0005737;GO:0051082;GO:0005524
P09104	GO:0070062;GO:0006096;GO:0001917;GO:0006094;GO:0061621;GO:0000015;GO:0005886;GO:0016020;GO:0004634;GO:0005615;GO:0032889;GO:0000287;GO:0043204;GO:0005829
A8FD15	GO:0004151;GO:0044205;GO:0008270
Q6ZMS4	GO:0000978;GO:0006357;GO:0005634;GO:0000981;GO:0046872
Q9Z987	GO:0002161;GO:0005737;GO:0004832;GO:0005524;GO:0006438
Q18FG3	GO:0003883;GO:0005524;GO:0046872;GO:0006541;GO:0044210
Q9TUB2	GO:0005813;GO:2000871;GO:0005739;GO:0005634;GO:0000981;GO:1990841;GO:0000733;GO:0006289;GO:0005737;GO:0005783;GO:0090276;GO:2001244;GO:0006974;GO:0000978;GO:0005507;GO:0032306;GO:0043065;GO:0043153;GO:0005524;GO:0016605;GO:0005759;GO:0007049;GO:0007569;GO:0005730;GO:0048512;GO:0045944;GO:0030308;GO:0097252;GO:0045892;GO:0051262;GO:0003677
O14936	GO:0005604;GO:0005516;GO:0005737;GO:0005911;GO:0015629;GO:0004674;GO:0060170;GO:0005925;GO:0016363;GO:0004385;GO:0005886;GO:0005524;GO:0042043;GO:2000300;GO:0005829;GO:0007269;GO:0042734;GO:0001953;GO:0010839;GO:0090280;GO:0005730;GO:0098685;GO:0061045;GO:0005652;GO:0016323;GO:0045944;GO:0070509;GO:0031982;GO:0090288;GO:0007155
Q9ZU91	GO:0005739;GO:0031225;GO:0042973;GO:0046658;GO:0006952;GO:0005886;GO:0005975
P19205	GO:0005737;GO:0004252
Q96KW2	GO:0008139;GO:0006405;GO:0006606;GO:0005643;GO:0017056
P33897	GO:0042802;GO:0055089;GO:0033540;GO:0043217;GO:1900016;GO:0031998;GO:0042760;GO:0051900;GO:0005779;GO:0036113;GO:0005737;GO:2001280;GO:0042803;GO:0019899;GO:0015910;GO:0005765;GO:0002082;GO:0015919;GO:0055092;GO:0015607;GO:1900407;GO:0016020;GO:0005524;GO:0005829;GO:0005778;GO:0042758;GO:0005789;GO:0016887;GO:0005324;GO:1903427;GO:0007031;GO:0042626;GO:0043651;GO:0048471;GO:0036109;GO:1990535;GO:0005777;GO:0006635;GO:0030497;GO:0055085;GO:0031966;GO:0032000;GO:0043531
Q73WH4	GO:0006308;GO:0009318;GO:0008855;GO:0003676;GO:0005737
A1D887	GO:0016592;GO:0006357;GO:0003712
Q91DR9	GO:0019012;GO:0019083;GO:0030430;GO:0039689;GO:0004482;GO:0005524;GO:0003968
A5UUJ5	GO:0051539;GO:0036070;GO:0046872;GO:0019685;GO:0005524;GO:0016730;GO:0016636
O52271	GO:0006351;GO:0046677;GO:0003899;GO:0032549;GO:0003677
Q7TQI7	GO:0005654;GO:0046982;GO:0097237
Q6ZR52	GO:0000978;GO:0006357;GO:0046872;GO:0005634;GO:0001228
P27417	GO:0003677;GO:0030337;GO:0019079;GO:0006260
O88553	GO:0006357;GO:0001227;GO:0000790;GO:0000981;GO:0008283;GO:0000122;GO:0046872;GO:0000977;GO:0030154
Q8PKJ8	
B2GDD7	GO:0006420;GO:0005737;GO:0004814;GO:0005524
Q5R5Q6	GO:0003677;GO:0046872;GO:0005634;GO:0006355
Q9KER1	GO:0006013;GO:0030246;GO:0004559;GO:0046872
Q6ARA9	GO:0005886;GO:0006813;GO:0016021;GO:0008324
A5IXT5	GO:0006457;GO:0051082;GO:0005524
P04051	GO:0003899;GO:0042797;GO:0005666;GO:0003677;GO:0005654;GO:0046872;GO:0006386
Q14517	GO:0007163;GO:0005634;GO:0003382;GO:0007156;GO:0030027;GO:0005911;GO:0005925;GO:0098609;GO:0030175;GO:0007267;GO:0005886;GO:0005887;GO:0007015;GO:0005509;GO:0070062;GO:0048471;GO:0016324;GO:0007155;GO:0002088;GO:0003412;GO:0009653;GO:0016477
Q6UDF4	GO:0044175;GO:0055036;GO:0044156;GO:0019031;GO:0075509;GO:0016021;GO:0044178
A3PEX3	GO:0006351;GO:0003899;GO:0003677;GO:0008270;GO:0000287
A0A024F910	GO:0016853;GO:0016874;GO:0009405;GO:0031177
O13801	GO:0003723;GO:0005730;GO:0046872
O32047	GO:0065002;GO:0006605;GO:0005886;GO:0016021;GO:0043952;GO:0015450;GO:0015031
O54782	GO:0005576;GO:0030246;GO:0005764;GO:0006013;GO:0005774;GO:0004559;GO:0046872
C5C0J4	GO:0003924;GO:0003746;GO:0005737;GO:0005525
A2RAF3	GO:0050688;GO:0006396;GO:0003677;GO:0051607;GO:0004386;GO:0005524;GO:0046872;GO:0003723;GO:0004525
A1VI67	GO:0051539;GO:0016830;GO:0009229;GO:0009228;GO:0008270
Q473G4	GO:0006096;GO:0005576;GO:0009986;GO:0000015;GO:0004634;GO:0000287
Q5MYT7	GO:0060700;GO:0003725;GO:0005634;GO:0045071;GO:0009615;GO:0005654;GO:0005737;GO:0016020;GO:0001730;GO:0005524;GO:0046872;GO:0051607;GO:0005829;GO:0045087
P59966	GO:0003678;GO:1990077;GO:0003677;GO:0004519;GO:0006314;GO:0005524;GO:0006269;GO:0016539
Q9LW85	GO:0009534;GO:0016363;GO:0019252;GO:0010581;GO:0003677;GO:0042646;GO:0009535;GO:0005829;GO:0009507
Q8N4C6	GO:0005813;GO:0048668;GO:0000922;GO:0021957;GO:0050772;GO:0005654;GO:0097539;GO:0051642;GO:0120103;GO:0036449;GO:0005814;GO:0005525;GO:0010457;GO:0005886;GO:0030425;GO:0021540;GO:0005881;GO:0019900;GO:0005509;GO:0008104;GO:0005730;GO:0090222;GO:0000242;GO:0072686;GO:0034454;GO:0097431;GO:0044295;GO:0031116;GO:0045177
Q47SV1	GO:0006096;GO:0005576;GO:0009986;GO:0000015;GO:0004634;GO:0000287
A9AJ67	GO:0006782;GO:0050661;GO:0008883
C3K613	GO:0004165;GO:0006635;GO:0003857;GO:0004300;GO:0008692;GO:0036125
Q39230	GO:0046686;GO:0004828;GO:0097056;GO:0006434;GO:0000049;GO:0009536;GO:0005524;GO:0005829
B8ZLK1	GO:0030956;GO:0016787;GO:0050567;GO:0005524;GO:0006412
B1MZG6	GO:0006457;GO:0051082;GO:0005524
Q9VGG5	GO:0005509;GO:0044331;GO:0007155;GO:0007156;GO:0016339;GO:0005887
Q2NY41	GO:0008152;GO:0047388;GO:0008882;GO:0000820;GO:0005524;GO:0000287
Q0KE78	GO:0003697;GO:0008094;GO:0009432;GO:0006281;GO:0005737;GO:0006310;GO:0005524;GO:0003684
Q67XD9	GO:0048364;GO:0004564;GO:0004575;GO:0033926;GO:0005987;GO:0005829;GO:0009507
A4IF89	GO:0007032;GO:0008104;GO:0006893;GO:0000145;GO:0030426;GO:0006887;GO:0022617;GO:0017160;GO:0035091;GO:0005829;GO:0048471;GO:0005770;GO:0015031
P52740	GO:0000978;GO:0006357;GO:0046872;GO:0005634;GO:0000981
P13406	GO:0046872;GO:0004715;GO:0005524;GO:0007275
O60296	GO:0008089;GO:0048311;GO:0006605;GO:0005739;GO:0005634;GO:0008333;GO:0005737;GO:0005102;GO:0031410;GO:0019899;GO:0098957;GO:0006357;GO:1904115;GO:0032839;GO:0043025;GO:0005886;GO:0022008;GO:0017022;GO:0030425;GO:0019894;GO:0008104;GO:0048813;GO:0006493;GO:0050811;GO:0050771;GO:0098972;GO:0005769;GO:0030911;GO:0044295;GO:0047496
O31875	GO:0005971;GO:0004748;GO:0006260;GO:0009263;GO:0005524;GO:0004519;GO:0016539
O24750	GO:0009231;GO:0008703;GO:0008270;GO:0008835
Q86YB8	GO:0006457;GO:0022417;GO:0045454;GO:0018401;GO:0051082;GO:0005789;GO:0016491;GO:0003756;GO:0030198;GO:0005783;GO:0030070;GO:0015035;GO:0042593;GO:0034975;GO:0016671
A4FUG8	GO:0008083;GO:0005769;GO:0005813;GO:1902017;GO:0043231;GO:0036064;GO:0030030;GO:0005829;GO:0006897;GO:0005096;GO:0015031
P59923	GO:0010385;GO:0003682;GO:0000978;GO:0006357;GO:0005634;GO:0010216;GO:0001228;GO:0046872;GO:0071517;GO:2000653
P19711	GO:0039694;GO:0043489;GO:0042025;GO:0004197;GO:0033592;GO:0075512;GO:0003723;GO:0033897;GO:0039548;GO:0032993;GO:0044161;GO:0044228;GO:0039707;GO:0005524;GO:0016021;GO:0044177;GO:0019082;GO:0005216;GO:0003724;GO:0033650;GO:1990904;GO:0003968;GO:0039654;GO:0044385;GO:0070008;GO:1990814;GO:0030430;GO:0055036;GO:0051259;GO:0003677;GO:0039520;GO:0019062;GO:0004252
A0T0H7	GO:0006457;GO:0051082;GO:0009507;GO:0005524
Q96X46	GO:0006096;GO:0000287;GO:0000015;GO:0004634
O94387	GO:0030874;GO:0006369;GO:0000790;GO:0005634;GO:0035861;GO:0031123;GO:0001147;GO:0003724;GO:0016604;GO:0005524;GO:0006399;GO:0003723
O54196	GO:0004748;GO:0006260;GO:0050897;GO:0000166;GO:0031419;GO:0071897
A8EXK8	GO:0003677;GO:0006351;GO:0032549;GO:0003899
Q7Z6E9	GO:0006511;GO:0061053;GO:0006275;GO:0019901;GO:0006397;GO:0005730;GO:0048568;GO:0001701;GO:0003723;GO:0004842;GO:0006974;GO:0005815;GO:0006260;GO:0035264;GO:0061630;GO:0032991;GO:0016607;GO:0005694;GO:0000209;GO:0008270;GO:0005829
Q8A9K9	GO:0006428;GO:0004822;GO:0002161;GO:0000049;GO:0005737;GO:0005524;GO:0008270
P16480	GO:0009405;GO:0090729;GO:0005102;GO:0030435
C5H882	GO:0006633;GO:0016788;GO:0004315;GO:0031177
Q2F7J0	GO:0019068;GO:0004190;GO:0015074;GO:0020002;GO:0003964;GO:0003887;GO:0003677;GO:0004523;GO:0019013;GO:0006310;GO:0016020;GO:0044826;GO:0008270;GO:0003723;GO:0046718;GO:0075713;GO:0039660
Q9LEJ0	GO:0006096;GO:0000287;GO:0000015;GO:0004634
B1MZH4	GO:0005525;GO:0003924;GO:0005737;GO:0003743
P35858	GO:0070062;GO:0005576;GO:0007165;GO:0007155;GO:0031012;GO:0042567;GO:0044267;GO:0005520;GO:0005615
Q0W874	GO:0006457;GO:0051082;GO:0005524
Q65EN2	GO:0006096;GO:0005576;GO:0009986;GO:0000015;GO:0004634;GO:0000287
P53306	GO:0006506;GO:0005783;GO:0016021;GO:0000506;GO:0017176
Q183T0	GO:0000287;GO:0050194;GO:0019700;GO:0047304
Q9BX26	GO:0051301;GO:0005634;GO:0007130;GO:0007143;GO:0140013;GO:0000780;GO:0003677;GO:0043066;GO:0048808;GO:0000800;GO:0009566;GO:0007140;GO:0000795
Q8R4A1	GO:0005783;GO:0070059;GO:0030968;GO:0050873;GO:0045454;GO:0018401;GO:0051209;GO:0030425;GO:0051085;GO:0034975;GO:0006457;GO:0005789;GO:0022417;GO:0030198;GO:0010260;GO:0016491;GO:0055114;GO:0071456;GO:0003756;GO:0015035;GO:0034976;GO:0016671
Q9D2F7	GO:0005643;GO:0060009;GO:0007286;GO:0016021
Q5N6V8	GO:0000160;GO:0003700;GO:0009736;GO:0005634;GO:0003677
Q5ZYX7	GO:0008234;GO:0106275;GO:0009405;GO:0016579;GO:0000166;GO:0106274
O14433	GO:0005759;GO:0030170;GO:0006592;GO:0042450;GO:0003992
B3N3F7	GO:0016246;GO:0045071;GO:0050829;GO:0006397;GO:0005654;GO:0031053;GO:0033168
Q9P795	GO:0003676;GO:0016076;GO:0005730;GO:0031499;GO:0016075;GO:0008270;GO:0016077;GO:0016078;GO:0071027;GO:0043630
O35550	GO:0055037;GO:0008083;GO:0005769;GO:0005768;GO:0030139;GO:1903441;GO:0006893;GO:0006915;GO:0016192;GO:0019904;GO:0042803;GO:0032991;GO:0043231;GO:0006897;GO:0005096;GO:0015031
B2S044	GO:0006096;GO:0005576;GO:0009986;GO:0000015;GO:0004634;GO:0000287
Q643C8	GO:0032259;GO:0008168;GO:0017000
P21550	GO:0042802;GO:0006096;GO:0044877;GO:0000015;GO:0005886;GO:0016020;GO:0004634;GO:0007568;GO:0032889;GO:0000287;GO:0042493;GO:0043403;GO:0005829
Q7U6T1	GO:0004823;GO:0006429;GO:0002161;GO:0005737;GO:0005524
Q9TTS3	GO:0003989;GO:0051289;GO:0006633;GO:0005524;GO:0046872;GO:0005829;GO:2001295;GO:0006084
Q4FNA5	GO:0065002;GO:0006605;GO:0005737;GO:0005886;GO:0017038;GO:0005524
Q9VJE5	GO:0051010;GO:0031122;GO:0008017;GO:0003779;GO:0070854;GO:0005634;GO:0035371;GO:0005875;GO:0044295;GO:0005876;GO:0005737;GO:0045169;GO:0005794;GO:0007349;GO:0000776;GO:0030424
Q6MD85	GO:0051539;GO:0046429;GO:0019288;GO:0005506;GO:0016114
Q04747	GO:0031177;GO:0016874;GO:0030435;GO:0017000
P22672	GO:0003723;GO:0019013;GO:0039616;GO:0039625
A5VJE7	GO:0006457;GO:0051082;GO:0005524
Q60SG7	GO:0040028;GO:0040034;GO:0004534;GO:0010587;GO:0005634;GO:0006397;GO:0005730;GO:0000738;GO:0060965;GO:0046872;GO:0003723;GO:0000956;GO:0006353;GO:0008409
Q5LQL4	GO:0006096;GO:0005576;GO:0009986;GO:0000015;GO:0004634;GO:0000287
P0CP61	GO:0016572;GO:0000781;GO:0005634;GO:0008536;GO:0006886;GO:0006281;GO:0000077;GO:0005524;GO:0000723;GO:0004674;GO:0010212
Q6ZNA1	GO:0000978;GO:0006357;GO:0005634;GO:0001228;GO:0046872
O62698	GO:0001516;GO:0008217;GO:0001934;GO:0000212;GO:1904146;GO:0004601;GO:0004666;GO:0040019;GO:0005637;GO:0005789;GO:0005640;GO:0006954;GO:0001550;GO:1900195;GO:0019371;GO:0020037;GO:0071347;GO:0046872;GO:0006979;GO:0051213;GO:0150077
P51556	GO:0004143;GO:0005509;GO:0008289;GO:0046834;GO:0007205;GO:0046486;GO:0035556;GO:0005886;GO:0006654;GO:0016301;GO:0005524;GO:0003951;GO:0046339;GO:0005829;GO:0005543
Q3U108	GO:0042802;GO:0030331;GO:1904469;GO:0005634;GO:0035066;GO:0005654;GO:0000122;GO:0046966;GO:0046965;GO:0006357;GO:0032729;GO:0003682;GO:0008134;GO:0000976;GO:0071222;GO:2000556;GO:0005730;GO:0032755;GO:0003714;GO:0005667;GO:0043565;GO:0050681;GO:0045944;GO:0032740;GO:0002062;GO:2000318;GO:0071391;GO:0035613;GO:0045087
P07812	GO:0051879;GO:0000978;GO:0006357;GO:0016363;GO:0030544;GO:0000790;GO:0005634;GO:0003707;GO:0030518;GO:1990239;GO:0031490;GO:0032570;GO:0043235;GO:0043627;GO:0008270;GO:0005829;GO:0019899;GO:0032993;GO:0004879
Q8DQN5	GO:0005576;GO:0004222;GO:0008270;GO:0016021;GO:0005618
P9WMR3	GO:0006269;GO:0003678;GO:1990077;GO:0006974;GO:0003677;GO:0006314;GO:0005524;GO:0004519;GO:0006268;GO:0005829;GO:0016539;GO:0005618
H2K888	GO:0005525;GO:0009058;GO:0016779;GO:0046872
Q67SV9	GO:0006096;GO:0005576;GO:0009986;GO:0000015;GO:0004634;GO:0000287
P81291	GO:0051539;GO:0047508;GO:0050075;GO:0003861;GO:0009097;GO:0046872;GO:0009098
Q869W9	GO:0006633;GO:0004315;GO:0016491;GO:0019953
Q9BZF3	GO:0032934;GO:0015485;GO:0015248;GO:0008289;GO:0005789;GO:0031901;GO:0031965;GO:0005886;GO:0016020;GO:0043231;GO:0097038;GO:0005829;GO:0006699;GO:0032374
B0SZN2	GO:0003697;GO:0008094;GO:0009432;GO:0006281;GO:0005737;GO:0006310;GO:0005524;GO:0003684
Q8VHI4	GO:0051090;GO:0003700;GO:0000978;GO:0061400;GO:0071277;GO:0001652;GO:0005634;GO:0001228;GO:0003677;GO:0035865;GO:0045944
Q22712	GO:1901075;GO:0040011;GO:0005737;GO:0046855;GO:0034594;GO:0045807;GO:0019903;GO:0010508;GO:0004438;GO:0010506;GO:0046856;GO:0008289;GO:0004725;GO:0052629;GO:0016312;GO:0019898;GO:1901098;GO:0008340;GO:0046872;GO:0046662;GO:0042594
A2T6E3	GO:0003677;GO:0005634;GO:0046872
Q17RG1	GO:0051260
Q6P5E8	GO:0046834;GO:0018105;GO:1903432;GO:0005634;GO:0006111;GO:0046486;GO:0005737;GO:0005856;GO:0050731;GO:0051591;GO:0045202;GO:2000182;GO:0004143;GO:0006357;GO:0008277;GO:0016363;GO:0010629;GO:0007205;GO:0005886;GO:0016607;GO:0005524;GO:0019900;GO:0046339;GO:0005829;GO:0070528;GO:0007186;GO:0010628;GO:0033198;GO:0046872;GO:2000064;GO:0035556;GO:0030297;GO:0010801;GO:0003951;GO:0090181;GO:0005768;GO:0043274;GO:0070493;GO:0012506;GO:0006654;GO:0019933;GO:0033613
Q4L235	GO:0016878;GO:0006631;GO:0005524;GO:0019482;GO:0043041
Q03IZ7	GO:0003678;GO:0000724;GO:0005524;GO:0003690;GO:0008409
A8DYP0	GO:0045214;GO:0005085;GO:0006936;GO:0007527;GO:0046872;GO:0019901;GO:0030017;GO:0016301;GO:0007275;GO:0031430;GO:0005524;GO:0036309;GO:0051015;GO:0005523;GO:0006468
Q54CG0	GO:0031288;GO:0042626;GO:0031152;GO:0005524;GO:0016021
Q96BJ8	GO:0007015;GO:0006909;GO:0006915;GO:0048365;GO:0048870;GO:0017124;GO:0005737;GO:0016477
Q5A287	GO:1900429;GO:0003700;GO:0000978;GO:0030447;GO:0006357;GO:0005634;GO:0035690;GO:0001103;GO:0000128;GO:0009405;GO:0044182;GO:0000122;GO:0000228
A5CY09	GO:0004823;GO:0006429;GO:0002161;GO:0005737;GO:0005524
Q753Q4	GO:0006366;GO:0003899;GO:0032549;GO:0003677;GO:0005665;GO:0046872;GO:0003723;GO:0031048;GO:0031618
O74343	GO:0009982;GO:0005634;GO:0031120;GO:0006397;GO:0001522;GO:0000455;GO:0005737;GO:0008380;GO:0106029;GO:0003723;GO:0031119
Q62915	GO:0005604;GO:0030165;GO:0005634;GO:0005516;GO:0045121;GO:0005737;GO:0097060;GO:0005911;GO:0004674;GO:0045202;GO:0060170;GO:0006357;GO:0016363;GO:0061003;GO:0032024;GO:0043025;GO:0005886;GO:0008022;GO:0016020;GO:0005524;GO:0030425;GO:0042043;GO:0005829;GO:2000300;GO:0021987;GO:0098846;GO:0042734;GO:0001953;GO:0010839;GO:0090280;GO:0005730;GO:0098685;GO:0061045;GO:0005652;GO:0014069;GO:0016323;GO:0072659;GO:0045944;GO:0070509;GO:0031982;GO:0090288;GO:0044877;GO:0097440;GO:0032991
Q8NJJ1	GO:0009408;GO:0008926;GO:0051287;GO:0006979;GO:0019594
F4IV45	GO:0003677;GO:0004386;GO:0005524;GO:0005634;GO:0006325
Q2SMS4	GO:0032259;GO:0009086;GO:0003871;GO:0008270
A6QNM3	GO:0005664;GO:0006260;GO:0003688
G4MVZ2	GO:0016853;GO:0016874;GO:0016491;GO:0032259;GO:0006633;GO:0005737;GO:0008168;GO:0004315;GO:0031177
Q969P0	GO:0070062;GO:0007399;GO:0007519;GO:0007338;GO:0048870;GO:0005886;GO:0016020;GO:0016021;GO:0043231
C1C5V0	GO:0000049;GO:0005737;GO:0005524;GO:0004826;GO:0000287;GO:0006432
E9QG68	GO:0006511;GO:0008234;GO:0004843;GO:0045494;GO:0001917;GO:0016579;GO:0008270
Q9NUA8	GO:0000978;GO:0006357;GO:0005634;GO:0000981;GO:0030282;GO:0046872;GO:0006974
Q07093	GO:0008074;GO:0046956;GO:0007601;GO:0035556;GO:0005525;GO:0016056;GO:0004383;GO:0020037
A6MM95	GO:0015031;GO:0009706;GO:0016021
Q4ZYK5	GO:0002098;GO:0016765;GO:0043828
Q8BXR9	GO:0032934;GO:0015485;GO:0015248;GO:0008289;GO:0005789;GO:0031901;GO:0031965;GO:0005886;GO:0016020;GO:0043231;GO:0097038;GO:0005829;GO:0032374
Q8TEQ6	GO:0017069;GO:0005654;GO:0005737;GO:0030621;GO:0006412;GO:0003723;GO:0030619;GO:0034718;GO:0065003;GO:0043022;GO:0051170;GO:0016020;GO:0000398;GO:0005829;GO:0000387;GO:0006417;GO:0034719;GO:0097504;GO:0000340;GO:0032797;GO:0016604;GO:0030622;GO:0003730
Q27152	GO:0051539;GO:0006260;GO:0005634;GO:0003887;GO:0003677;GO:0000166;GO:0046872
P79114	GO:0008360;GO:0030705;GO:0005516;GO:0030898;GO:0007165;GO:0005547;GO:0005938;GO:0001726;GO:0030027;GO:0060002;GO:0031527;GO:0005524;GO:0032433;GO:0051015;GO:0005829;GO:0051489;GO:0016459
G1JUH1	GO:0102701;GO:0102703;GO:0000287;GO:0050551;GO:0050552;GO:0009507;GO:0016114
Q5P5P3	GO:0009073;GO:0005737;GO:0009423;GO:0000166;GO:0046872;GO:0003856
Q3SZK4	GO:0005759;GO:0005739;GO:0016071;GO:0044528;GO:0090615
Q9SR52	GO:0006807;GO:0009039;GO:0043419;GO:0005829;GO:0016151
Q9JHU4	GO:0005813;GO:0031122;GO:0051301;GO:0007097;GO:0072382;GO:0005737;GO:0005868;GO:0002177;GO:0051959;GO:0030424;GO:1904115;GO:0030286;GO:0008090;GO:0030175;GO:0034063;GO:0043025;GO:0005524;GO:0005881;GO:0045505;GO:0032388;GO:0120162;GO:0051293;GO:0005635;GO:0007018;GO:0090235;GO:0033962;GO:0005874;GO:0000278;GO:0003341;GO:0005938;GO:1905832;GO:0060236;GO:0008569
Q5ZIW2	GO:0030014;GO:0005634;GO:0006402;GO:0017148;GO:0005737;GO:0031047
Q15JG4	GO:0005525;GO:0016779;GO:0017000;GO:0046872
Q2UPK0	GO:0000466;GO:0000463;GO:0005730;GO:0043021;GO:0005654;GO:0030687
A8N6B4	GO:0045703;GO:0005789;GO:0030497;GO:0102342;GO:0016021;GO:0102340;GO:0102339;GO:0102341
A0RYM0	GO:0008852;GO:0000738;GO:0008408;GO:0003677;GO:0003887;GO:0006261
O13290	GO:0031122;GO:0030989;GO:0035974;GO:1990574;GO:0007097;GO:0051315;GO:0072382;GO:0005868;GO:0007129;GO:0051959;GO:0030286;GO:0005524;GO:0005881;GO:0045505;GO:0030981;GO:1990758;GO:0051293;GO:0007018;GO:0000278;GO:0005938;GO:0008569;GO:0000742
Q86GV3	GO:0006935;GO:0007165;GO:0005525;GO:0030424;GO:0044297;GO:0005886;GO:0030425;GO:0005524;GO:0016021;GO:0006182;GO:0043204;GO:0004672;GO:0042048;GO:0035556;GO:0050893;GO:0007168;GO:0043005;GO:0007606;GO:0001653;GO:0046872;GO:0004383
Q9SU58	GO:0120029;GO:0046872;GO:0009651;GO:0016887;GO:1902600;GO:0005886;GO:0008553;GO:0005524;GO:0016021;GO:0051453
V9ZAY0	GO:0090729;GO:0005576;GO:0004222;GO:0046872
Q06VD6	GO:0019012
A7ICM7	GO:0065002;GO:0006605;GO:0005737;GO:0005886;GO:0017038;GO:0005524;GO:0046872
Q7UP05	GO:0008094;GO:0032136;GO:0032300;GO:0005524;GO:0006298;GO:0005829;GO:0003684
A9LLI8	GO:0071048;GO:0071040;GO:0071039;GO:0071035;GO:0071044;GO:0000176;GO:0071037;GO:0005730;GO:0000467;GO:0000175;GO:0003727;GO:0071051;GO:0071036;GO:0005737;GO:0000166;GO:0071038;GO:0005829
Q931U5	GO:0009253;GO:0005576;GO:0033925;GO:0008745;GO:0071555;GO:0004040
B4RWX1	GO:0065002;GO:0006605;GO:0005737;GO:0005886;GO:0017038;GO:0005524;GO:0046872
Q04GY8	GO:0003678;GO:0000724;GO:0005524;GO:0003690;GO:0008409
Q2GNZ6	GO:0043144;GO:0004534;GO:0071035;GO:0030847;GO:0005634;GO:0051984;GO:0006397;GO:1901408;GO:0000448;GO:0030846;GO:0071028;GO:0008270;GO:0034428;GO:0034244;GO:0019843
P49331	GO:0047849;GO:0005576;GO:0009250;GO:0046527
Q8SPZ3	GO:0005813;GO:0005739;GO:0005634;GO:0000981;GO:1990841;GO:0000733;GO:0006289;GO:0005737;GO:0005783;GO:0006974;GO:0000978;GO:0005507;GO:0043065;GO:0043153;GO:0005524;GO:0016605;GO:0005759;GO:0007049;GO:0007569;GO:0005730;GO:0048512;GO:0045944;GO:0030308;GO:0097252;GO:0045892;GO:0051262;GO:0003677
Q044B7	GO:0005525;GO:0003924;GO:0005737;GO:0003743
Q46X58	GO:0030170;GO:0008721;GO:0046416;GO:0016836
Q13TU3	GO:0006782;GO:0050661;GO:0008883
Q9JIS8	GO:1990573;GO:0007268;GO:1902476;GO:0055064;GO:0019901;GO:0055075;GO:0016021;GO:0015379;GO:0006884;GO:0045202
Q5RDF1	GO:0000829;GO:0000832;GO:0006020;GO:0052723;GO:0102092;GO:0000827;GO:0005886;GO:0033857;GO:0005524;GO:0005829;GO:0052724
A0JZ92	GO:0006351;GO:0003899;GO:0003677;GO:0008270;GO:0000287
Q62077	GO:0005158;GO:0050852;GO:0042995;GO:0019901;GO:0004435;GO:0001726;GO:0001701;GO:0005737;GO:0030027;GO:0071364;GO:0005911;GO:0010634;GO:2000353;GO:0009306;GO:1901339;GO:0005886;GO:0008180;GO:0009395;GO:0032959;GO:0005829;GO:0045766;GO:0007173;GO:0005509;GO:0019722;GO:0006816;GO:0051219;GO:0043536;GO:0051281;GO:0035254;GO:0030971;GO:0030136;GO:1905564;GO:0016477;GO:0005168
Q24DE2	GO:0044782;GO:0003341;GO:0031514
Q10211	GO:0044264;GO:0005634;GO:0016021;GO:0004553;GO:0005829
A8ZTV3	GO:0030170;GO:0019264;GO:0005737;GO:0004372;GO:0035999
B9EAH1	GO:0006096;GO:0005576;GO:0009986;GO:0000015;GO:0004634;GO:0000287
Q1ZXK2	GO:0005522;GO:1905303;GO:0030866;GO:0070687;GO:0001891;GO:0005737;GO:0005856;GO:0051015;GO:0060100;GO:0051639;GO:0030838
P51171	GO:0016324;GO:0034706;GO:0050891;GO:0015280;GO:0035725;GO:0055078;GO:0005887
Q6Q4D0	GO:0051301;GO:0005634;GO:0009934;GO:0005654;GO:0000086;GO:0009933;GO:0006325
O54858	GO:0016055;GO:0006518;GO:0004181;GO:0016485;GO:0008270;GO:0005615
P28857	GO:0042025;GO:0006260;GO:0003887;GO:0003677;GO:0000166;GO:0039693
P07323	GO:0042802;GO:0099738;GO:0045121;GO:0005737;GO:0032889;GO:0097060;GO:1901214;GO:0019899;GO:0006096;GO:0001917;GO:0043025;GO:0009986;GO:0000015;GO:0016020;GO:0043204;GO:0032355;GO:0061621;GO:0014070;GO:0004634;GO:0043005;GO:1901215;GO:0048609;GO:0030426;GO:0044877;GO:0006094;GO:0042493;GO:0000287
G5EDG2	GO:0003678;GO:0003682;GO:0008094;GO:0005634;GO:0003677;GO:0043044;GO:0006281;GO:0005524
Q4A009	GO:0071555;GO:0005886;GO:0000155;GO:0005524;GO:0016021
A9IVY9	GO:0003697;GO:0008094;GO:0009432;GO:0006281;GO:0005737;GO:0006310;GO:0005524;GO:0003684
Q5RCR6	GO:0008083;GO:0005769;GO:0005815;GO:0042995;GO:0030030;GO:0006897;GO:0005096;GO:0015031
A0R9G6	GO:0030170;GO:0005737;GO:0006782;GO:0042286;GO:0008483
B9GDE5	GO:0042626;GO:0005524;GO:0016021
Q04934	GO:0042802;GO:0042144;GO:0000329;GO:0005543
Q6DEU9	GO:0035327;GO:0051571;GO:0000993;GO:0080182;GO:0019827;GO:2001162;GO:0016593;GO:0006368;GO:0000122;GO:0016607;GO:0045638;GO:0006355;GO:0051569;GO:0001711
A2BT60	GO:0006351;GO:0003899;GO:0003677;GO:0008270;GO:0000287
Q74IS8	GO:0005525;GO:0003924;GO:0005737;GO:0003743
P0AD27	GO:0005886;GO:0008484;GO:0016021
Q9SYI0	GO:0006605;GO:0015462;GO:0009570;GO:0016464;GO:0009535;GO:0005524;GO:0017038;GO:0015450
A4VR38	GO:0051539;GO:0016830;GO:0009229;GO:0009228;GO:0008270
Q3UGY8	GO:0032012;GO:0005086;GO:0030658;GO:0030036;GO:0016021;GO:0010923
C6DYJ5	GO:0006435;GO:0000049;GO:0004829;GO:0005737;GO:0005524;GO:0046872
Q9CWU0	GO:0007283;GO:0003676;GO:0034587;GO:0003724;GO:1990923;GO:0043046;GO:0007275;GO:0030154;GO:0005524;GO:0009566;GO:0005829;GO:0031047;GO:0007140
Q5LY79	GO:0003678;GO:0000724;GO:0005524;GO:0003690;GO:0008409
Q5HCL3	GO:0016887;GO:0005886;GO:0005524
Q44758	GO:0003924;GO:0005886;GO:0044781;GO:0005525;GO:0005829;GO:0006614
P46938	GO:0070102;GO:0005634;GO:0060576;GO:0050679;GO:0072091;GO:0048368;GO:0003015;GO:1904036;GO:0005737;GO:0070064;GO:0045893;GO:0071148;GO:0090263;GO:0006974;GO:0046622;GO:0000978;GO:0030216;GO:0030903;GO:0042060;GO:0010629;GO:0060487;GO:0065003;GO:0071300;GO:0016020;GO:0008022;GO:0006975;GO:0005829;GO:0042127;GO:0050847;GO:0060242;GO:2000737;GO:0001570;GO:0010628;GO:0003682;GO:0008134;GO:0000976;GO:0000902;GO:0010837;GO:0050767;GO:0001894;GO:0060045;GO:0071149;GO:1902459;GO:0008284;GO:0003714;GO:0005667;GO:0008283;GO:0032570;GO:0060449;GO:0140297;GO:0045944;GO:0045747;GO:0060828;GO:0048339;GO:0030857;GO:0035329;GO:0061026;GO:0035019;GO:2001237;GO:0003713;GO:0033148;GO:0071480;GO:0072307;GO:0003143;GO:0010468
Q1LYL8	
Q03M88	GO:0005525;GO:0003924;GO:0005737;GO:0003743
P46970	GO:0005634;GO:0008536;GO:0006606;GO:0005737;GO:0005635;GO:0005829;GO:0061608;GO:0034399
Q30TP7	GO:0003677;GO:0006351;GO:0032549;GO:0003899
Q9SRU2	GO:0009733;GO:0009826;GO:0009734;GO:0048364;GO:0009640;GO:0009506;GO:0048281;GO:0009620;GO:0009926;GO:0008270;GO:0016021;GO:0005829;GO:0010311
D5DNA8	GO:0006007;GO:0006096;GO:0030435;GO:0005737;GO:0030145;GO:0046537
C0QJ67	GO:0005525;GO:0005524
Q55346	GO:0006351;GO:0003899;GO:0003677;GO:0008270;GO:0000287
A5N6M2	GO:0006457;GO:0051082;GO:0005524
Q3MHN8	GO:0052906;GO:0005759;GO:0070901;GO:0009019;GO:0030488;GO:0005634;GO:0002939;GO:0008175;GO:0005737
Q4VNC0	GO:0046872;GO:0006874;GO:0016887;GO:0005886;GO:0005524;GO:0016021;GO:0034220;GO:0006812
A1WC05	GO:0008360;GO:0009252;GO:0007049;GO:0051301;GO:0071555;GO:0005737;GO:0008763;GO:0005524
Q9UQ52	GO:0098632;GO:0007417;GO:0007155;GO:0031225;GO:0005112;GO:0007156;GO:0005886;GO:0007411;GO:0070593;GO:0007219;GO:0030424;GO:0045747
Q08FW1	GO:0004652;GO:0006397;GO:0005524
Q7TNU6	GO:0042802;GO:1990837;GO:0000978;GO:0006357;GO:0005634;GO:0000981;GO:0046872
Q9P1Z9	GO:0070062
A9WK04	GO:0006430;GO:0000049;GO:0004824;GO:0005524;GO:0000287;GO:0005829
Q80U62	GO:0006914;GO:0005769;GO:1901981;GO:0010507;GO:0043553;GO:0005764;GO:0005654;GO:1901097;GO:0043231;GO:0005829;GO:0006897;GO:0005770;GO:0045806;GO:0002376
Q5R9P5	GO:0051879;GO:0005819;GO:0005739;GO:0005634;GO:0019901;GO:0004883;GO:0005737;GO:0071560;GO:0006325;GO:0000978;GO:0005815;GO:0016607;GO:0005829;GO:0004879;GO:0001227;GO:0001046;GO:0071385;GO:0071383;GO:0045944;GO:0071549;GO:0003700;GO:1902895;GO:1990239;GO:0001228;GO:0008270;GO:0032991;GO:0005496
B2IR78	GO:0000287;GO:0008966;GO:0005975
Q5F3B1	GO:0006351;GO:0045892;GO:0005634;GO:0005730;GO:0003714;GO:0005654;GO:0005794;GO:0046872;GO:0030154
C5H885	GO:0031177;GO:0016491;GO:0016746;GO:0008270
O68900	GO:0005576;GO:0009405;GO:0009986;GO:0042597;GO:0016021;GO:0004252;GO:0009279
A6LJF0	GO:0006096;GO:0005576;GO:0009986;GO:0000015;GO:0004634;GO:0000287
A2XW69	GO:0046872;GO:0051301;GO:0010389;GO:0033523;GO:0005739;GO:0005634;GO:0051781;GO:0010228;GO:0010390;GO:0042803;GO:0009817;GO:0004842;GO:0009965;GO:0010162
Q3URR7	GO:0003700;GO:0000978;GO:0006357;GO:0045892;GO:0005634;GO:0000981;GO:0043565;GO:0046872;GO:0048863
Q8YRI1	
Q2M1Z3	GO:0005925;GO:0007264;GO:0017124;GO:0030027;GO:0051056;GO:0005829;GO:0005096
Q396Y3	GO:0030170;GO:0008721;GO:0046416;GO:0016836
A7E471	GO:0001732;GO:0006413;GO:0003743;GO:0005852;GO:0031369;GO:0016282;GO:0033290
Q2UF60	GO:0005789;GO:0006888;GO:0015031;GO:0012507
Q7A342	GO:0016887;GO:0005886;GO:0005524
Q92CI7	GO:0000049;GO:0005737;GO:0005524;GO:0004826;GO:0000287;GO:0006432
Q61333	GO:0001525;GO:0000145;GO:0006887;GO:0051601;GO:0030154;GO:0000149
P36431	GO:0006433;GO:0002161;GO:0005524;GO:0004827;GO:0005829
Q49416	GO:0003677;GO:0009360;GO:0006261;GO:0003887
Q9J562	GO:0003677;GO:0019012;GO:0045893
Q14204	GO:0005813;GO:0031122;GO:0051301;GO:0007097;GO:0072382;GO:0005868;GO:0097711;GO:0003723;GO:0006888;GO:0051959;GO:0005576;GO:0035578;GO:1904115;GO:0030286;GO:0008090;GO:0030175;GO:0034063;GO:0007052;GO:0016020;GO:0005524;GO:0005881;GO:0043312;GO:0005829;GO:0045505;GO:0070062;GO:0032388;GO:0120162;GO:0051293;GO:0000086;GO:0007018;GO:0090235;GO:0033962;GO:0010389;GO:0005874;GO:0000278;GO:0005938;GO:0019886;GO:1905832;GO:0060236;GO:0008569
P17005	GO:0020002;GO:0019064;GO:0001681;GO:0055036;GO:0019031;GO:0046789;GO:0016021;GO:0039654;GO:0019062
Q5M2T6	GO:0003678;GO:0000724;GO:0005524;GO:0003690;GO:0008409
B1VA97	GO:0003676;GO:0006430;GO:0005737;GO:0004824;GO:0005524;GO:0000287
A2C025	GO:0005737;GO:0006096;GO:0004618;GO:0005524
Q74M31	GO:0003697;GO:0006260;GO:0009432;GO:0005737;GO:0006281;GO:0005524
Q3UIL6	GO:0030054;GO:0005813;GO:0090136;GO:0005915;GO:0046930;GO:0046931;GO:0005654;GO:0070097;GO:0005911;GO:0005829;GO:0045218;GO:0044331
P26011	GO:0050900;GO:0033627;GO:0034113;GO:0007160;GO:0050839;GO:0007229;GO:0050901;GO:0072678;GO:0038023;GO:0034669;GO:0005925;GO:0003366;GO:0005178;GO:0043113;GO:0009986;GO:0016477;GO:0034446;GO:0043235
P09505	GO:0003723;GO:0039694;GO:0000166;GO:0003968
P24348	GO:0002119;GO:0032436;GO:0040026;GO:0072327;GO:0008284;GO:0030539;GO:0016328;GO:0007275;GO:0006355;GO:0005911;GO:0007169;GO:0016323;GO:0004714;GO:0016324;GO:0009925;GO:0030728;GO:0033674;GO:0030431;GO:0005524;GO:0005006;GO:0008340;GO:0043235;GO:0007173;GO:0005887
Q5B9L6	GO:0017108;GO:0005739;GO:0005634;GO:0006260;GO:0005730;GO:0006286;GO:0043137;GO:0008409;GO:0003677;GO:0005654;GO:0005737;GO:0006303;GO:0048256;GO:1904162;GO:0000287;GO:0001302;GO:0035753;GO:0000734;GO:0005829
B2VDC8	GO:0031241;GO:0008360;GO:0009252;GO:0030234
Q9WXU1	GO:0015648;GO:0008360;GO:0009252;GO:0015836;GO:0071555;GO:0005887;GO:0034204
Q7LHG5	GO:0004190;GO:0015074;GO:0032197;GO:0008233;GO:0005634;GO:0003964;GO:0003887;GO:0003677;GO:0004523;GO:0005737;GO:0006310;GO:0004540;GO:0000943;GO:0005524;GO:0003723;GO:0008270
Q2ABP6	GO:0016491;GO:0016746;GO:0031177
Q8NEM1	GO:0000978;GO:0046872;GO:0006355;GO:0005634;GO:0000981
P07322	GO:0006096;GO:0006094;GO:0000015;GO:0032889;GO:0004634;GO:0000287;GO:0005829
Q3Z7U3	GO:0005525;GO:0003924;GO:0005737;GO:0003743
D7RF80	GO:0039694;GO:0003725;GO:0039502;GO:0042025;GO:0039564;GO:0004483;GO:0005198;GO:0005576;GO:0044220;GO:0004482;GO:0005524;GO:0016021;GO:0019028;GO:0003724;GO:0003968;GO:0039654;GO:0055036;GO:0046983;GO:0039563;GO:0044167;GO:0046872;GO:0039520;GO:0019062;GO:0004252
A1VPR5	GO:0046961;GO:0045261;GO:0005886;GO:0005524;GO:0046933
B0S8S8	GO:0006096;GO:0005576;GO:0009986;GO:0000015;GO:0004634;GO:0000287
P10745	GO:0090658;GO:0005576;GO:0016918;GO:0006629;GO:0007601;GO:0008236;GO:0001523;GO:0005501;GO:0019841;GO:0005615;GO:1903561
Q5HYK9	GO:0003700;GO:0000978;GO:0006357;GO:0000790;GO:0046872
Q7NIA0	GO:0003677;GO:0006351;GO:0032549;GO:0003899
Q39256	GO:0006511;GO:0016567;GO:0005634;GO:0005737;GO:0019941;GO:0031386;GO:0005829;GO:0031625;GO:0005773;GO:0005618
Q8K985	GO:0008559;GO:0016887;GO:0005886;GO:0005524;GO:0016021
P15622	GO:0042802;GO:1990837;GO:0000978;GO:0006357;GO:0005634;GO:0000981;GO:0046872
Q2LR33	GO:0006096;GO:0005576;GO:0009986;GO:0000015;GO:0004634;GO:0000287
Q0WUI9	GO:0016311;GO:0005829;GO:0005737;GO:0016757
Q9EPW0	GO:0034597;GO:0016316;GO:0006798;GO:0005634;GO:0031901;GO:0005737;GO:0005886;GO:0055038;GO:0014069
P85977	GO:0003677;GO:0046872;GO:0005634;GO:0006355
Q2GE60	GO:0034605;GO:0004176;GO:0043565;GO:0005737;GO:0005524;GO:0006515;GO:0004252
A9VSS7	GO:0030170;GO:0005737;GO:0006782;GO:0042286;GO:0008483
C5DJV1	GO:0032008;GO:0005773;GO:0046872
P05990	GO:0006807;GO:0046872;GO:0004151;GO:0005737;GO:0070406;GO:0006228;GO:0004070;GO:0005524;GO:0044205;GO:0006541;GO:0005829;GO:0019240;GO:0006207;GO:0004088
Q5L1V5	GO:0006526;GO:0046983;GO:0005737;GO:0003942;GO:0051287
A4XSY1	GO:0032259;GO:0009086;GO:0003871;GO:0008270
Q1GI52	GO:0006096;GO:0005576;GO:0009986;GO:0000015;GO:0004634;GO:0000287
A3DSK6	GO:0003723;GO:0019013;GO:0039616;GO:0039625
A3CNT9	GO:0003678;GO:0008408;GO:0000724;GO:0005524;GO:0003690
F4J9M5	GO:0003678;GO:0008094;GO:0009651;GO:0010231;GO:0040008;GO:0009414;GO:0005634;GO:0009408;GO:0042393;GO:0003677;GO:0043044;GO:0005524;GO:0010492;GO:0045944;GO:0010078
O00187	GO:0005509;GO:0005576;GO:0008233;GO:0048306;GO:0070062;GO:0001855;GO:0001867;GO:0005615;GO:0006958;GO:0006956;GO:0004252
P07720	GO:0039694;GO:0003725;GO:0039502;GO:0042025;GO:0019031;GO:0039564;GO:0004483;GO:0075512;GO:0005198;GO:0005576;GO:0044220;GO:0004482;GO:0005524;GO:0016021;GO:0019028;GO:0003724;GO:0003968;GO:0039654;GO:0055036;GO:0046983;GO:0039563;GO:0044167;GO:0046872;GO:0039520;GO:0019062;GO:0004252
B8CN91	GO:0006260;GO:0003677;GO:0006281;GO:0046872;GO:0003911
A4YTC3	GO:0000287;GO:0016779;GO:0005524
Q5LMS3	GO:0000049;GO:0005737;GO:0005524;GO:0004826;GO:0000287;GO:0006432
Q0CR35	GO:0005576;GO:0004338;GO:0000272;GO:0071555;GO:0046872
Q5RDJ3	GO:0005576;GO:0030246;GO:0006013;GO:0004559;GO:0046872
Q73DX4	GO:0030170;GO:0005737;GO:0006782;GO:0042286;GO:0008483
Q31QJ8	GO:0006096;GO:0005576;GO:0009986;GO:0000015;GO:0004634;GO:0000287
Q16X92	GO:0051539;GO:0003678;GO:0006260;GO:0005634;GO:0003677;GO:0006281;GO:0006310;GO:0010569;GO:0005524;GO:0046872;GO:0000723
Q6AMQ3	GO:0006457;GO:0051082;GO:0005524
Q1GV79	GO:0004828;GO:0016260;GO:0097056;GO:0006434;GO:0005737;GO:0005524
Q8DL40	GO:0006096;GO:0005576;GO:0009986;GO:0000015;GO:0004634;GO:0000287
Q38XB7	GO:0005737;GO:0006427;GO:0004821;GO:0005524
P46454	GO:0010181;GO:0005886;GO:0004459;GO:0019516
B7J0Z2	GO:0005737;GO:0006096;GO:0004618;GO:0005524
Q9X0Y2	GO:0009058;GO:0005737;GO:0004069;GO:0030170
A1A4I9	GO:0030218;GO:1902065;GO:0005634;GO:0016570;GO:0019901;GO:0005737;GO:0032088;GO:1990592;GO:0005783;GO:0006974;GO:0006281;GO:0032880;GO:0010508;GO:0005829;GO:1903895;GO:0050727;GO:0005789;GO:0071569;GO:0032434;GO:0043005;GO:0060218;GO:0033146;GO:0071568;GO:0061709;GO:0035861;GO:0043122;GO:0061666;GO:0032991;GO:0031397;GO:0034976;GO:0060252
P42895	GO:0006096;GO:0000015;GO:0032889;GO:0004634;GO:0000287
P30945	GO:0030133;GO:0005576;GO:0030141
Q9C0B9	GO:0003676;GO:0035091;GO:0005737;GO:0008270
B3R499	GO:0006096;GO:0005576;GO:0009986;GO:0000015;GO:0004634;GO:0000287
C6DYJ1	GO:0000049;GO:0005737;GO:0005524;GO:0004826;GO:0000287;GO:0006432
A1R485	GO:0006096;GO:0005576;GO:0009986;GO:0000015;GO:0004634;GO:0000287
A2T6V8	GO:0003677;GO:0005634;GO:0046872
B9KYR9	GO:0006402;GO:0006396;GO:0005737;GO:0004654;GO:0003723;GO:0000287
E7NMM0	GO:0005759;GO:0005743;GO:0004326;GO:0006730;GO:0005524;GO:0046872
O15083	GO:0042734;GO:0030426;GO:0048786;GO:0005737;GO:0005856;GO:0098882
B4E6U7	GO:0006782;GO:0050661;GO:0008883
P17019	GO:0000978;GO:0006355;GO:0005634;GO:0000981;GO:0046872
P05107	GO:0034142;GO:0019901;GO:0101003;GO:0030369;GO:0050839;GO:0007229;GO:0044853;GO:0031623;GO:0001774;GO:1903561;GO:0008360;GO:0005925;GO:0006911;GO:0030593;GO:0097242;GO:0070821;GO:0043113;GO:0098609;GO:0001851;GO:0045963;GO:0009986;GO:0007267;GO:0005886;GO:0016020;GO:0034687;GO:0045766;GO:0043312;GO:1990266;GO:0034689;GO:0050900;GO:0031072;GO:0070062;GO:0033627;GO:0034113;GO:0045123;GO:0007160;GO:0006954;GO:0001540;GO:0008305;GO:0032930;GO:0045429;GO:1901216;GO:0007568;GO:0002523;GO:0043542;GO:0009897;GO:0006898;GO:0019221;GO:0030101;GO:0030198;GO:0035579;GO:0035987;GO:0098742;GO:0006915;GO:0005178;GO:0090314;GO:0007155;GO:1904996;GO:0016477;GO:0043315;GO:0007159;GO:0051092;GO:2000363;GO:0046872;GO:0043235;GO:0050730;GO:0034688;GO:0071404;GO:0050776
B7J1R2	GO:0006096;GO:0005576;GO:0009986;GO:0000015;GO:0004634;GO:0000287
A2BQ65	GO:0102752;GO:0003844;GO:0043169;GO:0005978;GO:0004553
Q5VST9	GO:0010314;GO:0005516;GO:0032266;GO:0050839;GO:0030018;GO:0005911;GO:0004674;GO:0008307;GO:0043065;GO:0098609;GO:0005886;GO:0031430;GO:0043325;GO:0005524;GO:0051056;GO:0005829;GO:0005887;GO:0031432;GO:0007186;GO:0045214;GO:0005085;GO:0030016;GO:0005546;GO:0005547;GO:0007275;GO:0042383;GO:0070273;GO:0030506;GO:0016604;GO:0036309;GO:0046872
Q8PPY3	GO:0008152;GO:0047388;GO:0008882;GO:0000820;GO:0005524;GO:0000287
A6L3E7	GO:0051539;GO:0004160;GO:0009099;GO:0009097;GO:0046872
O51312	GO:0031240;GO:0005576;GO:0006096;GO:0042783;GO:0006094;GO:0009986;GO:0000015;GO:0016020;GO:0044409;GO:0004634;GO:0000287;GO:0005829
Q8BHB4	GO:0030515;GO:0032040;GO:0005730;GO:0005654;GO:0031965;GO:0034388;GO:0030490
Q6J1Y9	GO:0008234;GO:0051879;GO:0090068;GO:0046872;GO:0004843;GO:1904292;GO:0005789;GO:0030433;GO:1901799;GO:0048642;GO:0016579;GO:0071108;GO:0050821;GO:1990380;GO:0031647;GO:0016021;GO:1900037;GO:0005829;GO:0031625;GO:0034976
P38650	GO:0005813;GO:0031122;GO:0007286;GO:0051301;GO:1990090;GO:0007097;GO:0072382;GO:0005737;GO:0005868;GO:0002177;GO:0051959;GO:0030424;GO:1904115;GO:0030286;GO:0008090;GO:0030175;GO:0034063;GO:0043025;GO:0005524;GO:0005881;GO:0045505;GO:0032388;GO:0120162;GO:1905243;GO:0051293;GO:0005635;GO:0007018;GO:0090235;GO:0033962;GO:0005874;GO:0000278;GO:0005938;GO:1905832;GO:0060236;GO:0008569
O74740	GO:0006378;GO:0005634;GO:0005847;GO:0006379;GO:0098789;GO:0003723
A7Z8Y1	GO:0006096;GO:0005576;GO:0009986;GO:0000015;GO:0004634;GO:0000287
B2GFJ0	GO:0008924;GO:0006099;GO:0052589
Q1DP56	GO:0008926;GO:0019594
Q9UM54	GO:0042802;GO:0031941;GO:0042491;GO:0042995;GO:0005634;GO:0005516;GO:0000146;GO:0005654;GO:0001726;GO:0005737;GO:0060001;GO:0005794;GO:0015629;GO:0031410;GO:0045177;GO:0003774;GO:0005765;GO:0030139;GO:0003779;GO:0016591;GO:0030048;GO:0030050;GO:0030175;GO:0005886;GO:0016020;GO:0030330;GO:0005524;GO:0005829;GO:0007015;GO:0030665;GO:0070062;GO:0032587;GO:0005905;GO:0030898;GO:0042472;GO:0007605;GO:0031965;GO:0005902;GO:0048471;GO:0045944;GO:0051046;GO:0031982;GO:0005938;GO:0006886;GO:0005884;GO:0016461;GO:0042493;GO:0051015;GO:0006897;GO:0043531
Q9C6G2	GO:0005739;GO:0009451;GO:0008270;GO:0003723;GO:0043231
P04958	GO:0005576;GO:0008320;GO:0004222;GO:0030666;GO:0090729;GO:0046929;GO:0009405;GO:0005886;GO:0008270;GO:0005829;GO:0030669
Q863C4	GO:0038023;GO:0001618;GO:0005813;GO:0005925;GO:0033627;GO:0005178;GO:0007160;GO:0006954;GO:0005654;GO:0038044;GO:1901388;GO:0007229;GO:0034685;GO:0009897
Q8IZ26	GO:0000978;GO:0006357;GO:0005634;GO:0000981;GO:0005654;GO:0046872;GO:0005829
Q5M1B9	GO:0005525;GO:0003924;GO:0005737;GO:0003743
C1C8F1	GO:0000287;GO:0008966;GO:0005975
A6GZ69	GO:0006096;GO:0005576;GO:0009986;GO:0000015;GO:0004634;GO:0000287
Q5GTE5	GO:0006457;GO:0005737;GO:0051082;GO:0005524
B2S1X8	GO:0042026;GO:0005737;GO:0051082;GO:0005524
Q17551	GO:1902230;GO:0040011;GO:0005634;GO:0050807;GO:0033563;GO:0043409;GO:0030424;GO:0045202;GO:0048841;GO:0008582;GO:0031435;GO:1905490;GO:0061630;GO:1905489;GO:1905815;GO:0019903;GO:0030517;GO:0031647;GO:0031594;GO:0018991;GO:0048681;GO:1905812;GO:0010171;GO:1905606;GO:0036062;GO:1905608;GO:0048843;GO:0048692;GO:1905869;GO:0008270;GO:1905868;GO:0051965
A2AGT5	GO:0005813;GO:0090063;GO:0030951;GO:0051301;GO:0008017;GO:0000922;GO:0043021;GO:0005730;GO:0005737;GO:0032289;GO:0046785;GO:0050658;GO:0007051;GO:0007098;GO:0000777;GO:0051298;GO:0061863;GO:0007052;GO:0010609;GO:0005886;GO:0032991;GO:0000776;GO:0007626
Q9Z985	GO:0009380;GO:0004518;GO:0016887;GO:0009432;GO:0003677;GO:0006289;GO:0005737;GO:0005524;GO:0046872
P35789	GO:0003700;GO:0000978;GO:0006357;GO:0045892;GO:0005634;GO:0000981;GO:0070895;GO:0008270
O19183	GO:0001516;GO:0005637;GO:0004601;GO:0005640;GO:0005789;GO:0008217;GO:0006954;GO:0150077;GO:0004666;GO:0005737;GO:0046872;GO:0006979;GO:0051213;GO:0019371;GO:0020037
Q9Z2D3	GO:0043410;GO:0008219;GO:0098586;GO:0070265;GO:0005546;GO:0008285;GO:0071356;GO:0060113;GO:1901612;GO:0007605;GO:0005737;GO:0005886;GO:0016020;GO:0070269;GO:0005829;GO:2001244
Q8NDA2	GO:0030054;GO:0005509;GO:0005604;GO:0032154;GO:0031012;GO:0005938;GO:0005615;GO:0062023;GO:0050896
Q1LS28	GO:0051539;GO:0016830;GO:0009229;GO:0009228;GO:0008270
C3PP10	GO:0065002;GO:0006605;GO:0005737;GO:0005886;GO:0017038;GO:0005524;GO:0046872
Q4FLL2	GO:0003677;GO:0006351;GO:0032549;GO:0003899
B4M709	GO:0004622;GO:0007399;GO:0005789;GO:0102545;GO:0051402;GO:0016042;GO:0034349;GO:0016021;GO:0046470;GO:0006643;GO:0061024
A0ALD9	GO:0006096;GO:0005576;GO:0009986;GO:0000015;GO:0004634;GO:0000287
Q96IT1	GO:0000978;GO:0006357;GO:0005634;GO:0000981;GO:0003677;GO:0046872;GO:0045893
P43752	GO:0008998;GO:0046872;GO:0005524;GO:0006260
B6YQN5	GO:0006096;GO:0005576;GO:0009986;GO:0000015;GO:0004634;GO:0000287
Q5B1X5	GO:0030515;GO:0000462;GO:0032040;GO:0030686;GO:0045943;GO:0034455;GO:0016021
Q7M7L6	GO:0008840;GO:0005737;GO:0009089;GO:0019877
B0G163	GO:0000145;GO:0015031;GO:0006887;GO:0006893
Q8DL56	GO:0006351;GO:0003899;GO:0003677;GO:0008270;GO:0000287
B1IAA1	GO:0000049;GO:0005737;GO:0005524;GO:0004826;GO:0000287;GO:0006432
A5VBZ8	GO:0003677;GO:0006351;GO:0032549;GO:0003899
D3ZHR2	GO:0042802;GO:0055089;GO:0043217;GO:1900016;GO:0031998;GO:0042760;GO:0051900;GO:0000038;GO:0005779;GO:0036113;GO:0005737;GO:2001280;GO:0042803;GO:0019899;GO:0015910;GO:0005765;GO:0002082;GO:0055092;GO:0015607;GO:1900407;GO:0005524;GO:0005778;GO:0042758;GO:0005789;GO:0016887;GO:0005324;GO:1903427;GO:0007031;GO:0042626;GO:0048471;GO:1990535;GO:0005777;GO:0006635;GO:0030497;GO:0031966;GO:0032000;GO:0043531
Q1D2S1	GO:0042026;GO:0005737;GO:0051082;GO:0005524
Q01631	GO:0006171;GO:0035556;GO:0007188;GO:0005737;GO:0005886;GO:0005524;GO:0000287;GO:0007186;GO:0016791;GO:0004016
A7X0T9	GO:0009253;GO:0005576;GO:0033925;GO:0008745;GO:0071555;GO:0004040
Q6ZPK7	GO:0042059;GO:0046872;GO:0032266;GO:0031901;GO:0007175;GO:0005829
Q8K3M6	GO:0030165;GO:0098978;GO:0016082;GO:0005856;GO:0005798;GO:0005783;GO:0045202;GO:0043195;GO:0048786;GO:0043025;GO:0016020;GO:0098982;GO:0042734;GO:0050808;GO:0014069;GO:0098882;GO:0030426;GO:0044877;GO:0007416;GO:0032991;GO:0098831
A4FPM8	GO:0003924;GO:0003746;GO:0005737;GO:0005525
Q6QGT3	GO:0099015;GO:0039657
Q9LS25	GO:0009507
A9FA52	GO:0006096;GO:0005576;GO:0009986;GO:0000015;GO:0004634;GO:0000287
P0CO49	GO:0019805;GO:0006569;GO:0034354;GO:0004502;GO:0071949;GO:0043420;GO:0005741
Q18CD2	GO:0006433;GO:0002161;GO:0005737;GO:0005524;GO:0004827
Q28689	GO:0016324;GO:0008559;GO:0016887;GO:0042626;GO:0008514;GO:0005524;GO:0005887;GO:0015721
Q0KCE2	GO:0006096;GO:0005576;GO:0009986;GO:0000015;GO:0004634;GO:0000287
Q6PUA2	GO:0016573;GO:0016251;GO:0009416;GO:0005669;GO:0051123;GO:0017025
Q5M5V5	GO:0005525;GO:0003924;GO:0005737;GO:0003743
Q82T75	GO:0003677;GO:0006351;GO:0032549;GO:0003899
Q8BX17	GO:0030619;GO:0034718;GO:0000340;GO:0017069;GO:0000387;GO:0032797;GO:0043022;GO:0005654;GO:0016604;GO:0005737;GO:0006417;GO:0030621;GO:0030622;GO:0006412;GO:0003730;GO:0005829;GO:0097504;GO:0034719
Q10QL5	GO:0004721;GO:0046872
Q966L9	GO:0043186;GO:0043621;GO:0005634;GO:0007276;GO:0008432;GO:0016070;GO:0007281;GO:0003724;GO:0030154;GO:0005524;GO:0008270;GO:0003723;GO:0009791
Q7T6D2	GO:0039694;GO:0003725;GO:0039502;GO:0042025;GO:0039564;GO:0004483;GO:0005198;GO:0005576;GO:0044220;GO:0004482;GO:0005524;GO:0016021;GO:0019028;GO:0003724;GO:0003968;GO:0039654;GO:0055036;GO:0046983;GO:0039563;GO:0044167;GO:0046872;GO:0039520;GO:0019062;GO:0004252
B2J1G1	GO:0051539;GO:0046429;GO:0019288;GO:0005506;GO:0016114
P29719	GO:0030248;GO:0030245;GO:0008810
Q3U269	
A7E2Z9	GO:0051961;GO:0045684;GO:0030513;GO:0005886;GO:0016021;GO:0070700
Q8AYC9	GO:0005813;GO:0045839;GO:0005634;GO:0005654;GO:0005737;GO:0046602;GO:0000794;GO:0004674;GO:0006468;GO:0006974;GO:2000615;GO:0072425;GO:0035402;GO:0000724;GO:0010569;GO:0006975;GO:0005524;GO:0007049;GO:0048096;GO:0010767;GO:0035556;GO:0000785;GO:0018107;GO:0000077
Q5QVT4	GO:0042026;GO:0005737;GO:0051082;GO:0005524
P57078	GO:0002009;GO:0005737;GO:0016020;GO:0051092;GO:0005524;GO:0004674
Q8LQX2	GO:0042626;GO:0005524;GO:0016021
Q00963	GO:0005516;GO:0050807;GO:0016328;GO:0030424;GO:0051693;GO:0003779;GO:0072499;GO:0042062;GO:0007026;GO:0005886;GO:0016199;GO:0031594;GO:0045169;GO:0048790;GO:0007409;GO:0008017;GO:0005546;GO:0007274;GO:0005200;GO:0007411;GO:0008091;GO:1903729;GO:0030506;GO:0007399;GO:0045170
Q9C1M7	GO:0031122;GO:0030286;GO:0000278;GO:0051959;GO:0007097;GO:0072382;GO:0000070;GO:0005938;GO:0000132;GO:0005868;GO:0000741;GO:0030473;GO:0005816;GO:0005524;GO:0005881;GO:0007018;GO:0051293;GO:0008569;GO:0000235;GO:0045505
Q9NBK5	GO:0048814;GO:0018105;GO:0022416;GO:0005634;GO:0007165;GO:0035317;GO:0005737;GO:0004674;GO:0006468;GO:0030424;GO:0050773;GO:0048800;GO:0044297;GO:0030425;GO:0005524;GO:0070593;GO:0150013;GO:0048813;GO:0071944;GO:0035556;GO:0051012;GO:0070451;GO:0007476;GO:0005938;GO:0046872
Q6CT34	GO:0016572;GO:2000105;GO:0006260;GO:0005634;GO:0000722;GO:0006281;GO:0046777;GO:1901857;GO:0006975;GO:0005524;GO:0007131;GO:0004674
Q6FLD5	GO:0006366;GO:0003899;GO:0032549;GO:0003677;GO:0005665;GO:0046872;GO:0003723;GO:0031048;GO:0031618
Q7MLG3	GO:0051287;GO:0046872;GO:0004471;GO:0008948
Q6YQT9	GO:0006096;GO:0005576;GO:0009986;GO:0000015;GO:0004634;GO:0000287
Q2U2J6	GO:0071004;GO:1903241;GO:0003676;GO:1990447;GO:0003724;GO:0005524;GO:1990446
A4IG42	GO:0010359;GO:0044325;GO:0005886;GO:0090314
Q6XLJ0	GO:0006325;GO:0003700;GO:0005819;GO:0005815;GO:0005739;GO:0005634;GO:0071385;GO:1990239;GO:0004883;GO:0043565;GO:0005737;GO:0016607;GO:0008270;GO:0071383;GO:0045944;GO:0004879;GO:0005496
Q0ADN4	GO:0006435;GO:0000049;GO:0004829;GO:0005737;GO:0005524;GO:0046872
Q4QR29	GO:0080182;GO:0051571;GO:0016593;GO:0006368;GO:0000122;GO:0016607;GO:0035327
A3KN32	GO:0000978;GO:0006357;GO:0046872;GO:0005634;GO:0000981
C0Z6L3	GO:0006096;GO:0005576;GO:0009986;GO:0000015;GO:0004634;GO:0000287
A0JMK8	GO:0005737;GO:0055107;GO:0017137;GO:0047496
P0DP72	GO:0005911;GO:0098609;GO:0050839;GO:0005887
Q9Y6R6	GO:0000978;GO:0006357;GO:0005634;GO:0001228;GO:0046872
A6ZRK3	GO:0051536;GO:0051539;GO:0016226;GO:0046872
A0A2Z5TWF0	GO:0016491
Q9FGR0	GO:0003723;GO:0005829;GO:0006378;GO:0005634
O87698	GO:0006541;GO:0009236;GO:0042242;GO:0005524
B4IL64	GO:0072657;GO:0004622;GO:0007272;GO:0005789;GO:0102545;GO:0051402;GO:0007608;GO:0045494;GO:0016042;GO:0005886;GO:0034349;GO:0034236;GO:0016021;GO:0046470;GO:0006643;GO:0061024;GO:2000480
Q1LPI5	GO:0006096;GO:0005576;GO:0009986;GO:0000015;GO:0004634;GO:0000287
Q88U40	GO:0003678;GO:0000724;GO:0005524;GO:0003690;GO:0008409
Q9HBF4	GO:0044233;GO:0005739;GO:0000407;GO:0005789;GO:0032266;GO:0005547;GO:0005794;GO:0005776;GO:0005783;GO:0005795;GO:0097629;GO:0048471;GO:0016236;GO:1990462;GO:0009267;GO:0043325;GO:0008270;GO:0140042;GO:0010923;GO:0005545;GO:0005811
Q1XDD8	GO:0042026;GO:0051082;GO:0009507;GO:0005524
A0K438	GO:0006782;GO:0050661;GO:0008883
O88673	GO:0004143;GO:0005509;GO:0008289;GO:0046834;GO:0007205;GO:0046486;GO:0035556;GO:0005886;GO:0006654;GO:0016301;GO:0005524;GO:0003951;GO:0046339;GO:0005829;GO:0005543
Q0D1K3	GO:0071004;GO:1903241;GO:0003676;GO:1990447;GO:0003724;GO:0005524;GO:1990446
Q8R786	GO:0006420;GO:0005737;GO:0004814;GO:0005524
Q9LV11	GO:0120029;GO:0046872;GO:0016887;GO:1902600;GO:0003729;GO:0005886;GO:0008553;GO:0005524;GO:0016021;GO:0051453
Q4URD3	GO:0006351;GO:0003899;GO:0003677;GO:0008270;GO:0000287
S0DLP2	GO:0031177;GO:0016874;GO:0016853
Q9RTR7	GO:0008878;GO:0005524;GO:0005978
Q2G662	GO:0006096;GO:0005576;GO:0009986;GO:0000015;GO:0004634;GO:0000287
B7KRB4	GO:0006096;GO:0005576;GO:0009986;GO:0000015;GO:0004634;GO:0000287
P10676	GO:0005634;GO:0007603;GO:0005516;GO:0007604;GO:0016059;GO:0045494;GO:0007601;GO:0005737;GO:0004674;GO:0003774;GO:0033227;GO:0016028;GO:0003779;GO:0007602;GO:0018108;GO:0016062;GO:0035091;GO:0016027;GO:0005524;GO:0007010;GO:0042385;GO:0008104;GO:0030898;GO:0009416;GO:1990146;GO:0006886;GO:0016461;GO:0033583
B8DDA1	GO:0006096;GO:0005576;GO:0009986;GO:0000015;GO:0004634;GO:0000287
Q89UG0	GO:0009039;GO:0005737;GO:0016151;GO:0043419
Q10287	GO:0000747;GO:0000935;GO:0009272;GO:0043332;GO:0046527;GO:1902716;GO:0000148;GO:0071970;GO:0005886;GO:0016021;GO:0032153;GO:0035840;GO:0003843;GO:0032154;GO:0051286;GO:0051285;GO:0051278;GO:0009277;GO:0030476;GO:0034413;GO:0031671
Q8Y0B5	GO:0006096;GO:0005576;GO:0009986;GO:0000015;GO:0004634;GO:0000287
A1B3C5	GO:0005737;GO:0006427;GO:0004821;GO:0005524
B3CNB5	GO:0006457;GO:0051082;GO:0005524
Q2FQM1	GO:0050567;GO:0005524;GO:0006412
Q6AZZ1	GO:0042802;GO:0005634;GO:0019901;GO:0005654;GO:0005737;GO:0005794;GO:0042803;GO:0043123;GO:0035035;GO:0004842;GO:0051865;GO:0016567;GO:0061630;GO:0032880;GO:0010508;GO:0005829;GO:0005730;GO:0060765;GO:0050681;GO:0048471;GO:0060333;GO:0046596;GO:0051092;GO:0000209;GO:0008270;GO:0045087;GO:0010468
Q64680	GO:0062188;GO:0042417;GO:0005739;GO:0070989;GO:0009820;GO:0016098;GO:0005737;GO:0042416;GO:0062189;GO:0051100;GO:0008144;GO:0008210;GO:0019369;GO:0008391;GO:0042738;GO:0016712;GO:0017144;GO:0043231;GO:0042572;GO:0046483;GO:0062187;GO:0006082;GO:0004497;GO:0006805;GO:0090350;GO:0007565;GO:0005789;GO:0008395;GO:0008207;GO:0020037;GO:0070330;GO:0006587;GO:0010033;GO:0042737;GO:0033076;GO:0055114;GO:0016491;GO:0008202;GO:0005506;GO:0009822;GO:0009804
A6Q6I2	GO:0003677;GO:0006351;GO:0032549;GO:0003899
Q182K8	GO:0004823;GO:0006429;GO:0002161;GO:0005737;GO:0005524
A2ZAC2	GO:0046872;GO:0033523;GO:0005634;GO:0010228;GO:0010390;GO:0042803;GO:0045087;GO:0004842;GO:0009965;GO:0010162
A9MH08	GO:0006400;GO:0016705
Q9XBC1	GO:0003697;GO:0008094;GO:0009432;GO:0006281;GO:0005737;GO:0006310;GO:0005524;GO:0003684
B8GAX5	GO:0006096;GO:0005576;GO:0009986;GO:0000015;GO:0004634;GO:0000287
Q3B6G4	GO:0003924;GO:0003746;GO:0005737;GO:0005525
A1YFW2	GO:0003677;GO:0005634;GO:0046872
B5E6K3	GO:0000287;GO:0008966;GO:0005975
A6Q2B4	GO:0042026;GO:0005737;GO:0051082;GO:0005524
Q8TB69	GO:0000978;GO:0046872;GO:0006355;GO:0005634;GO:0000981
Q835U8	GO:0005525;GO:0003924;GO:0005737;GO:0003743
A6LPC4	GO:0003678;GO:0008408;GO:0000724;GO:0005524;GO:0003690
Q4KLI1	GO:0000978;GO:0006357;GO:0005634;GO:0000981;GO:0046872
A1A1B4	GO:0008878;GO:0005524;GO:0005978
Q9P0K7	GO:0030054;GO:0003779;GO:0007283;GO:0005654;GO:0005938;GO:0005856;GO:0030154;GO:0001650;GO:0005829
A0M5A0	GO:0003924;GO:0003746;GO:0005737;GO:0005525
Q12244	GO:0005634;GO:0000981;GO:0043565;GO:0008270;GO:0045944
Q7VIA7	GO:0030956;GO:0016787;GO:0050567;GO:0005524;GO:0006412
Q63415	GO:0032940;GO:0007368;GO:0008201;GO:0004175;GO:0016485;GO:0016486;GO:0048406;GO:0062023;GO:0009986;GO:0016020;GO:0005615;GO:0007354;GO:0032902;GO:0004252;GO:0009100
A0A393	GO:0015031;GO:0009706;GO:0016021
S0DTP6	GO:0006633;GO:0004315;GO:0031177
Q15QR6	GO:0006096;GO:0005576;GO:0009986;GO:0000015;GO:0004634;GO:0000287
Q8YHC6	GO:0034605;GO:0004176;GO:0043565;GO:0005737;GO:0005524;GO:0006515;GO:0004252
Q492C0	GO:0006351;GO:0003899;GO:0003677;GO:0008270;GO:0000287
Q09766	GO:0000139;GO:0005737;GO:0005886;GO:0005794;GO:0098655;GO:0016021;GO:0005227
P34431	GO:0016787
A1SF66	GO:0006096;GO:0005576;GO:0009986;GO:0000015;GO:0004634;GO:0000287
Q32M78	GO:0000978;GO:0006357;GO:0005634;GO:0000981;GO:0046872
C0MAM2	GO:0006541;GO:0003922;GO:0005524;GO:0016462
Q9M1I1	GO:0004386;GO:0008270;GO:0009506;GO:0005524
P03306	GO:0039694;GO:0004197;GO:0075512;GO:0005198;GO:0003723;GO:0039525;GO:0018144;GO:0044162;GO:0039690;GO:0016020;GO:0039707;GO:0005524;GO:0019082;GO:0005216;GO:0003724;GO:0039618;GO:0006417;GO:0003968;GO:0044385;GO:0006351;GO:0051259;GO:0039611;GO:0039520;GO:0019062
P10911	GO:0016358;GO:0043065;GO:1990830;GO:0035556;GO:0005856;GO:0016020;GO:0051056;GO:0050771;GO:0005089;GO:0007186;GO:0005829
Q7YZH1	GO:0005634;GO:0042059;GO:0042051;GO:0046872
O14709	GO:0000978;GO:0006357;GO:0005634;GO:0001228;GO:0046872
Q8NKC2	GO:0006096;GO:0061621;GO:0000015;GO:0032889;GO:0004634;GO:0000287
Q2KN98	GO:0005819;GO:0031941;GO:0051301;GO:0005921;GO:0005737;GO:0008013;GO:0005911;GO:0015629;GO:0034332;GO:0005815;GO:0061713;GO:0007026;GO:0030835;GO:0030036;GO:0005829;GO:0015630;GO:0036032;GO:0007049;GO:0060325;GO:0007155;GO:0016477;GO:0051897
A9GB11	GO:0042026;GO:0005737;GO:0051082;GO:0005524
Q1J0P6	GO:0003677;GO:0006351;GO:0032549;GO:0003899
Q0VA39	GO:0004336;GO:0006683;GO:0005764
Q8YQC4	GO:0006782;GO:0005737;GO:0004853
B1LZQ1	GO:0006402;GO:0006396;GO:0005737;GO:0004654;GO:0003723;GO:0000287
Q8IVS8	GO:0005739;GO:0008887;GO:0005737;GO:0061624;GO:0005794;GO:0005524;GO:0005829;GO:0006468
A8MWY0	GO:0051961;GO:0045684;GO:0030513;GO:0005886;GO:0016021;GO:0070700
A0R2I8	GO:0009405;GO:0046488;GO:0009247;GO:0008654
O97627	GO:0031755;GO:0004703;GO:0007165;GO:0047696;GO:0005737;GO:0005886;GO:0005524
Q0W6L1	GO:0003677;GO:0003678;GO:0006281;GO:0005524
P34611	GO:0016479;GO:2000114;GO:0017148;GO:0042254;GO:0005737;GO:0090071;GO:0016480;GO:0008270;GO:0003730;GO:0030371;GO:0017126;GO:0072697
A9S0B8	GO:0017108;GO:0005739;GO:0006260;GO:0005730;GO:0043137;GO:0003677;GO:0005654;GO:0000287;GO:0006284;GO:0008409
B8HY86	GO:0044208;GO:0004019;GO:0005737;GO:0005525;GO:0000287
P0CG41	GO:0005789;GO:0009306;GO:0070971;GO:0016021;GO:0006888;GO:0035459
Q9Z6X4	GO:0004817;GO:0005737;GO:0005524;GO:0008270;GO:0006423
Q6GGX3	GO:0009405;GO:0005886;GO:0016021
A8IMK0	GO:0004823;GO:0006429;GO:0002161;GO:0005737;GO:0005524
P51060	GO:0008964;GO:0015977;GO:0006107;GO:0006099;GO:0000287
O42469	GO:0005634;GO:0006355
Q8IX94	GO:0005789;GO:0009306;GO:0070971;GO:0016021;GO:0006888;GO:0035459
B8DI11	GO:0000049;GO:0005737;GO:0005524;GO:0004826;GO:0000287;GO:0006432
Q63505	GO:0003677;GO:0042791;GO:0006384;GO:1990904;GO:0005634;GO:0000127
Q9SN39	GO:0010588;GO:0006397;GO:0010305;GO:0010087;GO:0048366;GO:0008270;GO:0003723;GO:1900865;GO:0009507
O00567	GO:1990226;GO:0030515;GO:0032040;GO:0005730;GO:0005654;GO:0005732;GO:0005737;GO:0016020;GO:0006364;GO:0070761;GO:0003723;GO:0001650;GO:0045296;GO:0031428
B7HU66	GO:0030170;GO:0005737;GO:0006782;GO:0042286;GO:0008483
Q325P7	GO:0080030
P16960	GO:0006936;GO:0048741;GO:0033017;GO:0005516;GO:0005219;GO:0030018;GO:0071313;GO:0071277;GO:0051289;GO:0014802;GO:0051209;GO:1990425;GO:0034704;GO:0005886;GO:0005524;GO:0031301;GO:0005509;GO:0070588;GO:0005262;GO:0005245;GO:0014808;GO:0030659;GO:0042383;GO:0005790;GO:0048763;GO:0043931;GO:0043588;GO:0016529;GO:0003151
Q0D3D2	GO:0016831;GO:0030976;GO:0000287;GO:0004737;GO:0005829
F1RDG9	GO:0031101;GO:0042127;GO:0046872;GO:0050852;GO:0038083;GO:0004715;GO:0060027;GO:0005737;GO:0005102;GO:0005524;GO:0045859;GO:0007169;GO:0030154;GO:0045087;GO:0031234
Q64291	GO:0002009;GO:0060429;GO:0005882;GO:0005198;GO:0061303
B6IQ30	GO:0006096;GO:0005576;GO:0009986;GO:0000015;GO:0004634;GO:0000287
Q7Z3V5	GO:0000978;GO:0006357;GO:0005634;GO:0000981;GO:0046872
Q6G1F9	GO:0006457;GO:0051082;GO:0005524
Q5SWW4	GO:0006357;GO:0005634;GO:0060261;GO:0016592;GO:0070328;GO:0005654;GO:0003713;GO:0003712;GO:0042632;GO:0043433;GO:0046966;GO:0045893;GO:0045944
A4QJJ1	GO:0006351;GO:0003899;GO:0032549;GO:0003677;GO:0009507
P78352	GO:0030054;GO:0045211;GO:0030165;GO:0098978;GO:0035255;GO:0007165;GO:0000165;GO:0097120;GO:0016188;GO:0031812;GO:0005737;GO:0007612;GO:0008021;GO:0035176;GO:0005783;GO:0035865;GO:0050885;GO:0097060;GO:0097113;GO:2000310;GO:0031234;GO:0048169;GO:0045202;GO:0030666;GO:0065003;GO:0043113;GO:0098609;GO:0032839;GO:0032281;GO:0019903;GO:0005886;GO:0008022;GO:0019900;GO:0031594;GO:0005829;GO:0002091;GO:0097109;GO:0043197;GO:0098839;GO:0031748;GO:0097110;GO:0044309;GO:0043005;GO:0050806;GO:0014069;GO:0060076;GO:0098970;GO:0031697;GO:0044300;GO:0030863;GO:0035641;GO:0044306;GO:0061098;GO:0071625;GO:0150012;GO:0007399;GO:2000463;GO:0033130;GO:0044877;GO:0045184;GO:0060997;GO:0044224;GO:2000821;GO:0007268;GO:0007204;GO:0035418
E5AW45	GO:0003690
P05033	GO:0005737;GO:0008923;GO:0006520
Q02XE9	GO:0006419;GO:0000049;GO:0005737;GO:0004813;GO:0005524;GO:0008270
P01833	GO:0002415;GO:0001580;GO:0070062;GO:0001792;GO:0043113;GO:0001895;GO:0071751;GO:0038093;GO:0005886;GO:0035577;GO:0005615;GO:0043312;GO:0043235;GO:0007173;GO:0005887
P29168	GO:0019068;GO:0020002;GO:0019013;GO:0016020;GO:0008270;GO:0003723;GO:0039660
Q875Q8	GO:0007049;GO:0015031;GO:0005524;GO:0051015;GO:0003774;GO:0016459
Q2NVX4	GO:0006457;GO:0051082;GO:0030288;GO:0050821;GO:0042277;GO:0043165;GO:0003755;GO:0060274
P78875	GO:0005991;GO:0031505;GO:0034605;GO:0005737;GO:0005946;GO:0004805;GO:0005829
A8GSU6	GO:0065002;GO:0006605;GO:0005737;GO:0005886;GO:0017038;GO:0005524;GO:0046872
A3LT37	GO:0006891;GO:0000139;GO:0017119;GO:0015031
P22983	GO:0006090;GO:0016301;GO:0005524;GO:0046872;GO:0050242
F7J0M6	GO:0006952;GO:0043531;GO:0005524
P48369	GO:0006265;GO:0003677;GO:0003918;GO:0005737;GO:0005694;GO:0005524;GO:0006261
Q41142	GO:0005509;GO:0004630;GO:0070290;GO:0009536;GO:0005886;GO:0016042;GO:0005783;GO:0046470;GO:0005773
Q7XZF5	GO:0043447;GO:0006723;GO:0006629;GO:0048316;GO:0009793;GO:0006952;GO:0005737;GO:0005886;GO:0016021;GO:1900369
Q9I4L1	GO:0000287;GO:0008832;GO:0006203
Q9QJ40	GO:0003677;GO:0030337;GO:0019079;GO:0006260
Q09376	GO:0042694;GO:0060465;GO:0000790;GO:0000981;GO:0001708;GO:0007501;GO:0043565;GO:0000122;GO:0000977;GO:0043282;GO:0045944
P0DOG8	GO:0019068;GO:0020002;GO:0003676;GO:0008270;GO:0016021;GO:0019028
P22488	GO:0005737;GO:0005882
Q6P1X5	GO:0006366;GO:0003682;GO:0000976;GO:0016251;GO:1901796;GO:0005669;GO:0005654;GO:0033276;GO:0014070;GO:0000086;GO:0006367
Q6LYG5	GO:0006420;GO:0005737;GO:0004814;GO:0005524
B0RU05	GO:0006096;GO:0005576;GO:0009986;GO:0000015;GO:0004634;GO:0000287
Q01S58	GO:0016491;GO:0016798
Q1I419	GO:0051539;GO:0016830;GO:0009229;GO:0009228;GO:0008270
P26806	GO:0039702;GO:0020002;GO:0019013;GO:0016020;GO:0008270;GO:0003723;GO:0072494;GO:0039660
B9KCS8	GO:0004823;GO:0006429;GO:0002161;GO:0005737;GO:0005524
A4WG55	GO:0008964;GO:0015977;GO:0006107;GO:0006099;GO:0000287
Q82VV1	GO:0006435;GO:0000049;GO:0004829;GO:0005737;GO:0005524;GO:0046872
Q14B48	GO:0005102
A8MTY0	GO:0000978;GO:0046872;GO:0006355;GO:0005634;GO:0000981
Q8E7F2	GO:0004817;GO:0005737;GO:0005524;GO:0008270;GO:0006423
Q48A96	GO:0051539;GO:0016830;GO:0009229;GO:0009228;GO:0008270
Q9UNE2	GO:0017158;GO:0017137;GO:0006887;GO:0006886;GO:0030658;GO:0005737;GO:0030667;GO:0032024;GO:0042493;GO:0045744;GO:0046872;GO:0030274;GO:0008092;GO:0042593
Q54NP8	GO:0043515;GO:0003777;GO:0008017;GO:0051301;GO:0005874;GO:0000775;GO:0005737;GO:0005524;GO:0007080;GO:0007018;GO:0090307
A9M5L8	GO:0003697;GO:0008094;GO:0009432;GO:0006281;GO:0005737;GO:0006310;GO:0005524;GO:0003684
O29979	GO:0005524;GO:0006424;GO:0005737;GO:0004818
P11717	GO:0042802;GO:0007283;GO:0007041;GO:0005802;GO:0007165;GO:0031995;GO:0001889;GO:0001972;GO:0005794;GO:0010008;GO:0019899;GO:0030139;GO:0005925;GO:0043065;GO:0009986;GO:0005886;GO:0016020;GO:0005641;GO:0043312;GO:0005770;GO:0007186;GO:0005887;GO:0061024;GO:0030665;GO:0030133;GO:0070062;GO:1904772;GO:0051219;GO:0005537;GO:0030667;GO:1905394;GO:0032588;GO:0032526;GO:0048471;GO:0006898;GO:0038023;GO:0005769;GO:0005768;GO:0030118;GO:0030140;GO:0005010;GO:0001965;GO:0031100;GO:0044794;GO:0005520;GO:0009791
Q3JL24	GO:0009405;GO:0005576
B0CH00	GO:0003697;GO:0008094;GO:0009432;GO:0006281;GO:0005737;GO:0006310;GO:0005524;GO:0003684
C1CRD1	GO:0004325;GO:0006783;GO:0005737;GO:0046872
Q59I72	GO:0005912;GO:0007155;GO:0005737;GO:0005886;GO:0051015;GO:0005198;GO:0015629;GO:0045296
A6T2E8	GO:0065002;GO:0006605;GO:0005737;GO:0005886;GO:0017038;GO:0005524;GO:0046872
A8FUU9	GO:0051539;GO:0016830;GO:0009229;GO:0009228;GO:0008270
B3H672	
A2AN08	GO:0006511;GO:0005813;GO:0005516;GO:0061630;GO:0005654;GO:0008270;GO:0016021;GO:0005829;GO:0004842
Q93G07	GO:0042026;GO:0005737;GO:0051082;GO:0005524
Q1LZ87	GO:0000978;GO:0006357;GO:0005634;GO:0000981;GO:0046872
P03336	GO:0039702;GO:0020002;GO:0019013;GO:0016020;GO:0008270;GO:0003723;GO:0072494;GO:0039660
A8Z414	GO:0009405;GO:0005886;GO:0016021
Q54KM6	GO:0009058;GO:0005739;GO:0030170;GO:0047804;GO:0097053;GO:0005737;GO:0047316;GO:0016212;GO:0008483
A1RBC4	GO:0008926;GO:0019594
P51664	GO:0005813;GO:0005739;GO:0005634;GO:0000981;GO:1990841;GO:0000733;GO:0006289;GO:0005737;GO:0005783;GO:2001244;GO:0006974;GO:0000978;GO:0005507;GO:0043065;GO:0043153;GO:0005524;GO:0016605;GO:0005759;GO:0007049;GO:0007569;GO:0005730;GO:0048512;GO:0045944;GO:0030308;GO:0097252;GO:0045892;GO:0051262;GO:0003677
Q6MF42	GO:0004367;GO:0046167;GO:0005975;GO:0009331;GO:0006650;GO:0046168;GO:0051287;GO:0008654
Q160K9	
G5EEU3	GO:0006937;GO:2000294;GO:1905885;GO:0040011;GO:0006887;GO:0014057;GO:0010877;GO:1904731;GO:0030421;GO:0060179;GO:0018991;GO:0035418
Q9QJ32	GO:0042025;GO:0006260;GO:0003887;GO:0003677;GO:0000166;GO:0039693
B2SQQ2	GO:0006351;GO:0003899;GO:0003677;GO:0008270;GO:0000287
Q3AFT8	GO:0006420;GO:0005737;GO:0004814;GO:0005524
B1JBS6	GO:0004366;GO:0016024;GO:0005886;GO:0102420
P32337	GO:0005634;GO:0008139;GO:0006406;GO:0006606;GO:0005737;GO:0007088;GO:0060188;GO:0061608
B7LTJ8	GO:0004125;GO:0005737;GO:0001514;GO:0097056
E1BLZ4	GO:0005813;GO:0030496;GO:0032266;GO:0000281;GO:0000724;GO:0032465;GO:0005737;GO:0046872
Q5RG82	GO:0005634;GO:0005737;GO:0005856
A0QL36	GO:0003924;GO:0003746;GO:0005737;GO:0005525
A4IZK8	GO:0019464;GO:0008483;GO:0004047
Q1PEU4	GO:0003723;GO:0043231;GO:0009451
Q96IR2	GO:0000978;GO:0006357;GO:0005634;GO:0001228;GO:0046872
A8FMB2	GO:0030956;GO:0016787;GO:0050567;GO:0005524;GO:0006412
A9W6G9	GO:0006096;GO:0005576;GO:0009986;GO:0000015;GO:0004634;GO:0000287
P14340	GO:0039694;GO:0003725;GO:0039502;GO:0042025;GO:0019031;GO:0039564;GO:0004483;GO:0075512;GO:0005198;GO:0005576;GO:0044220;GO:0004482;GO:0039707;GO:0005524;GO:0016021;GO:0019028;GO:0039545;GO:0005216;GO:0003724;GO:0033650;GO:0003968;GO:0039654;GO:0044385;GO:0039574;GO:0055036;GO:0051259;GO:0046983;GO:0044167;GO:0046872;GO:0039520;GO:0019062;GO:0004252
Q9QUK4	GO:0016045;GO:0042742;GO:0046872;GO:0072557;GO:0043027;GO:0071391;GO:0006954;GO:0070269;GO:0005524;GO:0043154;GO:0045087
Q2FYJ6	GO:0009405;GO:0005886;GO:0016021
Q5HFY8	GO:0009405;GO:0005886;GO:0016021
A3N2D9	
Q4HZ68	GO:0005730;GO:0003724;GO:0006364;GO:0005524;GO:0003723
O74431	GO:0046872;GO:0006874;GO:0016887;GO:0016021;GO:0055085;GO:0042626;GO:0005783;GO:0005524;GO:0006812
Q9FH82	GO:0005576;GO:0009506;GO:0005618;GO:0071555;GO:0052689;GO:0005886;GO:0052793;GO:0005829;GO:0009505
Q3J7C1	GO:0051539;GO:0016830;GO:0009229;GO:0009228;GO:0008270
Q0KF34	GO:0051539;GO:0016830;GO:0009229;GO:0009228;GO:0008270
Q9HNZ0	GO:0008734;GO:0005737;GO:0009435;GO:0044318
Q4L4K6	GO:0006007;GO:0006096;GO:0005737;GO:0030145;GO:0046537
Q04S01	GO:0042026;GO:0005737;GO:0051082;GO:0005524
Q8BPK2	GO:1900246;GO:0009597;GO:0071360;GO:0005737;GO:0051607;GO:0008270;GO:0003723;GO:0045087;GO:0002218;GO:0003690;GO:0032481
B4RMD8	GO:0006096;GO:0005576;GO:0009986;GO:0000015;GO:0004634;GO:0000287
A5FD11	GO:0042744;GO:0004096;GO:0046872;GO:0006979;GO:0020037
P38678	GO:0071555;GO:0032995;GO:0042546
P59046	GO:0032731;GO:0050729;GO:0007165;GO:0009968;GO:0036336;GO:0071345;GO:0005737;GO:0032088;GO:0050710;GO:0043281;GO:0070373;GO:0050728;GO:0032661;GO:1901223;GO:0043124;GO:0032692;GO:0032715;GO:0006919;GO:0031953;GO:0043122;GO:0045751;GO:0045345;GO:0005524;GO:0008656;GO:1901224
A0A1B4XBH3	GO:0031177;GO:0016491;GO:0016746;GO:0017000
P9WIQ4	GO:0003678;GO:0008854;GO:0000724;GO:0003677;GO:0005524;GO:0009338
Q7N7F4	GO:0016655;GO:0006814
P03362	GO:0004190;GO:0015074;GO:0005198;GO:0003964;GO:0003887;GO:0003677;GO:0004523;GO:0019013;GO:0006310;GO:0044826;GO:0008270;GO:0039657;GO:0003723;GO:0046718;GO:0075713
A7MBI1	GO:0006357;GO:0001227;GO:0000790;GO:0000981;GO:0005634;GO:0006629;GO:0019216;GO:0000122;GO:0046872;GO:0000977
B4RCK3	GO:0009073;GO:0005737;GO:0009423;GO:0003866
A2T2X4	GO:0030992;GO:0060285;GO:0035082;GO:1902017;GO:0044782;GO:0036158;GO:0042073;GO:0005737;GO:0005856;GO:0008022;GO:0031647;GO:0031514;GO:0050821;GO:0060271;GO:0097546;GO:0015031;GO:0060170
A1WV00	GO:0004151;GO:0019856;GO:0044205;GO:0008270
P0DOH5	GO:0019068;GO:0020002;GO:0003676;GO:0008270;GO:0016021;GO:0019028
P38065	GO:0035615;GO:0005935;GO:0072583;GO:0140312;GO:0030122;GO:0006886;GO:0006898
Q45388	GO:0003723;GO:0006139
P81187	GO:0006957;GO:0005576;GO:0004252
P14856	GO:0016702;GO:0005737;GO:0031408;GO:0046872
Q9HAZ2	GO:0043586;GO:0005634;GO:0005654;GO:0030853;GO:0000122;GO:0050873;GO:0045893;GO:0000978;GO:0060021;GO:0006357;GO:0043457;GO:0022008;GO:0046974;GO:0005829;GO:0000976;GO:0001227;GO:0090336;GO:0120162;GO:0043565;GO:0016235;GO:0030512;GO:0070828;GO:0045892;GO:0046332;GO:0017053;GO:0035019;GO:0001228;GO:0050872;GO:0003713;GO:0003712;GO:0046872;GO:0033613
Q6FZF0	GO:0003697;GO:0008094;GO:0009432;GO:0006281;GO:0005737;GO:0006310;GO:0005524;GO:0003684
C4ZBD8	GO:0006541;GO:0015420;GO:0009236;GO:0003824
Q1D513	GO:0003924;GO:0003746;GO:0005737;GO:0005525
O73590	GO:0000978;GO:0000976;GO:0005634;GO:0000981;GO:0000122;GO:0008270;GO:0045893
Q0UHM7	GO:0005634;GO:0005730;GO:0003724;GO:0006364;GO:0005524;GO:0003723;GO:0042254
B5EPM7	GO:0006096;GO:0005576;GO:0009986;GO:0000015;GO:0004634;GO:0000287
A2C6S9	GO:0006351;GO:0003899;GO:0003677;GO:0008270;GO:0000287
C5CBZ4	GO:0006541;GO:0003922;GO:0005524;GO:0016462
Q9HCG1	GO:0000978;GO:0006357;GO:0046872;GO:0005634;GO:0000981;GO:0030097
Q47829	GO:0030170;GO:0008710;GO:0009102
A0A1E1FFM3	GO:0004497;GO:0016705;GO:0005506;GO:0016021;GO:0016114;GO:0020037
B3Q9Q2	GO:0000287;GO:0016779;GO:0005524
Q88VX7	GO:0009408;GO:0016887;GO:0005737;GO:0005524;GO:0042026
Q3U7U3	GO:0006511;GO:0045736;GO:0097462;GO:1903204;GO:0005739;GO:0005634;GO:0019901;GO:0040012;GO:0097414;GO:1990037;GO:1903599;GO:0005654;GO:0005737;GO:0046982;GO:0016567;GO:0000422;GO:2000134;GO:0031647;GO:1903208;GO:0005829;GO:0000151;GO:1990038;GO:0045620;GO:0097409;GO:0043130;GO:1990756;GO:0031625;GO:1901215;GO:0019005;GO:0006626;GO:0010975;GO:0032991
E9PV87	GO:0005813;GO:0007224;GO:0001917;GO:0005737;GO:0060271;GO:0005814;GO:0036064;GO:0070201
Q6CFR0	GO:1990316;GO:0000045;GO:0030242;GO:0061709;GO:0019901;GO:0000422;GO:0060090;GO:0001934;GO:0005774;GO:0019898;GO:0034045;GO:0034727;GO:0015031
Q9C8W3	GO:0036065;GO:0071555;GO:0000138;GO:0008417;GO:0016021;GO:0046920;GO:0010493;GO:0032580;GO:0006486
Q9UUG9	GO:1905589;GO:0005634;GO:0032007;GO:0032091;GO:2000134;GO:0005737;GO:1904262;GO:0034613;GO:0051056;GO:0005829;GO:0005096;GO:0033596;GO:1905534
Q8E1Z4	GO:0004817;GO:0005737;GO:0005524;GO:0008270;GO:0006423
P97868	GO:0006511;GO:0061053;GO:0005813;GO:0003676;GO:0006275;GO:0006397;GO:0005730;GO:0019901;GO:0048568;GO:0001701;GO:0005737;GO:0004842;GO:0006974;GO:0006260;GO:0035264;GO:0061630;GO:0016607;GO:0005694;GO:0008270;GO:0032991
E1B328	GO:0003700;GO:0005634;GO:0006952;GO:0043565;GO:0005737;GO:0005524;GO:0043531
Q0TL77	GO:0080030
Q5HU43	GO:0030956;GO:0016787;GO:0050567;GO:0005524;GO:0006412
Q6BLC4	GO:0003682;GO:0000463;GO:0030174;GO:0005654;GO:0006267;GO:0097344;GO:0005829;GO:0000027
B9FKM7	GO:0003697;GO:0003678;GO:0046872;GO:0006260;GO:0005634;GO:0006281;GO:0005524;GO:0003688;GO:0042555;GO:0051321
A7Z050	GO:0032958;GO:0000829;GO:0000832;GO:0006020;GO:0052723;GO:0102092;GO:0000827;GO:0005886;GO:0033857;GO:0005524;GO:0000828;GO:0052724;GO:0005829
Q14U76	GO:0005576;GO:0007155;GO:0009405;GO:0016020;GO:0005618
D0MY34	GO:0017108;GO:0005739;GO:0006260;GO:0005730;GO:0043137;GO:0003677;GO:0005654;GO:0000287;GO:0006284;GO:0008409
O82265	GO:0003682;GO:0051301;GO:0051455;GO:0005634;GO:0007062;GO:0051754;GO:0008278;GO:0005694;GO:0000785
A6USK4	GO:0051287;GO:0089714;GO:0016628;GO:0000271
Q2F7I9	GO:0039702;GO:0020002;GO:0044185;GO:0019013;GO:0016020;GO:0008270;GO:0003723;GO:0072494
P10274	GO:0004190;GO:0003676;GO:0019013;GO:0039604;GO:0008270;GO:0039657;GO:0005198
Q8K4E0	GO:0005813;GO:0060122;GO:0001736;GO:0007286;GO:0008017;GO:0019722;GO:0006629;GO:0000922;GO:0120162;GO:0007605;GO:0043066;GO:0051492;GO:0060271;GO:0042632;GO:0005814;GO:0051393;GO:0036064;GO:0042593;GO:0040015;GO:0046599;GO:0030728;GO:0001678;GO:0050673;GO:0046548;GO:0045598;GO:0016197;GO:0005829
Q6R5J1	GO:0035195;GO:0016021
Q24U48	GO:0006260;GO:0007062;GO:0003677;GO:0005737;GO:0030261;GO:0005694;GO:0005524
Q70IV5	GO:0005882;GO:0045104;GO:0045111;GO:0005912;GO:0031443;GO:0019215;GO:0016020;GO:0005200;GO:0017166;GO:0008307;GO:0030018;GO:0030674;GO:0043034;GO:0042383;GO:0060053
Q73IW9	GO:0006351;GO:0003899;GO:0032549;GO:0003677;GO:0008270;GO:0000287
Q5PQS0	GO:0005765;GO:0006914;GO:1900029;GO:0032418;GO:0005730;GO:0045780;GO:0035556;GO:0010008;GO:0046872;GO:0015031
Q8K9S3	GO:0006260;GO:0005737;GO:0008408;GO:0003887
A0A1V6PAF7	GO:0016491;GO:0032259;GO:0006633;GO:0008168;GO:0004315;GO:0031177
O35867	GO:0042802;GO:0044325;GO:0097237;GO:0098978;GO:0019901;GO:0050804;GO:0005737;GO:0005856;GO:0008157;GO:0030027;GO:0015629;GO:0051020;GO:0060079;GO:0010976;GO:0044326;GO:0045202;GO:0048666;GO:0030175;GO:0043025;GO:1900454;GO:0008022;GO:0030425;GO:1900272;GO:0031594;GO:0005829;GO:1990761;GO:0030864;GO:0043197;GO:0007015;GO:0019722;GO:0061001;GO:0098871;GO:1904049;GO:0051823;GO:0043005;GO:0007568;GO:0051497;GO:0014069;GO:0030833;GO:0045860;GO:0051489;GO:0019904;GO:0030426;GO:0044877;GO:0051963;GO:0051015;GO:0060999;GO:0098974;GO:0031175
Q74K78	GO:0006096;GO:0005576;GO:0043236;GO:0009986;GO:0000015;GO:0004634;GO:0000287
C4K1J0	GO:0065002;GO:0006605;GO:0005737;GO:0005886;GO:0017038;GO:0005524;GO:0046872
A1CCL9	GO:0045493;GO:0005576;GO:0009044
Q9NYQ7	GO:0036514;GO:0005509;GO:0060071;GO:0036515;GO:0004930;GO:0007156;GO:1904938;GO:0060271;GO:0001932;GO:0001764;GO:0098609;GO:0032880;GO:0005886;GO:0016021;GO:0007413;GO:0007186
Q6J2K6	GO:0004721;GO:0046872
Q8PLS0	GO:0006096;GO:0005576;GO:0009986;GO:0000015;GO:0004634;GO:0000287
O09705	GO:0019012;GO:0030430;GO:0016787;GO:0039689;GO:0075526;GO:0000166;GO:0039696;GO:0003968
O52520	GO:0005992;GO:0005737;GO:0033942
C4B7M6	GO:0003700;GO:0005634;GO:0006952;GO:0043565;GO:0005524;GO:0043531
Q06179	GO:0005739
P03542	GO:0042025;GO:0003676;GO:0075732;GO:0039620;GO:0008270;GO:0005198;GO:0046718
Q94AL9	GO:0008453;GO:0009853;GO:0030170;GO:0005739
P0C644	GO:0032958;GO:0000829;GO:0000832;GO:0006020;GO:0052723;GO:0102092;GO:0000827;GO:0005886;GO:0033857;GO:0005524;GO:0000828;GO:0052724;GO:0005829
Q96AY4	GO:0051301;GO:0007049;GO:0005815;GO:0030496;GO:0000922;GO:0007346;GO:0005737;GO:0019900
Q3MC76	GO:0006782;GO:0005737;GO:0004853
B2GCB8	GO:0051539;GO:0003861;GO:0009098;GO:0046872
Q0SNH5	GO:0006096;GO:0005576;GO:0009986;GO:0000015;GO:0004634;GO:0000287
Q7Z333	GO:0042802;GO:0060566;GO:0006369;GO:0007283;GO:0005634;GO:0000165;GO:0045171;GO:0005654;GO:0043066;GO:0005737;GO:0070301;GO:0003723;GO:0044344;GO:0030424;GO:0006974;GO:0000228;GO:0010976;GO:0006376;GO:0043491;GO:0071300;GO:0006396;GO:0006310;GO:0033120;GO:0005524;GO:0007623;GO:2000144;GO:0005730;GO:0006353;GO:0045944;GO:0003678;GO:0008543;GO:0000781;GO:0030426;GO:2000806;GO:0001147;GO:0003677;GO:0016604;GO:0034599;GO:0006302
P97386	GO:0051301;GO:0007049;GO:0007005;GO:0005739;GO:0005634;GO:0070421;GO:0005654;GO:0006303;GO:0005737;GO:0090298;GO:0000794;GO:0000795;GO:0003910;GO:0003909;GO:0097681;GO:0006273;GO:0003677;GO:0051103;GO:0045910;GO:0006288;GO:0006310;GO:0006266;GO:0005524;GO:0008270;GO:0043504;GO:0006302;GO:0071897
Q8N961	GO:0005654;GO:0046982;GO:0097237
Q68XI7	GO:0030976;GO:0006096;GO:0006099;GO:0004591
O31902	GO:0006260;GO:0008408;GO:0003887
Q8VD24	GO:0005634;GO:0030374;GO:0046872
Q28SY7	
Q69YQ0	GO:0005819;GO:0031941;GO:0007049;GO:0005815;GO:0005921;GO:0051301;GO:0007155;GO:0030036;GO:0005829;GO:0015629
A7NAH6	GO:0019464;GO:0008483;GO:0004047
A1A7V0	GO:0080030
B1ZKR9	GO:0004056;GO:0005737;GO:0042450
B0R0I6	GO:0003678;GO:0016055;GO:0045892;GO:0007420;GO:0005634;GO:0042393;GO:0002039;GO:0071339;GO:0003677;GO:0043044;GO:0043066;GO:0030901;GO:0060322;GO:0005524;GO:0008013;GO:2000178;GO:0030900;GO:0048484;GO:0045893;GO:0030178
A1SNG0	GO:0051539;GO:0006400;GO:0035596;GO:0005737;GO:0046872
Q9LYN7	GO:0045836;GO:0003676;GO:0005634;GO:0003729;GO:0000398;GO:0051321;GO:0045927
A6R4H9	GO:0017108;GO:0033557;GO:0006260;GO:0006281;GO:0006310
Q4KFC4	GO:0004165;GO:0006635;GO:0003857;GO:0004300;GO:0008692;GO:0036125
Q9SM44	GO:0046509;GO:0009247;GO:0009706
B6YUR8	GO:0003723;GO:0006400;GO:0016763;GO:0046872
Q64512	GO:0005634;GO:0030496;GO:0044297;GO:0004725;GO:0036312;GO:0005654;GO:0005737;GO:0005856;GO:0005886;GO:0030027;GO:0043005;GO:0001650;GO:0035335;GO:0001933;GO:0006470;GO:0014066;GO:0005829
Q08DL1	GO:0003676;GO:0030374;GO:0005634;GO:0008270
Q6K8S3	GO:0000079;GO:0044772;GO:0051301;GO:0005634;GO:0005737;GO:0000307;GO:0016538
B5RLS2	GO:0006096;GO:0005576;GO:0009986;GO:0000015;GO:0004634;GO:0000287
B4DU55	GO:0000978;GO:0006357;GO:0046872;GO:0005634;GO:0000981
O95342	GO:0031998;GO:0055091;GO:0042632;GO:0046618;GO:0055088;GO:0055037;GO:0016567;GO:0008559;GO:0120189;GO:0015126;GO:0009986;GO:0005886;GO:0008554;GO:0016020;GO:0005524;GO:0017144;GO:0015432;GO:0055038;GO:0005887;GO:0070062;GO:0006631;GO:0015722;GO:0016887;GO:0046691;GO:0042626;GO:0005215;GO:0006699;GO:0015721;GO:0005768;GO:0016324;GO:0006855;GO:1904251;GO:0008206;GO:0055085;GO:0046581;GO:0015125
Q9Y2E4	
Q9CXF7	GO:0003678;GO:0005634;GO:0016887;GO:0006338;GO:0005654;GO:0006281;GO:0005886;GO:0005524;GO:0000166;GO:0005829;GO:0006974
P21849	GO:0005886;GO:0016021
Q7TNH6	GO:0007163;GO:0071908;GO:0072189;GO:0045494;GO:0060027;GO:0090090;GO:0005929;GO:0030324;GO:0016055;GO:0097543;GO:0001822;GO:1905515;GO:0001947;GO:0006629;GO:0035469;GO:0060271;GO:0071910;GO:0071909;GO:0030198;GO:0097546;GO:0060993;GO:0007368;GO:0048496;GO:0003283;GO:2000095;GO:0032092
P0CE95	GO:0005938;GO:0005856;GO:0051015;GO:0000916;GO:0007155
A2AQH4	GO:0005654;GO:0005886;GO:0006325
Q9I8D1	GO:0031941;GO:0042491;GO:0042995;GO:0005634;GO:0005516;GO:0000146;GO:0005654;GO:0001726;GO:0005737;GO:0060002;GO:0005794;GO:0015629;GO:0031410;GO:0003774;GO:0030139;GO:0003779;GO:0016591;GO:0030048;GO:0030050;GO:0030175;GO:0005886;GO:0016020;GO:0030330;GO:0005524;GO:0005829;GO:0016459;GO:0007015;GO:0030665;GO:0032587;GO:0005905;GO:0030898;GO:0042472;GO:0007605;GO:0031965;GO:0005902;GO:0048471;GO:0045944;GO:0051046;GO:0031982;GO:0030136;GO:0005938;GO:0006886;GO:0005884;GO:0051015;GO:0006897;GO:0043531
A0A089QRB9	GO:0034081;GO:0016491;GO:0005886;GO:0004315;GO:1902321;GO:0031177
A0ZZ93	GO:0015031;GO:0009706;GO:0016021
B5DE69	GO:0003678;GO:0016055;GO:0045892;GO:0042393;GO:0005634;GO:0002039;GO:0071339;GO:0003677;GO:0043044;GO:0043066;GO:0005524;GO:0008013;GO:0045893;GO:0030178
Q9USQ7	GO:0005634;GO:0017183;GO:0005524;GO:0005829;GO:0051321;GO:0017178
Q89702	
Q6VH22	GO:0060173;GO:0007507;GO:0031122;GO:0007420;GO:0005634;GO:0001843;GO:0007224;GO:0045880;GO:0060348;GO:0016485;GO:0021522;GO:0001841;GO:0000122;GO:0005929;GO:0031514;GO:0021915;GO:0007219;GO:0008589;GO:0070986;GO:0060021;GO:0097225;GO:0097228;GO:0005930;GO:0097598;GO:1905515;GO:0001947;GO:0008134;GO:0042073;GO:0009953;GO:0060271;GO:0036064;GO:0050680;GO:0007368;GO:0030992;GO:0008544;GO:0061525
Q38HX4	GO:0043722
Q6A085	GO:0000978;GO:0006357;GO:0046872;GO:0005634;GO:0001228
A8EVZ4	GO:0003677;GO:0006351;GO:0032549;GO:0003899
B0LPN4	GO:0042802;GO:0003220;GO:0071421;GO:0033017;GO:0019901;GO:0005516;GO:0015278;GO:0034220;GO:0051480;GO:0005737;GO:0005219;GO:0005783;GO:0030018;GO:0060402;GO:0098910;GO:0019899;GO:0031234;GO:0055117;GO:0003300;GO:0032026;GO:0071313;GO:0071872;GO:0001666;GO:0006874;GO:0043621;GO:0086029;GO:0098904;GO:0051481;GO:0051209;GO:0034704;GO:0051592;GO:0034237;GO:0005886;GO:0016020;GO:0043924;GO:0010882;GO:0051775;GO:0097050;GO:0035994;GO:0010460;GO:0005509;GO:0070588;GO:0019722;GO:0060401;GO:0097110;GO:0097159;GO:0086005;GO:0006816;GO:0031672;GO:0098911;GO:0051284;GO:1901896;GO:0072599;GO:0005262;GO:0005635;GO:0034236;GO:0014808;GO:0005513;GO:0014850;GO:0030659;GO:0035584;GO:0042383;GO:0043005;GO:0005790;GO:0002027;GO:0031000;GO:0048763;GO:0007584;GO:0060048;GO:0098907;GO:0010881;GO:0030017;GO:0042493;GO:0070296;GO:0032991;GO:0016529;GO:0003143;GO:0098735
Q46K52	GO:0047151;GO:0005737;GO:0030698;GO:0050660
Q86XX4	GO:0005604;GO:0005201;GO:0002009;GO:0003338;GO:0030326;GO:0060021;GO:0043588;GO:0016021;GO:0007154;GO:0005886;GO:0046872;GO:0015031
Q5HQ30	GO:0016887;GO:0004519;GO:0045910;GO:0005524;GO:0006298;GO:0030983
H2MTR9	GO:0005815;GO:0005874;GO:0005912;GO:0007155;GO:0005737
Q2KNA1	GO:0005819;GO:0051301;GO:0007049;GO:0005921;GO:0005737
Q82K95	GO:0018339;GO:0051539;GO:0006400;GO:0005737;GO:0046872;GO:0103039
Q6GJA6	GO:0005576;GO:0007155;GO:0009405;GO:0016020;GO:0005618
Q4FM10	GO:0006420;GO:0005737;GO:0004814;GO:0005524
A0A5C1RDA3	GO:0009405;GO:0006633;GO:0008270;GO:0004315;GO:0016491;GO:0031177
Q8MJ04	GO:0008017;GO:0035082;GO:0005875;GO:0060041;GO:0045494;GO:0007601;GO:0035556;GO:0042461;GO:0001750;GO:0046549;GO:0046548;GO:0005930;GO:0035845
Q9HC29	GO:0032731;GO:0016045;GO:0042742;GO:0051879;GO:0060585;GO:0032498;GO:0005739;GO:0002732;GO:0019901;GO:0050679;GO:1900017;GO:0046658;GO:0006952;GO:0005737;GO:0005856;GO:0005794;GO:0032733;GO:0043123;GO:0050871;GO:0032757;GO:0019899;GO:2000110;GO:0032760;GO:0043406;GO:0003779;GO:0043552;GO:0042834;GO:0032495;GO:0009986;GO:0005886;GO:0005524;GO:0046330;GO:0009595;GO:0005829;GO:1901224;GO:0002367;GO:0071222;GO:0050727;GO:0070431;GO:0002374;GO:0071225;GO:0032755;GO:0035556;GO:0050700;GO:0051770;GO:0070423;GO:0030277;GO:0071407;GO:0016323;GO:0051353;GO:0038187;GO:0045944;GO:0002606;GO:0046645;GO:1902523;GO:0000187;GO:0002221;GO:0007584;GO:0031982;GO:0030544;GO:0032740;GO:0045335;GO:0070374;GO:0071224;GO:0044877;GO:0032874;GO:0002830;GO:0007254;GO:0070498;GO:0032500;GO:0051092;GO:2000363;GO:0032991;GO:0045087;GO:0045747
Q19532	GO:0006886;GO:0035091;GO:0005769;GO:1990126;GO:0030659
P48027	GO:0005886;GO:0000155;GO:0005524;GO:0016021
Q13724	GO:0006457;GO:0070062;GO:0005789;GO:0009311;GO:0004573;GO:0006487;GO:0016020;GO:0005783;GO:0016021;GO:0015926
Q28559	GO:0003989;GO:0051289;GO:0006633;GO:0005524;GO:0046872;GO:0005829;GO:2001295;GO:0006084
Q4V7D6	GO:0042802;GO:0008134;GO:0030182;GO:0005739;GO:0005634;GO:0005737;GO:1903507;GO:0045893
Q9CWL2	GO:0045665;GO:0045664;GO:1902870;GO:0060040;GO:0003677;GO:0005654;GO:0060223;GO:0046872;GO:0043231;GO:0045893;GO:0060226;GO:0005829
A2QSC9	GO:0005789;GO:0034045;GO:0015031;GO:0030242
A9KH27	GO:0006420;GO:0005737;GO:0004814;GO:0005524
Q9ET55	GO:0000932;GO:0005739;GO:0005634;GO:0009991;GO:0032496;GO:0005737;GO:0000290;GO:0032922;GO:0010629;GO:0003729;GO:0007623;GO:0019178;GO:0045600;GO:0045995;GO:0006739;GO:0102757;GO:0045668;GO:0048471;GO:0042752;GO:0004535;GO:0033962;GO:0048255;GO:0000175;GO:0046872
A3LRV8	GO:0004535;GO:0003676;GO:0006397;GO:0006301;GO:0031251;GO:0046872;GO:0000289
Q6A070	GO:0008017;GO:0005815;GO:0035082;GO:1905515;GO:0005876;GO:0031116;GO:0005929;GO:0005881;GO:0072686;GO:0090307;GO:0036064;GO:0031110;GO:0000226
Q9BMM8	GO:0030016;GO:0003774;GO:0016459;GO:0032982
P00186	GO:0106256;GO:0032496;GO:0009820;GO:0016098;GO:0070989;GO:0071615;GO:0032451;GO:0019899;GO:0008210;GO:0030324;GO:0019369;GO:0032787;GO:0008203;GO:0018894;GO:0034875;GO:0101020;GO:0042738;GO:0016712;GO:0017144;GO:0043231;GO:0042572;GO:0032355;GO:0046483;GO:0071280;GO:0004497;GO:0045333;GO:0005789;GO:0006725;GO:0050665;GO:0020037;GO:0070330;GO:0042737;GO:0006706;GO:0009403;GO:0035902;GO:0055114;GO:0016491;GO:0101021;GO:0009404;GO:0071276;GO:0005506;GO:0009791;GO:0006778;GO:0010468
Q2NVM8	GO:0003924;GO:0000103;GO:0070814;GO:0005524;GO:0005525;GO:0004781
Q5ZSQ2	GO:0046872;GO:0017137;GO:0043087;GO:0044603;GO:0009405;GO:0044220;GO:0044602;GO:0018117
A0A1Y0BRF1	GO:0032259;GO:0006633;GO:0008236;GO:0008168;GO:0004315;GO:0016114
A0RZC6	GO:0090729;GO:0006954;GO:0004866;GO:0046872;GO:0006956;GO:0005615
D3ZYR1	GO:0042802;GO:0072583;GO:0005905;GO:0005546;GO:0030136;GO:0001786;GO:0010324;GO:0005737;GO:0005886;GO:0005856;GO:0035091;GO:0048268;GO:0048488;GO:0098835;GO:0072659;GO:0008092
B0B7W3	GO:0006433;GO:0002161;GO:0005737;GO:0005524;GO:0004827
Q3K3G5	GO:0004817;GO:0005737;GO:0005524;GO:0008270;GO:0006423
Q9JK25	GO:0042802;GO:0030659;GO:0005813;GO:0031122;GO:0008017;GO:0051010;GO:1900006;GO:0005874;GO:0005634;GO:0035371;GO:0001726;GO:0005737;GO:0031116;GO:0005635;GO:0001578;GO:0005881;GO:0008270;GO:0015631;GO:0044861;GO:0015630
B9DRR9	GO:0006096;GO:0005576;GO:0009986;GO:0000015;GO:0004634;GO:0000287
Q8V3R4	GO:0004652;GO:0006397;GO:0005524
P17021	GO:0000978;GO:0006357;GO:0046872;GO:0005634;GO:0000981
A1JIG1	GO:0006744;GO:0008694;GO:0005886;GO:0046872
Q7ZZ25	GO:0016887;GO:0045211;GO:0005524;GO:0005777
O95613	GO:0005813;GO:0010389;GO:0005874;GO:0005516;GO:0007165;GO:0060090;GO:0007052;GO:0016020;GO:0034451;GO:0060271;GO:0000086;GO:0005814;GO:0090316;GO:0005829;GO:0097711;GO:0000226
Q6G5G9	GO:0004817;GO:0005737;GO:0005524;GO:0008270;GO:0006423
Q96MU6	GO:0000977;GO:0000122;GO:0006357;GO:0046872;GO:0001227;GO:0000790;GO:0000981
Q58874	GO:0009058;GO:0005737;GO:0008483;GO:0030170
Q31YB7	GO:0006635;GO:0003857;GO:0004300;GO:0005737;GO:0051287;GO:0008692
P28040	GO:1902981;GO:0005634;GO:0006272;GO:0043596;GO:0051539;GO:0140445;GO:0017076;GO:0006281;GO:1902975;GO:0006279;GO:0003697;GO:0005658;GO:0003682;GO:0000790;GO:0061806;GO:0035861;GO:0003887;GO:0006273;GO:0003688;GO:0007534;GO:0046872;GO:0019103;GO:0000734
Q4A164	GO:0044208;GO:0004019;GO:0005737;GO:0005525;GO:0000287
Q14J42	GO:0019464;GO:0008483;GO:0004047
B1WQF1	GO:0051539;GO:0046429;GO:0019288;GO:0005506;GO:0016114
O60244	GO:0070847;GO:0006357;GO:0030374;GO:0005634;GO:0019827;GO:0042809;GO:0060261;GO:0016592;GO:0005654;GO:0003713;GO:0016020;GO:0003712;GO:0006367;GO:0045893;GO:0045944
Q15697	GO:0003700;GO:0000978;GO:1990837;GO:0000976;GO:0006357;GO:0045892;GO:0000790;GO:0000981;GO:0005634;GO:0005654;GO:0043565;GO:0000122;GO:0005886;GO:0042803;GO:0046872;GO:0005829;GO:0015629
Q2KN97	GO:0005819;GO:0031941;GO:0007049;GO:0005815;GO:0005921;GO:0051301;GO:0005737;GO:0030036
Q8WXH0	GO:0005739;GO:0005634;GO:0033017;GO:0007097;GO:0005654;GO:0005737;GO:0051642;GO:0030018;GO:0005925;GO:0003779;GO:0031022;GO:1902017;GO:0031258;GO:0016021;GO:0070062;GO:0021817;GO:0045111;GO:0005640;GO:0034993;GO:0031965;GO:0005635;GO:0031527;GO:0030335;GO:0031981;GO:0051015;GO:0016529;GO:0140444
B8EJT3	GO:0006096;GO:0005576;GO:0009986;GO:0000015;GO:0004634;GO:0000287
Q9JU46	GO:0006096;GO:0005576;GO:0009986;GO:0000015;GO:0004634;GO:0000287
Q082Q2	GO:0042744;GO:0004096;GO:0046872;GO:0006979;GO:0020037
Q92KZ3	GO:0033712
Q03AK4	GO:0006096;GO:0005576;GO:0009986;GO:0000015;GO:0004634;GO:0000287
P31814	GO:0006351;GO:0003899;GO:0032549;GO:0003677;GO:0008270
P0DKH5	GO:0042802;GO:0003700;GO:0005634;GO:0006952;GO:0043565;GO:0005737;GO:0005524;GO:0043531
Q8TD19	GO:0051301;GO:0005634;GO:0019901;GO:0007077;GO:0005524;GO:0046872;GO:0005829;GO:0004674
O93723	GO:0051301;GO:0007049;GO:0003910;GO:0006273;GO:0003677;GO:0051103;GO:0005737;GO:0006310;GO:0006266;GO:0005524;GO:0046872;GO:0071897
Q81ZW1	GO:0008152;GO:0047388;GO:0008882;GO:0000820;GO:0005524;GO:0000287
Q499U2	GO:0007015;GO:0006909;GO:0006915;GO:0048365;GO:0048870;GO:0017124;GO:0005737;GO:0016477
O35375	GO:0042802;GO:0048846;GO:0007507;GO:0021828;GO:0098978;GO:0001755;GO:0021612;GO:0030424;GO:0021675;GO:0001764;GO:0001525;GO:1904835;GO:0097490;GO:1901166;GO:0003148;GO:0005886;GO:0016021;GO:0097374;GO:0005021;GO:0017154;GO:0008201;GO:1902285;GO:0097491;GO:0007411;GO:0061551;GO:0050919;GO:0099175;GO:0061549;GO:1903375;GO:1990830;GO:0036486;GO:0046872;GO:0021649
Q4WXV6	GO:0005681;GO:0005634;GO:0045131;GO:0003729;GO:0000398;GO:0008270;GO:0000381
Q5RCP1	
Q9V3J1	GO:0033227;GO:0046961;GO:0033181;GO:1902600;GO:0008340;GO:0000221
B7K5R5	GO:0051539;GO:0046429;GO:0019288;GO:0005506;GO:0016114
Q9R2W4	GO:0009405;GO:0005886;GO:0005524
Q9UAE6	GO:0006096;GO:0000287;GO:0000015;GO:0004634
O00534	GO:0005654
Q6B4Z3	GO:0003682;GO:0000978;GO:0071558;GO:0051213;GO:0000790;GO:0005634;GO:0043565;GO:0046872;GO:0031490;GO:0044666;GO:0010468
O46567	GO:0006325;GO:0003700;GO:0005819;GO:0005815;GO:0005739;GO:0005634;GO:0071385;GO:1990239;GO:0004883;GO:0043565;GO:0005737;GO:0016607;GO:0008270;GO:0071383;GO:0045944;GO:0004879;GO:0005496
Q8R4V4	GO:0016055;GO:0006518;GO:0031012;GO:0004181;GO:0016485;GO:0008270;GO:0005615
B8HD15	GO:0006351;GO:0003899;GO:0003677;GO:0008270;GO:0000287
Q0C441	GO:0005525;GO:0042254
B1I3R5	GO:0004017;GO:0005737;GO:0008270;GO:0005524;GO:0044209
P52439	GO:0003677;GO:0030337;GO:0019079;GO:0006260
Q2RQV3	GO:0003677;GO:0006351;GO:0032549;GO:0003899
D5DVF4	GO:0006007;GO:0006096;GO:0030435;GO:0005737;GO:0030145;GO:0046537
P41558	GO:0003677;GO:0006351;GO:0032549;GO:0003899
O02833	GO:0007155;GO:0005615
Q0E3X4	GO:0005681;GO:0003724;GO:0005524;GO:0000398;GO:0003723;GO:0008270
Q4HWE2	GO:0004534;GO:0003676;GO:0005634;GO:0006397;GO:0006364;GO:0008270;GO:0006353
B2VG22	GO:0003684;GO:0030983;GO:0005524;GO:0006298
A8GNW1	GO:0005525;GO:0003924;GO:0005737;GO:0003743
Q8RXN5	GO:0051539;GO:0010181;GO:0005739;GO:0055114;GO:0031591;GO:0046872;GO:0102521
Q7VIH4	GO:0006096;GO:0005576;GO:0009986;GO:0000015;GO:0004634;GO:0000287
A4D0V7	GO:0005783
Q8Y510	GO:0051539;GO:0033202;GO:0043138;GO:0000724;GO:0006281;GO:0005524;GO:0046872;GO:0005829;GO:0000725;GO:0003690;GO:0008409
Q8GJ00	GO:0042026;GO:0005737;GO:0051082;GO:0005524
Q03674	GO:0004622;GO:0004623;GO:0005576;GO:0046475;GO:0071944;GO:0102545;GO:0031225;GO:0006650;GO:0005886;GO:0009277;GO:0043231;GO:0005829
Q9CY73	GO:0030422;GO:0003725;GO:0005739;GO:0005634;GO:0005762;GO:0070125;GO:0006396;GO:0005654;GO:0031053;GO:0005886;GO:0031054;GO:0004525
Q6GAG0	GO:0009253;GO:0005576;GO:0033925;GO:0008745;GO:0071555;GO:0004040
Q2T1V2	GO:0008360;GO:0009252;GO:0000902;GO:0009103;GO:0006048;GO:0003977;GO:0071555;GO:0005737;GO:0000287;GO:0009245;GO:0019134
P0A370	GO:0009405;GO:0090729;GO:0005102;GO:0030435
P55038	GO:0051538;GO:0097054;GO:0016041;GO:0046872;GO:0006541
Q65R09	GO:0006072;GO:0019563;GO:0052591
Q91WD7	GO:0005634;GO:0007019;GO:0001726;GO:0005737;GO:0007080;GO:0070507;GO:0061673;GO:0003779;GO:0005815;GO:0005524;GO:0015630;GO:0005871;GO:0005828;GO:0051010;GO:0008017;GO:0008574;GO:0016887;GO:0000070;GO:0007018;GO:0007140;GO:0003777;GO:0005874;GO:1990023;GO:0072520;GO:0000776;GO:0005901;GO:0070463;GO:0015031
Q5W274	GO:0042626;GO:0005524;GO:0016021
B2SU53	GO:0005576;GO:0042025;GO:0034053;GO:0003677;GO:0009405
F5HE12	GO:0042025;GO:0039695;GO:0019033
Q8H1R3	GO:0016413;GO:0005794;GO:0016021
P26809	GO:0004190;GO:0015074;GO:0003964;GO:0044185;GO:0044826;GO:0039657;GO:0003723;GO:0046718;GO:0072494;GO:0075713;GO:0039660;GO:0019068;GO:0020002;GO:0003887;GO:0003677;GO:0004523;GO:0019013;GO:0006310;GO:0016020;GO:0008270
Q0B1U4	GO:0015614;GO:0005886;GO:0016887;GO:0005524
B1ICY0	GO:0000287;GO:0008966;GO:0005975
Q11HC8	GO:0004828;GO:0016260;GO:0097056;GO:0006434;GO:0005737;GO:0005524
Q8TAU3	GO:0000978;GO:0006357;GO:0005634;GO:0000981;GO:0046872
Q8DVV4	GO:0003924;GO:0003746;GO:0005737;GO:0005525
P51240	GO:0016226;GO:0009507
Q94F40	GO:0016042;GO:0005576;GO:0016788;GO:0005618
Q97PS1	GO:0008360;GO:0009252;GO:0007049;GO:0051301;GO:0047482;GO:0071555;GO:0005737;GO:0005524;GO:0000287
Q5NZ69	GO:0006096;GO:0005576;GO:0009986;GO:0000015;GO:0004634;GO:0000287
A2BWL7	GO:0004823;GO:0006429;GO:0002161;GO:0005737;GO:0005524
Q9VLT5	GO:0006511;GO:0007291;GO:0005813;GO:0032436;GO:0005516;GO:0007601;GO:0005654;GO:0042066;GO:0050896;GO:0004842;GO:0070373;GO:0043186;GO:0042065;GO:0061630;GO:0008270;GO:0005829
Q8BWA8	GO:0042060;GO:0090630;GO:0032956;GO:0005089;GO:0043547;GO:0005096
Q63QF1	GO:0006782;GO:0050661;GO:0008883
Q04JI8	GO:0000287;GO:0008966;GO:0005975
A2BYL1	GO:0003677;GO:0006351;GO:0032549;GO:0003899
A5IS30	GO:0016887;GO:0004519;GO:0045910;GO:0005524;GO:0006298;GO:0030983
Q0ULF5	GO:0005789;GO:0090110;GO:0000139;GO:0030127;GO:0006886;GO:0070971;GO:0090114;GO:0005198;GO:0006888;GO:0007029
Q9WVL6	GO:0046872;GO:0005789;GO:0030307;GO:0001888;GO:0016020;GO:0005794;GO:0016757;GO:0005783;GO:0016021;GO:0015012;GO:0006486
B1GYL7	GO:0006096;GO:0005576;GO:0009986;GO:0000015;GO:0004634;GO:0000287
Q12630	GO:0004802;GO:0046872
B5ZMH5	GO:0006457;GO:0051301;GO:0007049;GO:0005737;GO:0003755;GO:0015031
P0A7B1	GO:0046872;GO:0006799;GO:0006757;GO:0043751;GO:0008976;GO:0005886;GO:0009358;GO:0016778;GO:0005524;GO:0046777;GO:0031241;GO:0005829;GO:0016776
Q9UZD7	GO:0006196;GO:0015977;GO:0016984;GO:0016491;GO:0000287
P12823	GO:0039694;GO:0003725;GO:0039502;GO:0042025;GO:0019031;GO:0039564;GO:0004483;GO:0075512;GO:0005198;GO:0005576;GO:0044220;GO:0004482;GO:0039707;GO:0005524;GO:0016021;GO:0019028;GO:0039545;GO:0005216;GO:0003724;GO:0033650;GO:0003968;GO:0039654;GO:0044385;GO:0039574;GO:0055036;GO:0051259;GO:0046983;GO:0044167;GO:0046872;GO:0039520;GO:0019062;GO:0004252
E7KIA3	GO:0005759;GO:0005743;GO:0004326;GO:0006730;GO:0005524;GO:0046872
C1CCK0	GO:0030956;GO:0016787;GO:0050567;GO:0005524;GO:0006412
A8AWG9	GO:0009380;GO:0009432;GO:0003677;GO:0006289;GO:0005737;GO:0009381
P57446	GO:0006400;GO:0016705
Q8H0U4	GO:0005634;GO:0008139;GO:0008536;GO:0051170;GO:0005654;GO:0006606;GO:0005737;GO:0035280;GO:0005829;GO:0061608
E1BPK6	GO:0042491;GO:0042995;GO:0005634;GO:0005516;GO:0000146;GO:0001726;GO:0005737;GO:0005794;GO:0015629;GO:0030139;GO:0030050;GO:0030175;GO:0005886;GO:0016020;GO:0005524;GO:0005829;GO:0016459;GO:0007015;GO:0032587;GO:0005905;GO:0030898;GO:0042472;GO:0007605;GO:0005902;GO:0048471;GO:0031982;GO:0030136;GO:0051015;GO:0006897;GO:0015031
Q8Y3L4	GO:0009405;GO:0005576;GO:0007155;GO:0005618
Q73N90	GO:0051539;GO:0046429;GO:0019288;GO:0005506;GO:0016114
A0JJU1	GO:0016874;GO:0016491;GO:0032259;GO:0016746;GO:0008168;GO:0031177
Q5N1J4	GO:0006457;GO:0051082;GO:0005524
P35355	GO:1990776;GO:0001516;GO:0033138;GO:0031915;GO:0008217;GO:0045907;GO:0008285;GO:0150077;GO:0032496;GO:0071260;GO:0043066;GO:0005737;GO:0007612;GO:0031394;GO:0019233;GO:0042803;GO:0051384;GO:0090271;GO:0050873;GO:0090362;GO:0051926;GO:0019899;GO:0045986;GO:0048661;GO:0090050;GO:0001525;GO:0010942;GO:0004601;GO:0030728;GO:0042633;GO:0043065;GO:0009750;GO:0034605;GO:0004666;GO:0051968;GO:0032227;GO:0071471;GO:0007566;GO:0032991;GO:0070542;GO:0071636;GO:0010575;GO:0097756;GO:0042127;GO:1902219;GO:0031622;GO:0032355;GO:0016702;GO:0035633;GO:0010243;GO:0005637;GO:0005789;GO:0005640;GO:0033280;GO:0007613;GO:0006954;GO:0090336;GO:0008284;GO:0014070;GO:0034097;GO:0045429;GO:0043005;GO:0007568;GO:0043154;GO:0009314;GO:0020037;GO:0034612;GO:0045987;GO:0010226;GO:0042307;GO:0071318;GO:0010033;GO:0045786;GO:0071456;GO:0034644;GO:0071284;GO:0071498;GO:0030282;GO:0042493;GO:0046872;GO:0006979;GO:0046697;GO:0010042;GO:0019371
P20007	GO:0006090;GO:0005739;GO:0019543;GO:0004613;GO:0006094;GO:0046327;GO:0033993;GO:0030145;GO:0071333;GO:0005525;GO:0005829;GO:0042594
Q9HCL3	GO:0000978;GO:0006357;GO:0001835;GO:0046872;GO:0005634;GO:0000981
Q01VB1	GO:0003677;GO:0006351;GO:0032549;GO:0003899
Q9X764	GO:0005525;GO:0003924;GO:0005737;GO:0003743
Q1BSB3	GO:0006782;GO:0050661;GO:0008883
Q7XU27	GO:0009908;GO:0046872;GO:0051301;GO:0010389;GO:0033523;GO:0005739;GO:0005634;GO:0051781;GO:0010228;GO:0010390;GO:0042803;GO:0009817;GO:0004842;GO:0009965;GO:0010162
P30205	GO:0005044;GO:0005576;GO:0009897
Q0BWB5	GO:0004823;GO:0006429;GO:0002161;GO:0005737;GO:0005524
A0Q1R4	GO:0006457;GO:0051082;GO:0005524
B3PK30	GO:0003677;GO:0006351;GO:0032549;GO:0003899
B1J0Z5	GO:0080030
Q941L0	GO:0005768;GO:0046872;GO:0009506;GO:0005802;GO:0016760;GO:0009833;GO:0006952;GO:0016759;GO:0071555;GO:0005886;GO:0005794;GO:0009834;GO:0030244;GO:0016021
A4XPW1	GO:0051539;GO:0016830;GO:0009229;GO:0009228;GO:0008270
Q3MHX3	GO:0035198;GO:0030332;GO:0005634;GO:0045292;GO:0005654;GO:0005737;GO:0003723;GO:0046822;GO:0046685;GO:0010494;GO:0002192;GO:0043153;GO:0003729;GO:0097158;GO:0016607;GO:0005829;GO:0097167;GO:0002190;GO:0045947;GO:0005730;GO:0097157;GO:0032055;GO:0030154;GO:0051149;GO:0035278;GO:0036002;GO:0017148;GO:0008270;GO:0003730;GO:0000381
B1YKI7	GO:0006094;GO:0006096;GO:0005737;GO:0004347
Q83034	GO:0039694;GO:0006351;GO:0005198;GO:0004197;GO:0003968;GO:0003724;GO:0033644;GO:0005524;GO:0016021;GO:0003723;GO:0019028
Q3AZA4	GO:0003677;GO:0006351;GO:0032549;GO:0003899
P25241	GO:0015668;GO:0009307;GO:0003677;GO:0005524;GO:0004386
G5ED39	GO:0005813;GO:0005819;GO:0017157;GO:0072687;GO:0005634;GO:0030496;GO:0040012;GO:0040038;GO:0016485;GO:0004197;GO:0005737;GO:0000794;GO:0051307;GO:0005694;GO:0070090;GO:0060471;GO:0060473;GO:0005635;GO:0034613;GO:0061062;GO:0072686;GO:0032154;GO:0048609;GO:0051306;GO:0000281;GO:0030703;GO:0005938;GO:0009949;GO:0030997
A8HYF7	GO:0034605;GO:0004176;GO:0043565;GO:0005737;GO:0005524;GO:0006515;GO:0004252
Q1RJQ6	GO:0003755
P11531	GO:0030054;GO:0045211;GO:0046716;GO:0007519;GO:0030672;GO:0060857;GO:0060314;GO:1901385;GO:0001954;GO:0045666;GO:0009414;GO:0009986;GO:0014809;GO:0035994;GO:0043043;GO:0097449;GO:0021629;GO:0007517;GO:0086001;GO:0008065;GO:0007568;GO:0042383;GO:0048471;GO:0043403;GO:0045213;GO:0002027;GO:0010880;GO:0044306;GO:0048747;GO:1902083;GO:0005178;GO:0010881;GO:0042391;GO:0043034;GO:0032991;GO:0010468;GO:0030165;GO:0005634;GO:0014894;GO:0045121;GO:0030027;GO:0030141;GO:0005794;GO:0050998;GO:0030018;GO:0006355;GO:0099617;GO:0014904;GO:0002162;GO:0030424;GO:0010976;GO:0045202;GO:0005521;GO:2000651;GO:0003779;GO:0051647;GO:0030175;GO:0043025;GO:0005886;GO:0014819;GO:0017022;GO:0090287;GO:0021987;GO:0005741;GO:0008284;GO:0030055;GO:0017166;GO:0034613;GO:0014069;GO:0031527;GO:0045665;GO:0070373;GO:0034622;GO:0005883;GO:0060048;GO:0033137;GO:0005840;GO:0051726;GO:0008270;GO:0008307;GO:0048812;GO:0016010
Q9T0J9	GO:0010333;GO:0005777;GO:0051762;GO:0052683;GO:0016106;GO:0009611;GO:0000287;GO:0009975;GO:0045338
B2SZ26	GO:0006782;GO:0050661;GO:0008883
P33924	GO:0016021;GO:0009279
P35221	GO:0042802;GO:0030054;GO:0090136;GO:2000146;GO:0007163;GO:0045880;GO:0071681;GO:0008584;GO:0016264;GO:0030027;GO:0043627;GO:0008013;GO:0005198;GO:0005915;GO:0003723;GO:0015629;GO:0005911;GO:0045296;GO:0034332;GO:0005925;GO:0016600;GO:0005886;GO:0031103;GO:0005829;GO:0016342;GO:0043231;GO:0043297;GO:2001241;GO:0045295;GO:0001541;GO:0014704;GO:2001240;GO:0017166;GO:0034613;GO:0007568;GO:0001669;GO:0042475;GO:0051149;GO:0007155;GO:0007406;GO:0051015;GO:2001045
Q975H5	GO:0003924;GO:0003746;GO:0005737;GO:0005525
P0C6B8	GO:0036303;GO:0003682;GO:0003017;GO:0001945;GO:0005509;GO:0010467;GO:0008544;GO:0005634;GO:0007155;GO:0005737;GO:0016020;GO:0005615;GO:0120193;GO:0048014
P55266	GO:0003725;GO:0030218;GO:0005634;GO:0045071;GO:0035196;GO:0043066;GO:0001701;GO:0002244;GO:0005737;GO:0003726;GO:0044387;GO:1900369;GO:0098586;GO:0006396;GO:0016607;GO:0035455;GO:0016553;GO:0006382;GO:0046872;GO:0001649;GO:0008251;GO:0006397;GO:0005730;GO:0009615;GO:0006606;GO:0060216;GO:0006611;GO:0051607;GO:0060339;GO:0044530;GO:0003677;GO:0061484;GO:0035280;GO:0031054;GO:0002566;GO:0045087;GO:0045070
Q14593	GO:0000978;GO:0046872;GO:0006355;GO:0005634;GO:0000981
P97393	GO:0003924;GO:0002053;GO:0042169;GO:0008361;GO:0007165;GO:0030879;GO:0005886;GO:0005783;GO:0005525;GO:0005829;GO:0030335;GO:0005096
Q8T7K0	GO:0005768;GO:0045881;GO:0031286;GO:0009653;GO:0005737;GO:0007275;GO:0030659
Q8FF70	GO:0006799;GO:0008976;GO:0009358;GO:0005524;GO:0046872
Q5RHP9	
Q14980	GO:0030953;GO:0005819;GO:0099738;GO:0051301;GO:0051984;GO:0030513;GO:0016328;GO:0005654;GO:0051798;GO:0000139;GO:0070840;GO:0035091;GO:0006997;GO:0008022;GO:0030425;GO:0005829;GO:1905720;GO:0032388;GO:0034499;GO:0055028;GO:0005876;GO:0001578;GO:0072686;GO:0097427;GO:0070861;GO:0019904;GO:0044877;GO:1990023;GO:0000132;GO:0031116;GO:1905832;GO:0060236;GO:0032991;GO:0005813;GO:0055048;GO:1904778;GO:0031023;GO:0005634;GO:0000922;GO:0035371;GO:0007059;GO:0005794;GO:0036449;GO:0005198;GO:0071955;GO:0045618;GO:1902846;GO:0061673;GO:0051011;GO:0016363;GO:0043025;GO:0005694;GO:0051010;GO:0019897;GO:0008017;GO:0070062;GO:0097718;GO:0097575;GO:0015631;GO:0090235;GO:0031616;GO:0090161;GO:0097431;GO:0006622;GO:0005938;GO:1905820;GO:0034067;GO:0051321;GO:1902365
Q6AXZ5	GO:0006457;GO:0016324;GO:0046872;GO:0044183;GO:1905505;GO:0003341;GO:0060090;GO:0036159;GO:0036158;GO:0005737;GO:0061512;GO:0034451;GO:0044458
Q8TGB2	GO:0030447;GO:0036170;GO:0036180;GO:0051267;GO:0030176;GO:0009405;GO:0009267;GO:0006506;GO:0006505
Q45738	GO:0009405;GO:0090729;GO:0005102;GO:0030435
Q0C0D1	GO:0042744;GO:0004096;GO:0046872;GO:0006979;GO:0020037
A1WYZ7	GO:0004823;GO:0006429;GO:0002161;GO:0005737;GO:0005524
F6YVB9	GO:0001217;GO:0005634;GO:0000981;GO:0008285;GO:0090575;GO:0000122;GO:0032466;GO:0000978;GO:2000134;GO:0070365;GO:0030330;GO:0060718;GO:0008134;GO:0032877;GO:0043565;GO:0002040;GO:0045944;GO:0071930;GO:0003700;GO:0003677;GO:0051726
A7ZHZ8	GO:0080030
Q1DLC7	GO:0004622;GO:0005789;GO:0102545;GO:0016042;GO:0016021;GO:0046470
Q7V8B5	GO:0102752;GO:0003844;GO:0043169;GO:0005978;GO:0004553
B2FKU9	GO:0008152;GO:0047388;GO:0008882;GO:0000820;GO:0005524;GO:0000287
Q2K2S7	GO:0004823;GO:0006429;GO:0002161;GO:0005737;GO:0005524
A5FQR6	GO:0005525;GO:0003924;GO:0005737;GO:0003743
D3FH24	GO:0006397;GO:0008033;GO:0005737;GO:0006364;GO:0016075;GO:0046872;GO:0019843;GO:0004525
Q9CAE3	GO:0016575;GO:0016491;GO:0010228
E9Q649	GO:0060993;GO:0048872;GO:0000139;GO:0002121;GO:0016021;GO:0042403;GO:0048729;GO:0006486;GO:0003829
Q6ADR6	GO:0006096;GO:0005576;GO:0009986;GO:0000015;GO:0004634;GO:0000287
B3PL12	GO:0000049;GO:0005737;GO:0005524;GO:0004826;GO:0000287;GO:0006432
Q59832	GO:0102752;GO:0003844;GO:0043169;GO:0005737;GO:0005829;GO:0005978;GO:0004553;GO:0005975
Q2LUR5	GO:0016887;GO:0032300;GO:0005524;GO:0006298;GO:0030983
B2I5Z2	GO:0042744;GO:0004096;GO:0046872;GO:0006979;GO:0020037
Q4WV71	GO:0005634;GO:0005730;GO:0003724;GO:0006364;GO:0005524;GO:0003723;GO:0042254
Q99569	GO:0030054;GO:0030155;GO:0005634;GO:0030496;GO:0000922;GO:0005737;GO:0005856;GO:0005911;GO:0045296;GO:0001533;GO:0098609;GO:0005912;GO:0032467;GO:0007267;GO:0005886;GO:0031424;GO:0070268;GO:0043547;GO:0051233;GO:0072686;GO:0014069;GO:0048471;GO:0030057;GO:0009898;GO:0007043
B3F2X6	GO:0003723;GO:0019013;GO:0039616;GO:0039625
B2SFM1	GO:0019464;GO:0008483;GO:0004047
Q57458	GO:0009405;GO:0090729;GO:0005102;GO:0030435
Q5ASE0	GO:0016773;GO:0042732;GO:0005997;GO:0005998;GO:0016310;GO:0005524;GO:0004856;GO:0005829
Q9IAB2	GO:0006351;GO:0045892;GO:0005634;GO:0003714;GO:0046872;GO:0050768;GO:0010977
Q750X2	GO:0005634;GO:0045131;GO:0003729;GO:0000398;GO:0008270;GO:0000381;GO:0000243;GO:0005829
Q6CCT1	GO:0102752;GO:0003844;GO:0043169;GO:0005737;GO:0005978;GO:0004553;GO:0005975
E7Q9C7	GO:0005759;GO:0005743;GO:0004326;GO:0006730;GO:0005524;GO:0046872
P22216	GO:0042326;GO:0008104;GO:0004672;GO:0007049;GO:0005634;GO:0009202;GO:0004713;GO:0006270;GO:0004712;GO:0000077;GO:0006281;GO:1901857;GO:0005524;GO:0003688;GO:0005829;GO:0004674;GO:0006468;GO:0006974
Q9LSQ2	GO:0009651;GO:0005739;GO:0009737;GO:0042775;GO:0006979
Q61115	GO:0048745;GO:0001843;GO:0007224;GO:0021522;GO:0035108;GO:0001701;GO:0045606;GO:0005929;GO:0030326;GO:0005119;GO:0040015;GO:0040008;GO:0032880;GO:0060603;GO:0060037;GO:0001709;GO:0005887;GO:0071397;GO:0051782;GO:0009957;GO:0009887;GO:0009953;GO:0007389;GO:0032526;GO:0048471;GO:0050680;GO:0010157;GO:0021532;GO:0044877;GO:0021997;GO:0030879;GO:0005901;GO:0005113;GO:0060644;GO:0097421;GO:0030332;GO:0007420;GO:0005634;GO:0030496;GO:0061005;GO:0007165;GO:0008285;GO:0016485;GO:0072205;GO:0001841;GO:0010875;GO:0048568;GO:0000122;GO:0005794;GO:0021904;GO:0045893;GO:0042593;GO:0005576;GO:0007346;GO:0044294;GO:0001658;GO:0005886;GO:0009612;GO:0060831;GO:0030850;GO:0072203;GO:0042127;GO:0043231;GO:0032355;GO:0045879;GO:0008158;GO:0061053;GO:0015485;GO:0097108;GO:0035137;GO:0008201;GO:0071679;GO:0043616;GO:0014069;GO:0045668;GO:0072659;GO:0045892;GO:0008544;GO:0003007;GO:0044295;GO:0042493;GO:0043433;GO:0008270;GO:0045177
A6ZP80	GO:0005759;GO:0005743;GO:0004326;GO:0006730;GO:0005524;GO:0046872
Q08FE1	GO:0004652;GO:0006397;GO:0005524
Q5E2P0	GO:0031241;GO:0008360;GO:0009252;GO:0030234
Q491V4	GO:0032259;GO:0009086;GO:0003871;GO:0008270
Q3IFN9	GO:0051539;GO:0016830;GO:0009229;GO:0009228;GO:0008270
Q9VJK8	GO:0035049;GO:0008049;GO:0019010;GO:0006718;GO:0032259
G3J456	GO:0016874;GO:0031177
Q465G4	GO:0006428;GO:0005737;GO:0004822;GO:0005524;GO:0008270;GO:0000049;GO:0002161
Q6FSM8	
B3Q8S3	
B5VSC3	GO:0005759;GO:0005743;GO:0004326;GO:0006730;GO:0005524;GO:0046872
Q82WA8	GO:0009058;GO:0030170;GO:0004069;GO:0005737;GO:0033854
A1UWC8	GO:0006782;GO:0050661;GO:0008883
Q9JZ53	GO:0031240;GO:0005576;GO:0006096;GO:0009986;GO:0000015;GO:0032889;GO:0004634;GO:0002020;GO:0000287
Q8CBY1	GO:0043488;GO:0030054;GO:0000932;GO:0045202;GO:0003729;GO:0017148;GO:0030425;GO:0045727;GO:0001650;GO:0030371;GO:0000289;GO:0005829
Q3YST4	GO:0006351;GO:0003899;GO:0003677;GO:0008270;GO:0000287
P53935	GO:0005737;GO:0009651
G0LET5	GO:0004497;GO:0009405;GO:0016705;GO:0005506;GO:0016021;GO:0020037
O81646	GO:0032259;GO:0009809;GO:0046983;GO:0047763
Q69ZB8	GO:0003676;GO:0035091;GO:0005737;GO:0008270
A1K3Q2	GO:0051539;GO:0016830;GO:0009229;GO:0009228;GO:0008270
B1YJV2	GO:0006782;GO:0050661;GO:0008883
B9DRV0	GO:0003678;GO:0008408;GO:0000724;GO:0005524;GO:0003690
C5BUK5	GO:0000287;GO:0016779;GO:0005524
B9JX56	GO:0003697;GO:0008094;GO:0009432;GO:0006281;GO:0005737;GO:0006310;GO:0005524;GO:0003684
Q3KQV3	GO:0042802;GO:0000978;GO:0006357;GO:0005634;GO:0000981;GO:0046872
O04932	GO:0046524;GO:0005986;GO:0016157
Q4A5S8	GO:0006351;GO:0003899;GO:0003677;GO:0008270;GO:0000287
Q5AUX1	GO:0016788;GO:1900584;GO:1900614;GO:0055114;GO:1900590;GO:1900611;GO:1900815;GO:1900593;GO:0006633;GO:0045461;GO:0019748;GO:0004315;GO:1900557;GO:0031177
E5AV36	GO:0003690
A2ST96	GO:0005524;GO:0005737;GO:0006433;GO:0004827
A5DGH6	GO:0016021
Q5TIE3	GO:0005576
O23169	GO:0003723;GO:0043231;GO:0009451;GO:0008270
Q6ZPS6	GO:0006511;GO:0032436;GO:0046872;GO:0061630;GO:0005737;GO:0031624;GO:0000209;GO:0000151
Q3JN88	GO:0006782;GO:0050661;GO:0008883
P41945	GO:0005576;GO:0052692;GO:0005975
A7HWA4	GO:0003697;GO:0008094;GO:0009432;GO:0006281;GO:0005737;GO:0006310;GO:0005524;GO:0003684
A1R8V3	GO:0006351;GO:0003899;GO:0003677;GO:0008270;GO:0000287
Q8YNW5	GO:0010181;GO:0016491;GO:0046872
B1I6D8	GO:0065002;GO:0005737;GO:0005886;GO:0006605;GO:0017038;GO:0005524;GO:0046872
B9FS33	GO:0005871;GO:0003777;GO:0008017;GO:0005874;GO:0016887;GO:0005524;GO:0007018
P23249	GO:0043186;GO:0000932;GO:0019034;GO:0005634;GO:0035195;GO:0036464;GO:0032574;GO:0061014;GO:0010526;GO:0051607;GO:0035194;GO:0005524;GO:0035279;GO:0003723;GO:0005829;GO:0061158;GO:0150011;GO:0010494
P57075	GO:0070062;GO:0001817;GO:0050860;GO:0005654;GO:0005737;GO:0005794;GO:0005829
B0C0E2	GO:0051539;GO:0006400;GO:0035596;GO:0005737;GO:0046872
Q99MI1	GO:0042147;GO:0005813;GO:0030165;GO:0017137;GO:0007252;GO:0000139;GO:0008385;GO:0005737;GO:0016020;GO:0008021;GO:0036064;GO:0098982;GO:0099635;GO:0014069;GO:0098882;GO:0098831;GO:0015031;GO:0045202
Q59961	GO:0046872;GO:0006265;GO:0003677;GO:0003918;GO:0007059;GO:0005694;GO:0005524
A6ZRZ0	GO:0005737
A8AVE2	GO:0030956;GO:0016787;GO:0050567;GO:0005524;GO:0006412
Q475M4	GO:0003697;GO:0008094;GO:0009432;GO:0006281;GO:0005737;GO:0006310;GO:0005524;GO:0003684
Q00784	GO:0003866;GO:0019631;GO:0003855;GO:0000122;GO:0009423;GO:0004764
Q62835	GO:0008083;GO:0005769;GO:0005813;GO:1902017;GO:0043231;GO:0030030;GO:0036064;GO:0006897;GO:0005096;GO:0015031
B6IRP6	GO:0003677;GO:0006351;GO:0032549;GO:0003899
Q5HHP2	GO:0006007;GO:0006096;GO:0005737;GO:0030145;GO:0046537
Q3Z598	GO:0080030
B5EBX9	GO:0006435;GO:0000049;GO:0004829;GO:0005737;GO:0005524;GO:0046872
A2S1Q1	GO:0009405;GO:0005576
Q8WN22	GO:1902036;GO:0018105;GO:0005634;GO:0048511;GO:0006468;GO:0004674;GO:0006974;GO:2001034;GO:0005524;GO:0045727;GO:0000723;GO:0045621;GO:0001933;GO:0004677;GO:0008630;GO:0034511;GO:0032040;GO:0048660;GO:0070419;GO:0005730;GO:0006303;GO:0045648;GO:0072431;GO:0033152;GO:0042752;GO:0034462;GO:0018107;GO:0003677;GO:1905221;GO:0045087;GO:0000460;GO:0006302
B0UUM5	GO:0003723;GO:0005737;GO:0052915;GO:0070043
C0M7G8	GO:0000049;GO:0005737;GO:0005524;GO:0004826;GO:0000287;GO:0006432
Q53GT1	GO:0007094;GO:0005813;GO:0051301;GO:0005634;GO:0045171;GO:0005737;GO:0005794;GO:0005827;GO:0030307;GO:0071889;GO:0006513;GO:0005829;GO:0043687;GO:0015630;GO:0010507;GO:0005764;GO:0000070;GO:0071233;GO:0072686;GO:0031463;GO:1904263;GO:0043161
Q0R4L2	GO:0033718;GO:0005576;GO:0050660;GO:0005975
Q7P0T8	GO:0006526;GO:0005737;GO:0103045;GO:0004358;GO:0004042
Q88XZ2	GO:0006351;GO:0003899;GO:0003677;GO:0008270;GO:0000287
Q82KE2	GO:0004748;GO:0006260;GO:0050897;GO:0000166;GO:0031419;GO:0071897
Q8L7E3	GO:0006511;GO:0005509;GO:0005768;GO:0005802;GO:0000139;GO:0016021;GO:0061630;GO:0016020;GO:0006896;GO:0017119;GO:0006623
Q8TXB5	GO:0005737;GO:0016149
Q9WUM3	GO:0042802;GO:0034316;GO:2000393;GO:0005737;GO:0030027;GO:0008092;GO:0042060;GO:0031529;GO:0005886;GO:0030036;GO:0036120;GO:0005829;GO:0070528;GO:0071933;GO:0007015;GO:1902463;GO:0071944;GO:0051017;GO:0090135;GO:0048471;GO:0035767;GO:0071672;GO:0044877;GO:0001725;GO:0005884;GO:0016477;GO:2000394;GO:0051015;GO:0031252
A4XHE2	GO:0004817;GO:0005737;GO:0005524;GO:0008270;GO:0006423
Q12TC1	GO:0004814;GO:0004820;GO:0006426;GO:0006420;GO:0005737;GO:0005524
Q9YRB3	GO:0006351;GO:0006396;GO:0003968;GO:0003724;GO:0008174;GO:0005524;GO:0003723
Q8K245	GO:0006914;GO:0005813;GO:0051684;GO:0030496;GO:0032465;GO:0007059;GO:0070418;GO:0005783;GO:0046718;GO:0035493;GO:0000323;GO:0006281;GO:0005770;GO:0000421;GO:0097352;GO:0005764;GO:0017124;GO:0007051;GO:0006890;GO:0007098;GO:0005769;GO:0005768;GO:0045335;GO:0071900;GO:0000775;GO:0097680;GO:0032991;GO:0032801;GO:0000149
Q27ID9	GO:0039702;GO:0020002;GO:0044185;GO:0019013;GO:0016020;GO:0008270;GO:0003723;GO:0072494
Q2IWZ5	GO:0006457;GO:0051301;GO:0007049;GO:0005737;GO:0003755;GO:0015031
P64269	GO:0006007;GO:0006096;GO:0005737;GO:0030145;GO:0046537
Q9H7R0	GO:0006357;GO:0005634;GO:0000981;GO:0046872;GO:0000977
A0A0B7P3V8	GO:0032196;GO:0004190;GO:0015074;GO:0005634;GO:0003964;GO:0003887;GO:0003677;GO:0004523;GO:0005737;GO:0006310;GO:0005524;GO:0046872;GO:0003723
A8AH10	GO:0051539;GO:0005886;GO:0046872;GO:0009055
C0R5B1	GO:0009380;GO:0009432;GO:0003677;GO:0006289;GO:0005737;GO:0009381
Q0T7R0	GO:0080030
Q969R2	GO:0032934;GO:0015485;GO:0015248;GO:0007286;GO:0008289;GO:0005886;GO:0016020;GO:0043231;GO:0097038;GO:0097440;GO:0005829
A8MJY6	GO:0004823;GO:0006429;GO:0002161;GO:0005737;GO:0005524
Q6PFW1	GO:0052724;GO:0032958;GO:0000829;GO:0000832;GO:0006020;GO:0052723;GO:0102092;GO:0000827;GO:0005886;GO:0033857;GO:0005524;GO:0000828;GO:0043647;GO:0005829
Q5FWS6	GO:0030057;GO:0005634;GO:0005737;GO:0005856;GO:0031424;GO:0001533
B7N8H0	GO:0080030
B2FK88	GO:0006096;GO:0005576;GO:0009986;GO:0000015;GO:0004634;GO:0000287
A4WH24	GO:0051301;GO:0007049;GO:0006260;GO:0003910;GO:0003677;GO:0051103;GO:0006310;GO:0005524;GO:0046872;GO:0071897
Q2S4F8	GO:0006096;GO:0005576;GO:0009986;GO:0000015;GO:0004634;GO:0000287
Q05876	GO:0008360;GO:0004672;GO:0001764;GO:0042127;GO:0046872;GO:0050852;GO:0038083;GO:0004715;GO:0004713;GO:0018108;GO:0045121;GO:0030154;GO:0005102;GO:0005524;GO:0015631;GO:0007169;GO:0005829;GO:0030900;GO:0045087;GO:0031234
A5GNH3	GO:0003677;GO:0006351;GO:0032549;GO:0003899
A3NLD4	GO:0009405;GO:0005576
A2RM37	GO:0005525;GO:0003924;GO:0005737;GO:0003743
Q9P2D7	GO:0007288;GO:0005576;GO:0003777;GO:0036126;GO:0036156;GO:0005874;GO:0030286;GO:0060285;GO:0003341;GO:0036159;GO:0003351;GO:0005858;GO:0005930;GO:0005524;GO:0007018;GO:0030317;GO:0008569;GO:0051959;GO:0045505
Q6N3P9	GO:0102752;GO:0003844;GO:0043169;GO:0005978;GO:0004553
Q660M1	GO:0042026;GO:0005737;GO:0051082;GO:0005524
Q63632	GO:1990573;GO:0007268;GO:1902476;GO:0055064;GO:0019901;GO:0055075;GO:0016021;GO:0015379;GO:0006884;GO:0045202
Q8G0I7	GO:0034605;GO:0004176;GO:0043565;GO:0005737;GO:0005524;GO:0006515;GO:0004252
Q8BLN5	GO:0016104;GO:0006695;GO:0000250;GO:0005789;GO:0042300;GO:0016125;GO:0043231;GO:0031647;GO:0006694;GO:0005811
Q61006	GO:0045211;GO:0030165;GO:0042995;GO:0019901;GO:0001934;GO:0006355;GO:0050731;GO:0045202;GO:2000541;GO:0008582;GO:0010629;GO:0043113;GO:0043525;GO:0005886;GO:0007528;GO:0016020;GO:0005524;GO:0031594;GO:0046777;GO:0051602;GO:0005887;GO:0038062;GO:0010628;GO:0032224;GO:0007613;GO:0004713;GO:0007275;GO:0007169;GO:0030154;GO:0009897;GO:0060291;GO:0004714;GO:0005518;GO:0033674;GO:1904395;GO:0046872;GO:0045887;GO:0043235;GO:0071340
P05399	GO:0042025;GO:0003676;GO:0075732;GO:0039620;GO:0008270;GO:0005198;GO:0046718
Q9BYH1	GO:0005789;GO:0021680;GO:0043025;GO:0060074;GO:0016021;GO:0090036;GO:0008344
Q0RBC4	GO:0006457;GO:0051082;GO:0005524
P32327	GO:0006090;GO:0006094;GO:0005737;GO:0005524;GO:0046872;GO:0004736;GO:0005829;GO:0009374
Q98N66	GO:0003677;GO:0006351;GO:0032549;GO:0003899
A8GP42	GO:0065002;GO:0006605;GO:0005737;GO:0005886;GO:0017038;GO:0005524;GO:0046872
A6X0E8	GO:0003697;GO:0008094;GO:0009432;GO:0006281;GO:0005737;GO:0006310;GO:0005524;GO:0003684
B5DF21	GO:0043488;GO:0000932;GO:0003729;GO:0017148;GO:0030425;GO:0045727;GO:0030371;GO:0000289;GO:0045202
O97159	GO:0007283;GO:0005634;GO:0042766;GO:0000122;GO:0070615;GO:0006357;GO:0043044;GO:0030261;GO:0005524;GO:0005829;GO:0003682;GO:0016581;GO:0071923;GO:0016887;GO:0051276;GO:0005700;GO:0003678;GO:0045892;GO:0003677;GO:0008270;GO:0035327;GO:0031491;GO:0051312
Q15751	GO:0021702;GO:0050885;GO:0010507;GO:0005737;GO:0016020;GO:0005794;GO:0005086;GO:0005829;GO:0004842;GO:0031175
Q9JLI7	GO:0007288;GO:0005576;GO:0051301;GO:0005874;GO:0043149;GO:0046847;GO:1990716;GO:0097228;GO:0003351;GO:0005930;GO:0010761;GO:0030317;GO:0006931;GO:0015630;GO:1905515
P54758	GO:0004714;GO:0033674;GO:0005005;GO:0043235;GO:0007275;GO:0005524;GO:0007411;GO:0007169;GO:0043005;GO:0005887
Q8RA32	GO:0008408;GO:0003677;GO:0003887;GO:0005737;GO:0006261
B0RU88	GO:0006351;GO:0003899;GO:0003677;GO:0008270;GO:0000287
P0ABZ6	GO:0006457;GO:0051082;GO:0061077;GO:0030288;GO:0050821;GO:0042277;GO:0043165;GO:0003755;GO:0060274
Q0I4C6	GO:0003723;GO:0005737;GO:0052915;GO:0070043
A3NE23	GO:0006782;GO:0050661;GO:0008883
Q03936	GO:0003700;GO:0000978;GO:0005634;GO:0000981;GO:0008270;GO:0006355
Q39T27	GO:0006096;GO:0005576;GO:0009986;GO:0000015;GO:0004634;GO:0000287
Q1AVD3	GO:0016887;GO:0005886;GO:0015611;GO:0005524
A5FN12	GO:0006096;GO:0005576;GO:0009986;GO:0000015;GO:0004634;GO:0000287
O75602	GO:0007286;GO:0005874;GO:0005634;GO:0097228;GO:0005930;GO:0030030;GO:0015630
Q2FZK7	GO:0009253;GO:0005576;GO:0033925;GO:0008745;GO:0071555;GO:0004040
A2YQ76	GO:0000287;GO:0004737;GO:0030976
A1CB55	GO:0005730;GO:0003724;GO:0006364;GO:0005524;GO:0003723
Q9VPB1	GO:0016021
Q2K813	GO:0019464;GO:0004375
Q9BXT6	GO:0043186;GO:0007141;GO:0007283;GO:0007281;GO:0034587;GO:0003724;GO:0043046;GO:0007275;GO:0035194;GO:0005524;GO:0071546;GO:0003723;GO:0000287;GO:0005829
P73098	GO:0006457;GO:0051082;GO:0005524
Q04575	GO:0039694;GO:0006351;GO:0016491;GO:0006396;GO:0003968;GO:0003724;GO:0008174;GO:0005524;GO:0003723
Q60759	GO:0005759;GO:0046949;GO:0004361;GO:0005743;GO:0005739;GO:0000062;GO:0019395;GO:0006637;GO:0050660;GO:0033539;GO:0006568
Q6ZWQ0	GO:0005739;GO:0005634;GO:0007163;GO:0033017;GO:0007097;GO:0005654;GO:0005737;GO:0051642;GO:0010761;GO:0030018;GO:0005925;GO:0003779;GO:0031022;GO:1902017;GO:0031258;GO:0016021;GO:0021817;GO:0045111;GO:0005640;GO:0034504;GO:0034993;GO:0031965;GO:0005635;GO:0031527;GO:0030335;GO:0031981;GO:0006998;GO:0051015;GO:0016529;GO:0140444
P59569	GO:0003924;GO:0006400;GO:0005737;GO:0046872;GO:0005525
A0A317VEE1	GO:0016874;GO:0031177
Q5RFL4	GO:0005739;GO:0000407;GO:0005789;GO:1990462;GO:0140042;GO:0005794;GO:0005783;GO:0046872;GO:0005795;GO:0010923;GO:0005811
Q6GIL5	GO:0006007;GO:0006096;GO:0005737;GO:0030145;GO:0046537
O00548	GO:0030155;GO:0035265;GO:0008217;GO:0097102;GO:0008285;GO:0030097;GO:0045121;GO:0005112;GO:0072014;GO:1900746;GO:0031410;GO:0007219;GO:0021510;GO:0032693;GO:0045596;GO:0097009;GO:0014002;GO:0070986;GO:0072583;GO:0005576;GO:0040008;GO:0005912;GO:0045807;GO:0048839;GO:0005886;GO:0072006;GO:0030957;GO:0045638;GO:0014807;GO:0097150;GO:0001947;GO:0001709;GO:0021688;GO:0005887;GO:0034351;GO:2000726;GO:0048633;GO:0005509;GO:0097110;GO:0050767;GO:0045608;GO:0098773;GO:0051302;GO:0060041;GO:0001757;GO:0008284;GO:0009954;GO:0030154;GO:0048665;GO:0045605;GO:0001756;GO:0045944;GO:0007386;GO:0045665;GO:0003323;GO:0007368;GO:0016324;GO:0045746;GO:0045747;GO:0060853;GO:0030857;GO:0045662;GO:1903672;GO:0002315;GO:0046331;GO:0048631;GO:0060042;GO:0072070;GO:0048630;GO:0021693
Q32ZD7	GO:0039694;GO:0046872;GO:0003725;GO:0039502;GO:0042025;GO:0019031;GO:0039564;GO:0004483;GO:0075512;GO:0003724;GO:0019062;GO:0005198;GO:0003968;GO:0039654;GO:0005576;GO:0055036;GO:0046983;GO:0044220;GO:0004482;GO:0039563;GO:0044167;GO:0005524;GO:0016021;GO:0039520;GO:0019028;GO:0004252
P08170	GO:0016702;GO:0016165;GO:0005737;GO:0034440;GO:0046872;GO:0031408
Q74MZ1	GO:0046872;GO:0000049;GO:0005737;GO:0005524;GO:0006431;GO:0004825
Q9H2U9	GO:0004222;GO:0008237;GO:0004175;GO:0005886;GO:0016021
P49900	GO:0004053;GO:0046872;GO:0000050;GO:0006525
Q5MK06	GO:0046677;GO:0015562;GO:0008559;GO:0016887;GO:0005524;GO:0005887;GO:1990961
C0R2B0	GO:0006420;GO:0005737;GO:0004814;GO:0005524
Q9XIE2	GO:0009627;GO:0042742;GO:0140426;GO:0005739;GO:0005802;GO:0002239;GO:0009626;GO:0015086;GO:0015691;GO:2000023;GO:0005783;GO:1990748;GO:0010928;GO:0031348;GO:0080147;GO:0009734;GO:0048364;GO:0015562;GO:0009414;GO:0048825;GO:0009737;GO:0002238;GO:0003729;GO:0005886;GO:0009620;GO:0071366;GO:0002240;GO:0005524;GO:0016021;GO:0009733;GO:0005789;GO:0010329;GO:0052544;GO:0140352;GO:0042626;GO:0005774;GO:0055078;GO:0046104;GO:0042344;GO:0050832;GO:0009941;GO:0009651;GO:0002237;GO:0010200;GO:0055085;GO:0009617;GO:0009926;GO:0009817;GO:2000071;GO:0002229;GO:0009507;GO:0009804
P43061	GO:0004056;GO:0042450
Q2W698	GO:0006096;GO:0005576;GO:0009986;GO:0000015;GO:0004634;GO:0000287
B2BNE0	GO:0016787;GO:0019079;GO:0003968;GO:0019013;GO:0000166;GO:0003723
Q6ZN06	GO:0000978;GO:0006357;GO:0005634;GO:0000981;GO:0046872
Q8Z579	GO:0005886;GO:0008484;GO:0016021
Q68EA5	GO:0006357;GO:0005634;GO:0000981;GO:0046872;GO:0000977
Q99KY4	GO:0030332;GO:0005737;GO:0005794;GO:2000179;GO:0004674;GO:0072583;GO:0005925;GO:0061436;GO:0030276;GO:0007030;GO:0005524;GO:0043231;GO:0005829;GO:0048853;GO:0007049;GO:0090160;GO:0035622;GO:0048471;GO:0072659;GO:0007029;GO:0006898;GO:0031982;GO:1905224;GO:0072318;GO:0048468;GO:0034067;GO:0010977;GO:0009913
Q15303	GO:0007507;GO:0045211;GO:0098978;GO:0005739;GO:0005634;GO:2000145;GO:0038128;GO:0007165;GO:0000165;GO:0008285;GO:0005654;GO:0043066;GO:0001934;GO:0014068;GO:0001755;GO:0021889;GO:0042803;GO:0071364;GO:0045893;GO:0045165;GO:0005576;GO:0009925;GO:0043552;GO:0018108;GO:0042531;GO:0005886;GO:0046777;GO:0098982;GO:0005524;GO:0005829;GO:0005887;GO:0005759;GO:0021551;GO:0030334;GO:0000976;GO:0043653;GO:0060045;GO:0005154;GO:0004713;GO:0008284;GO:2001223;GO:0007595;GO:0007275;GO:0007169;GO:0016323;GO:2000010;GO:0004714;GO:0046427;GO:0007399;GO:0033674;GO:0061026;GO:0070374;GO:0009880;GO:0099061;GO:0099056;GO:0016477;GO:0007416;GO:0043235;GO:0060749;GO:0051897;GO:0060644
A0A0A7HMS2	GO:0005634;GO:0003700;GO:0048315;GO:0030435
Q62190	GO:0006909;GO:0009615;GO:0007275;GO:0007169;GO:0019899;GO:0043406;GO:0004714;GO:0009925;GO:0007399;GO:0033674;GO:0016032;GO:0001725;GO:0005886;GO:0016477;GO:0005524;GO:0043235;GO:0045087;GO:0051897;GO:0005887;GO:0005773
B9JFK7	GO:0019464;GO:0004375
Q6FKH1	GO:0005737
Q9BDY9	GO:0035198;GO:0005634;GO:0005654;GO:0005737;GO:0003723;GO:0046822;GO:0046685;GO:0010494;GO:0002192;GO:0043153;GO:0003729;GO:0097158;GO:0016607;GO:0097167;GO:0002190;GO:0045947;GO:0006397;GO:0005730;GO:0008380;GO:0097157;GO:0032055;GO:0030154;GO:0051149;GO:0035278;GO:0036002;GO:0017148;GO:0008270;GO:0003730;GO:0000381
A3M828	GO:0051539;GO:0000049;GO:0005737;GO:0016783;GO:0005524;GO:0000287;GO:0034227
A8Y0L5	GO:0042351;GO:0019673;GO:0005737;GO:0008446
Q030K2	GO:0005525;GO:0003924;GO:0005737;GO:0003743
A7ZWK2	GO:0080030
O35806	GO:0005509;GO:0005576;GO:0097435;GO:0008201;GO:0050436;GO:0007179;GO:0019838
Q9CEW0	GO:0006419;GO:0000049;GO:0005737;GO:0004813;GO:0005524;GO:0008270
P21146	GO:0007507;GO:0018105;GO:0045880;GO:0007213;GO:0045988;GO:0005737;GO:0006468;GO:0046718;GO:0045202;GO:0002031;GO:0007217;GO:0005886;GO:0016020;GO:0003108;GO:0005524;GO:0005829;GO:0007186;GO:0031694;GO:0004672;GO:0031755;GO:0009966;GO:0004703;GO:1903566;GO:1901081;GO:0019079;GO:0060048;GO:0047696;GO:0018107;GO:0006886;GO:0002029
Q2SUG3	GO:0006782;GO:0050661;GO:0008883
F4IBQ9	GO:0008017;GO:0003777;GO:0005874;GO:0005524;GO:0007018
P33747	
Q2H0S9	GO:0005819;GO:0051301;GO:0007049;GO:0005874;GO:0005634;GO:0005737
Q5F3Z9	GO:0043488;GO:0005634;GO:0005737;GO:1900364;GO:0016607;GO:0046872;GO:0003723;GO:0008143
B7IW22	GO:0030170;GO:0005737;GO:0006782;GO:0042286;GO:0008483
Q9NRW7	GO:0016192;GO:0006904;GO:0000139;GO:0006886;GO:0005794;GO:0010008;GO:0016021;GO:0007596
Q8RH47	GO:0006428;GO:0004822;GO:0002161;GO:0000049;GO:0005524;GO:0008270;GO:0005829
Q5HH31	GO:0009253;GO:0005576;GO:0033925;GO:0008745;GO:0071555;GO:0004040
A3P6Z6	GO:0009405;GO:0005576
Q67SW0	GO:0006007;GO:0006096;GO:0005737;GO:0030145;GO:0046537
B7H9S6	GO:0030170;GO:0005737;GO:0006782;GO:0042286;GO:0008483
A8EZ86	GO:0005886;GO:0048038;GO:0051287;GO:0050136
Q0AKU3	GO:0000287;GO:0004775;GO:0005524;GO:0006099
Q8DIC3	GO:0016410;GO:0042158;GO:0005886;GO:0016021
Q2NR08	GO:0004366;GO:0016024;GO:0005886;GO:0102420
A9NF91	GO:0006007;GO:0006096;GO:0005737;GO:0030145;GO:0046537
A1RTK4	GO:0051301;GO:0007049;GO:0006260;GO:0003910;GO:0003677;GO:0051103;GO:0006310;GO:0005524;GO:0046872;GO:0071897
Q4L7Z4	GO:0030170;GO:0019264;GO:0005737;GO:0004372;GO:0035999
Q6ECI4	GO:0000978;GO:0006357;GO:0005634;GO:0000981;GO:0005654;GO:0016604;GO:0046872
Q87VG1	GO:0051539;GO:0016830;GO:0009229;GO:0009228;GO:0008270
B9KA91	GO:0006096;GO:0005576;GO:0009986;GO:0000015;GO:0004634;GO:0000287
A5ULL8	GO:0005737;GO:0016149
Q8VE92	GO:0010628;GO:0005634;GO:0005730;GO:0043153;GO:0003729;GO:0005654;GO:0045292;GO:0006417;GO:0032991;GO:0016607;GO:0008270;GO:0007623;GO:0003723;GO:0000381;GO:0032922;GO:0005829
Q64LC9	GO:0010628;GO:0005634;GO:0005730;GO:0043153;GO:0003729;GO:0045292;GO:0006417;GO:0032991;GO:0016607;GO:0008270;GO:0007623;GO:0003723;GO:0000381;GO:0032922;GO:0005829
P03332	GO:0039702;GO:0020002;GO:0120026;GO:0044185;GO:0019013;GO:0016020;GO:0008270;GO:0003723;GO:0072494;GO:0039660
C5BMR5	GO:0003684;GO:0030983;GO:0005524;GO:0006298
Q6N5L2	GO:0006457;GO:0051301;GO:0007049;GO:0005737;GO:0003755;GO:0015031
F5HEU7	GO:0019068;GO:0019012;GO:0042802;GO:0042025;GO:0019033;GO:0044177;GO:0039701
A1WX29	GO:0016726;GO:0008839;GO:0005737;GO:0050661;GO:0009089;GO:0051287;GO:0019877
B3CNP3	GO:0006096;GO:0005576;GO:0009986;GO:0000015;GO:0004634;GO:0000287
Q47B76	GO:0004831;GO:0005737;GO:0005524;GO:0003723;GO:0006437
Q6VGS5	GO:0042802;GO:0030054;GO:0005813;GO:0031122;GO:0030165;GO:0005737;GO:0090090;GO:0051959;GO:0005109;GO:0001932;GO:0007264;GO:0043621;GO:0031648;GO:0005829;GO:0005085;GO:0003383;GO:0008017;GO:0031098;GO:0035567;GO:0030705;GO:0001965
Q0III9	GO:0006936;GO:1901078;GO:0060349;GO:1904025;GO:0014894;GO:0030018;GO:0031448;GO:0005903;GO:0048743;GO:0014732;GO:0048633;GO:0005509;GO:1903715;GO:0045820;GO:1900159;GO:0014883;GO:0120163;GO:0014728;GO:0051015;GO:0090324;GO:0070885
Q7TNJ2	GO:0033344;GO:0044857;GO:1900223;GO:0010875;GO:0005737;GO:0090554;GO:0090556;GO:0000139;GO:0001891;GO:0009986;GO:0005886;GO:0016020;GO:0034205;GO:0005524;GO:0016021;GO:0045332;GO:0043231;GO:0033700;GO:0045806;GO:1901076;GO:1902995;GO:0034188;GO:0006909;GO:0140328;GO:0032587;GO:0016887;GO:0007613;GO:0034504;GO:0031901;GO:0042985;GO:0150094;GO:1902991;GO:0038027;GO:0042626;GO:0034380;GO:1902430;GO:0005319;GO:0016324;GO:0070374;GO:0006869;GO:0050766;GO:0005548;GO:0097386;GO:2000010;GO:0018149
Q9UF33	GO:0004714;GO:0033674;GO:0048013;GO:0005005;GO:0005654;GO:0043235;GO:0005886;GO:0007275;GO:0005524;GO:0007411;GO:0007169;GO:0043005;GO:0005887
Q9LE59	GO:0005768;GO:0047262;GO:0005802;GO:0000139;GO:0016021;GO:0005794;GO:0010289;GO:0005797
B9JDS1	GO:0003677;GO:0006351;GO:0032549;GO:0003899
Q6HNS8	GO:0030170;GO:0005737;GO:0006782;GO:0042286;GO:0008483
Q8PE50	GO:0009313;GO:0004556;GO:0016758;GO:0030979
Q96JL9	GO:0000978;GO:0006357;GO:0005634;GO:0000981;GO:0046872
Q28677	GO:0140157;GO:0015379;GO:0008519;GO:0016021
Q89AQ0	GO:0000917;GO:0009002;GO:0008360;GO:0009252;GO:0008955;GO:0043093;GO:0071555;GO:0008658;GO:0005887
Q89LK8	GO:0051539;GO:0004160;GO:0009099;GO:0046872;GO:0009097;GO:0016836;GO:0005829
Q97CR6	GO:0008852;GO:0000738;GO:0008408;GO:0003677;GO:0003887;GO:0006261
P40370	GO:0006096;GO:0005634;GO:0061621;GO:0000015;GO:0032889;GO:0004634;GO:0000287;GO:0005829
A6TSM0	GO:0006457;GO:0051082;GO:0005524
Q28MN2	GO:0102752;GO:0003844;GO:0043169;GO:0005978;GO:0004553
A1A143	GO:0006096;GO:0005576;GO:0009986;GO:0000015;GO:0004634;GO:0000287
Q210F9	GO:0009039;GO:0005737;GO:0016151;GO:0043419
Q63120	GO:0071716;GO:0009408;GO:0071356;GO:0097327;GO:0042178;GO:0032496;GO:0071354;GO:1990962;GO:0043627;GO:0016999;GO:0070633;GO:0046618;GO:0046685;GO:1990961;GO:0015694;GO:1901086;GO:0010629;GO:0008559;GO:0038183;GO:0120188;GO:0009986;GO:0016020;GO:0031526;GO:0005524;GO:0042910;GO:0015711;GO:0005887;GO:0032355;GO:1904486;GO:0071222;GO:0050787;GO:0007565;GO:0030644;GO:0015722;GO:0016887;GO:0035690;GO:0006954;GO:0033762;GO:0042626;GO:0008514;GO:0015721;GO:0031427;GO:0071549;GO:0016324;GO:0071347;GO:0006855;GO:0019904;GO:0055085;GO:0070327;GO:0042493;GO:0015732;GO:0046581;GO:0048545;GO:0006979;GO:0010468
A6NAF9	GO:0043186;GO:0070306;GO:0007283;GO:0003729;GO:0002089;GO:0010608;GO:0030719;GO:0035770
Q9HUN6	GO:0051539;GO:0005506;GO:0003824
A0PPN8	GO:0008964;GO:0015977;GO:0006107;GO:0006099;GO:0000287
A1KAV7	GO:0000105;GO:0005737;GO:0004424
Q9WDA6	GO:0039694;GO:0003725;GO:0039502;GO:0042025;GO:0019031;GO:0039564;GO:0004483;GO:0075512;GO:0005198;GO:0005576;GO:0044220;GO:0004482;GO:0039707;GO:0005524;GO:0016021;GO:0019028;GO:0039545;GO:0005216;GO:0003724;GO:0033650;GO:0003968;GO:0039654;GO:0044385;GO:0039574;GO:0055036;GO:0051259;GO:0046983;GO:0044167;GO:0046872;GO:0039520;GO:0019062;GO:0004252
A0T0Q9	GO:0006351;GO:0003899;GO:0005666;GO:0003677;GO:0008270;GO:0009507
Q6MNF8	GO:0006457;GO:0051082;GO:0005524
Q2N8D9	GO:0051539;GO:0016830;GO:0009229;GO:0009228;GO:0008270
Q9GV77	GO:0005509;GO:0007154;GO:0007156;GO:0005886;GO:0007275;GO:0016021
A8MUV8	GO:0000978;GO:0005634;GO:0000981;GO:0006355;GO:0046872
Q8EUI6	GO:0051539;GO:0016114;GO:0005506;GO:0046429;GO:0019288
Q6R2W3	GO:0003676;GO:0015074
Q9UG01	GO:0060173;GO:0031122;GO:0007420;GO:0060348;GO:0001843;GO:0007224;GO:0045880;GO:0016485;GO:0021522;GO:0005929;GO:0007219;GO:1903561;GO:0070986;GO:0060021;GO:0097225;GO:0097228;GO:0005930;GO:0097598;GO:1905515;GO:0001947;GO:0042073;GO:0009953;GO:0060271;GO:0036064;GO:0035735;GO:0050680;GO:0030992;GO:0008544;GO:0097542;GO:0061525
Q3BUT0	GO:0006096;GO:0005576;GO:0009986;GO:0000015;GO:0004634;GO:0000287
C5A2S7	GO:0006096;GO:0005576;GO:0009986;GO:0000015;GO:0004634;GO:0000287
Q58454	GO:0051287;GO:0016616;GO:0016539;GO:0004519
A1WPD7	GO:0005887
Q9BQ04	GO:0010628;GO:0005634;GO:0005730;GO:0043153;GO:0003729;GO:0005654;GO:0045292;GO:0006417;GO:0032991;GO:0016607;GO:0008270;GO:0007623;GO:0003723;GO:0000381;GO:0032922;GO:0005829
Q0SMK4	GO:0042026;GO:0005737;GO:0051082;GO:0005524
B0XZV8	GO:0004622;GO:0102545;GO:0031225;GO:0005886;GO:0009395
Q4JWV0	GO:0006108;GO:0030060;GO:0006099;GO:0005975
O85065	GO:0051539;GO:0003861;GO:0009098;GO:0046872
Q96N58	GO:0000978;GO:0006357;GO:0005634;GO:0000981;GO:0046872
B1XDY2	GO:0080030
B1WYK7	GO:0050567;GO:0005524;GO:0006412
A7H2R6	GO:0004823;GO:0006429;GO:0002161;GO:0005737;GO:0005524
O94759	GO:0042995;GO:0101003;GO:0015278;GO:0070301;GO:2000249;GO:0097028;GO:0098655;GO:0005765;GO:0071502;GO:0099604;GO:0071415;GO:0071277;GO:0005261;GO:0051289;GO:0070821;GO:0072571;GO:0051209;GO:0005886;GO:0043312;GO:0043204;GO:0005887;GO:0001659;GO:0005509;GO:0070588;GO:0006816;GO:0005764;GO:0070838;GO:0097553;GO:0005262;GO:0002407;GO:0035584;GO:0030659;GO:0051489;GO:0098703;GO:0035579;GO:0014074;GO:0005272;GO:0071577
Q73WP9	GO:0051539;GO:0016829;GO:0044689;GO:0046872
A9LZL4	GO:0006096;GO:0005576;GO:0009986;GO:0000015;GO:0004634;GO:0000287
B4RMG4	GO:0051539;GO:0046429;GO:0019288;GO:0005506;GO:0016114
P0CJ79	GO:0000978;GO:0006357;GO:0005634;GO:0000981;GO:0046872
Q86UP2	GO:0019894;GO:0005789;GO:0016021;GO:0030176;GO:0044267;GO:0005788;GO:0016020;GO:0005783;GO:0007018;GO:0003723;GO:0043687;GO:0045296;GO:0005887;GO:0015031
A5PK19	GO:0032259;GO:0008168
P81186	GO:0051539;GO:0050140;GO:0030151;GO:0006777;GO:0008940;GO:0042128;GO:0042597;GO:0043546;GO:0005506;GO:0009055
Q10MN5	GO:0008017;GO:0003777;GO:0005874;GO:0005524;GO:0007018
P27542	GO:0006457;GO:0020003;GO:0051082;GO:0005524
B1KFI8	GO:0042744;GO:0004096;GO:0046872;GO:0006979;GO:0020037
B2UUP2	GO:0046961;GO:0045261;GO:0005886;GO:0005524;GO:0046933
Q6NYX6	GO:0000079;GO:0005813;GO:0016567;GO:0044772;GO:0051301;GO:0019005;GO:0005634;GO:0010826;GO:0005737;GO:0031146;GO:0005814;GO:0000307;GO:0016538
Q1LPH7	GO:0050661;GO:0004324;GO:0050660
P24588	GO:1903078;GO:0005516;GO:0007165;GO:0008179;GO:0045121;GO:0060090;GO:0007194;GO:1900273;GO:0007193;GO:0032590;GO:0034237;GO:0005886;GO:0005829;GO:0043197;GO:0098837;GO:0097110;GO:0017124;GO:0051018;GO:0050811;GO:0014069;GO:0060076;GO:0045762;GO:0035254;GO:0009898;GO:0010738;GO:0031698;GO:0007268;GO:1905751;GO:0030346
B1XKN8	GO:0050567;GO:0005524;GO:0006412
Q9U615	GO:0006096;GO:0000287;GO:0000015;GO:0004634
Q890X9	GO:0009380;GO:0016887;GO:0009432;GO:0003677;GO:0006289;GO:0005737;GO:0009381;GO:0008270;GO:0005524
Q09103	GO:0004143;GO:0043052;GO:0046872;GO:0046834;GO:0007602;GO:0016059;GO:0007205;GO:0007608;GO:0007601;GO:0007605;GO:0035556;GO:0045494;GO:0016020;GO:0046486;GO:0046339;GO:0006661;GO:0006654;GO:0005524;GO:0016056;GO:0003951
Q759K3	GO:0008234
C9K2Q3	GO:0004311;GO:0016829;GO:0046872;GO:0008299
P0C9S3	GO:0042330
Q7MVI0	GO:0006082;GO:0008776;GO:0005737;GO:0005524;GO:0000287;GO:0006085
B6JMX4	GO:0046961;GO:0045261;GO:0005886;GO:0005524;GO:0046933
O12990	GO:0033077;GO:0004715;GO:0035556;GO:0005856;GO:0012505;GO:0016020;GO:0005524;GO:0046872
Q28623	GO:0006936;GO:0005815;GO:0042383;GO:0005737;GO:0016021;GO:0005615
Q07889	GO:0038095;GO:0048514;GO:0001942;GO:0038128;GO:0007165;GO:0000165;GO:0042129;GO:0048011;GO:0061029;GO:0061384;GO:0003209;GO:0005737;GO:1904693;GO:0046982;GO:0007296;GO:2000973;GO:0060021;GO:0051057;GO:0033081;GO:0005088;GO:0001782;GO:0043065;GO:0035264;GO:0043025;GO:0005886;GO:0051056;GO:0005829;GO:0008286;GO:0005096;GO:0007173;GO:0003344;GO:0007186;GO:0005085;GO:0050900;GO:0017124;GO:0007265;GO:0007411;GO:0045742;GO:0014069;GO:0005089;GO:0019221;GO:0003677
Q6F0Y9	GO:0005524;GO:0005737;GO:0006433;GO:0004827
Q74L90	GO:0003924;GO:0003746;GO:0005737;GO:0005525
P16766	GO:0042025;GO:0039695;GO:0019033;GO:0030430
A0RM36	GO:0003677;GO:0046983;GO:0006351;GO:0003899
Q4FV41	GO:0003684;GO:0030983;GO:0005524;GO:0006298
O35923	GO:0042802;GO:0005813;GO:0007283;GO:0010484;GO:0007420;GO:0005634;GO:0010332;GO:0010485;GO:0033600;GO:0042771;GO:0030097;GO:0032465;GO:0006289;GO:0005737;GO:0001556;GO:0030141;GO:0008585;GO:0070200;GO:0006355;GO:0045893;GO:0000784;GO:0006974;GO:0043967;GO:0051298;GO:0031619;GO:0035264;GO:0000724;GO:0043966;GO:0048478;GO:0006310;GO:0008022;GO:0000800;GO:0032355;GO:0006978;GO:0043009;GO:0003697;GO:0043015;GO:0045931;GO:0008630;GO:0007569;GO:0000722;GO:0008283;GO:0051276;GO:0007141;GO:0002020;GO:0033593;GO:0007584;GO:1990426;GO:0010225;GO:0030879;GO:0001833;GO:0032991;GO:0010165;GO:0006302
P75109	GO:0005886;GO:0016021
Q9HDT3	GO:0006096;GO:0000287;GO:0000015;GO:0004634
P58002	GO:0005525;GO:0003924;GO:0005737;GO:0003743
Q9SVH3	
Q3KLW0	GO:0006433;GO:0002161;GO:0005737;GO:0005524;GO:0004827
Q042F4	GO:0006096;GO:0005576;GO:0009986;GO:0000015;GO:0004634;GO:0000287
B5RRF1	GO:0006096;GO:0005576;GO:0009986;GO:0000015;GO:0004634;GO:0000287
P23466	GO:0006171;GO:0035556;GO:0005524;GO:0046872;GO:0016791;GO:0004016
A7H2U1	GO:0030956;GO:0016787;GO:0050567;GO:0005524;GO:0006412
A8F255	GO:0065002;GO:0006605;GO:0005737;GO:0005886;GO:0017038;GO:0005524;GO:0046872
C3PCZ3	GO:0030170;GO:0005737;GO:0006782;GO:0042286;GO:0008483
B7ULF0	GO:0004125;GO:0005737;GO:0001514;GO:0097056
Q65I35	GO:0004834
Q469A3	GO:0008964;GO:0015977;GO:0006107;GO:0006099;GO:0000287
P13196	GO:0042802;GO:0005759;GO:0003870;GO:0001666;GO:0007005;GO:0005739;GO:0030170;GO:0006783;GO:0019216;GO:0042541;GO:0005654;GO:0048821;GO:0006782;GO:0005829
B3PXE3	GO:0005525;GO:0003924;GO:0005737;GO:0003743
Q86UE3	GO:0000978;GO:0006357;GO:0046872;GO:0005634;GO:0000981
B1LWT6	GO:0003697;GO:0008094;GO:0009432;GO:0006281;GO:0005737;GO:0006310;GO:0005524;GO:0003684
Q9KXR6	GO:0006807;GO:0006526;GO:0005737;GO:0044205;GO:0005524;GO:0046872;GO:0006541;GO:0004088
P19174	GO:0038095;GO:0004629;GO:0050852;GO:0042995;GO:0019901;GO:0004435;GO:0007165;GO:0001726;GO:0001701;GO:0005737;GO:0030027;GO:0038096;GO:0071364;GO:0005911;GO:0010634;GO:2000353;GO:0016032;GO:0005886;GO:0008180;GO:0009395;GO:0045766;GO:0005829;GO:0043647;GO:0007173;GO:0005509;GO:0050900;GO:0019722;GO:0007202;GO:0007411;GO:0043536;GO:0051281;GO:0010863;GO:0035254;GO:0030971;GO:1905564;GO:0016477;GO:0005168
Q00160	
Q3KJ20	GO:0051539;GO:0016830;GO:0009229;GO:0009228;GO:0008270
A5GJR7	GO:0102752;GO:0003844;GO:0043169;GO:0005978;GO:0004553
E7E2N8	GO:0019882;GO:0047134;GO:0005576;GO:0005764
Q6FNX1	GO:0005886;GO:0043332;GO:0032220;GO:0016021
A6V1A0	GO:0008964;GO:0015977;GO:0006107;GO:0006099;GO:0000287
A2RRX6	GO:0015030;GO:0007049;GO:0005654;GO:0005737;GO:0097504
Q87XW6	GO:0003684;GO:0030983;GO:0005524;GO:0006298
G0LET7	GO:0009405;GO:0016491;GO:0016746
A9NF93	GO:0006096;GO:0005576;GO:0009986;GO:0000015;GO:0004634;GO:0000287
A3CLF8	GO:0030956;GO:0016787;GO:0050567;GO:0005524;GO:0006412
Q0AKW0	GO:0046961;GO:0045261;GO:0005886;GO:0005524;GO:0046933
Q6LVY0	GO:0051539;GO:0016830;GO:0009229;GO:0009228;GO:0008270
Q65GD2	GO:0000049;GO:0005737;GO:0005524;GO:0004826;GO:0000287;GO:0006432
Q9JKU3	GO:0060173;GO:0007507;GO:0031122;GO:0007420;GO:0005634;GO:0001843;GO:0007224;GO:0045880;GO:0060348;GO:0016485;GO:0021522;GO:0001841;GO:0000122;GO:0005929;GO:0021915;GO:0007219;GO:0008589;GO:0070986;GO:0060021;GO:0097225;GO:0097228;GO:0005930;GO:0097598;GO:1905515;GO:0001947;GO:0008134;GO:0042073;GO:0009953;GO:0060271;GO:0036064;GO:0050680;GO:0007368;GO:0030992;GO:0008544;GO:0061525
Q9UWW6	GO:0046961;GO:0042777;GO:0005886;GO:0033178;GO:0005524;GO:0046933
Q75NY9	GO:0048208;GO:0006914;GO:0005789;GO:0000139;GO:0070973;GO:0012507;GO:0007030;GO:0007031;GO:0070971;GO:0006888;GO:0070863;GO:0007029;GO:0015031
Q91PP5	GO:0039694;GO:0006351;GO:0005198;GO:0004197;GO:0003968;GO:0003724;GO:0033644;GO:0005524;GO:0016021;GO:0003723;GO:0019028
Q5YVJ4	GO:0042744;GO:0004096;GO:0046872;GO:0006979;GO:0020037
Q3AHX5	GO:0003677;GO:0006351;GO:0032549;GO:0003899
Q811B3	GO:1902203;GO:0046872;GO:0050727;GO:0007160;GO:0071356;GO:2001113;GO:0030198;GO:1901509;GO:0004222;GO:0071347;GO:0071773;GO:0031012;GO:0032331;GO:0016477;GO:0030167;GO:0051603;GO:1902548
A6LGR5	GO:0051539;GO:0046429;GO:0019288;GO:0005506;GO:0016114
B5Z8D2	GO:0046961;GO:0045261;GO:0005886;GO:0005524;GO:0046933
P03975	GO:0003676;GO:0016032;GO:0015074;GO:0019863
M0R2J8	GO:0090543;GO:0008017;GO:0007049;GO:0051301;GO:0030496;GO:0030246;GO:0035556;GO:0005737;GO:0072686;GO:0005874;GO:1902412
Q6NXE6	GO:0005829;GO:0002244
Q02KC8	GO:0002098;GO:0016765;GO:0043828
Q58915	GO:0016628;GO:0071949
Q9Z851	GO:0006433;GO:0002161;GO:0005737;GO:0005524;GO:0004827
P19140	GO:0006096;GO:0000015;GO:0004634;GO:0000287;GO:0005212
Q32K41	GO:0006457;GO:0051082;GO:0030288;GO:0050821;GO:0042277;GO:0043165;GO:0003755;GO:0060274
Q0GKD5	GO:0032610;GO:0032611;GO:0019904;GO:0030163;GO:0005634;GO:0006919;GO:0006954;GO:0051402;GO:0005654;GO:1904784;GO:0070269;GO:0061702;GO:0005524;GO:0005829;GO:0045087;GO:0019899;GO:0043280;GO:0072558
A5GDC8	GO:0006457;GO:0051082;GO:0005524
Q76L40	GO:0044165;GO:0039694;GO:0006351;GO:0018144;GO:0004197;GO:0003968;GO:0003724;GO:0033644;GO:0044220;GO:0005524;GO:0016021;GO:0003723
B4SB89	GO:0000049;GO:0005737;GO:0005524;GO:0004826;GO:0000287;GO:0006432
B4U2E8	GO:0000049;GO:0005737;GO:0005524;GO:0004826;GO:0000287;GO:0006432
O88480	GO:0019904;GO:0005634;GO:0006336;GO:0005737;GO:0060548;GO:0014823;GO:0030346;GO:0004864
A0Q585	GO:0019464;GO:0008483;GO:0004047
Q6ZRR7	
P20659	GO:0016573;GO:0042802;GO:0007507;GO:0044665;GO:0003682;GO:0005634;GO:0001654;GO:0042800;GO:0043565;GO:0005700;GO:0008157;GO:0042803;GO:0008354;GO:0008023;GO:0000123;GO:0051568;GO:0045893;GO:0045944;GO:0016571;GO:0003700;GO:0032968;GO:0005704;GO:0043966;GO:0035097;GO:0008270;GO:0007482
Q4QJK8	GO:0004457;GO:0010181;GO:0005886;GO:0019516
Q9ZNT7	GO:0005576;GO:0005747;GO:0005739;GO:0009536;GO:0005774;GO:0016021;GO:0005773;GO:0005618
Q5E841	GO:0010181;GO:0019344;GO:0050660;GO:0000103;GO:0070814;GO:0004783
O60784	GO:0005769;GO:0005768;GO:0035579;GO:0043312;GO:0070062;GO:0007165;GO:0030276;GO:0006886;GO:0005737;GO:0005886;GO:0016020;GO:0035577;GO:0016197;GO:0005829;GO:0006897;GO:0015031
P0DMS1	GO:0005886;GO:0051015
Q14BN4	GO:1902305;GO:0006936;GO:0005815;GO:1900825;GO:1905150;GO:0042383;GO:0072659;GO:0005887;GO:0005790
A2T7F4	GO:0003677;GO:0005634;GO:0046872
Q8YPR3	GO:0051539;GO:0044689;GO:0005506
Q0I7L7	GO:0003677;GO:0006351;GO:0032549;GO:0003899
Q8UN02	GO:0019068;GO:0020002;GO:0005576;GO:0003676;GO:0008270;GO:0016021;GO:0019028
B2AGF3	GO:0051539;GO:0016830;GO:0009229;GO:0009228;GO:0008270
Q8T5T1	GO:0016887;GO:0005730;GO:0005654;GO:0005524;GO:0000027
Q8TS00	GO:0005829;GO:0016149;GO:1990825;GO:0018444
P16474	GO:0051082;GO:0034663;GO:0005634;GO:0006986;GO:0031204;GO:0005737;GO:0005788;GO:0005783;GO:0030968;GO:0042026;GO:0034620;GO:0001300;GO:0030433;GO:0044183;GO:0016020;GO:0051085;GO:0005524;GO:0070972;GO:0031072;GO:0016887;GO:0051787;GO:0034099;GO:0070880;GO:0006616;GO:0000742
P06786	GO:0042802;GO:0009303;GO:0005739;GO:0005634;GO:0031055;GO:0000019;GO:0006333;GO:0000795;GO:0000819;GO:0000712;GO:0005524;GO:0097047;GO:0007131;GO:0097046;GO:0006265;GO:0006271;GO:0090202;GO:0003677;GO:0003918;GO:0046872;GO:0044774
Q7MT71	GO:0051539;GO:0016830;GO:0009229;GO:0009228;GO:0008270
P43753	GO:0006567;GO:0005829;GO:0006006;GO:0008861
A6QGY5	GO:0009405;GO:0016020
A3CLY3	GO:0006419;GO:0000049;GO:0005737;GO:0004813;GO:0005524;GO:0008270
Q7M4T0	GO:0046557;GO:0005576;GO:0016787;GO:0006680;GO:0004348
B1WC15	GO:0003676;GO:0005730;GO:0008270
B7N237	GO:0004125;GO:0005737;GO:0001514;GO:0097056
Q5BGX6	GO:0005634;GO:0005730;GO:0003724;GO:0006364;GO:0005524;GO:0003723;GO:0042254
Q62838	GO:0045211;GO:0030165;GO:0042995;GO:0019901;GO:0001934;GO:0006355;GO:0050731;GO:0045202;GO:2000541;GO:0008582;GO:0010629;GO:0043113;GO:0043525;GO:0005886;GO:0007528;GO:0016020;GO:0005524;GO:0031594;GO:0046777;GO:0051602;GO:0048678;GO:0005887;GO:0038062;GO:0010628;GO:0032224;GO:0007613;GO:0004713;GO:0060041;GO:0007275;GO:0007169;GO:0014850;GO:0030154;GO:0009897;GO:0060291;GO:0090102;GO:0004714;GO:0005518;GO:0033674;GO:1904395;GO:0046872;GO:0045887;GO:0043235;GO:0071340
P53421	GO:0005737;GO:0005524
A5U3J9	GO:0019464;GO:0004375
Q9C168	GO:0005576;GO:0042744;GO:0005619;GO:0004096;GO:0046872;GO:0006979;GO:0005829;GO:0048315;GO:0020037
Q8TMG9	GO:0008964;GO:0015977;GO:0006107;GO:0006099;GO:0000287
P28594	GO:0008964;GO:0015977;GO:0006107;GO:0006099;GO:0000287
C7Z837	GO:0030145;GO:0070006
Q5Z048	GO:0002161;GO:0005737;GO:0004832;GO:0005524;GO:0006438
A5UBE3	GO:0004457;GO:0010181;GO:0005886;GO:0019516
Q6ZPY5	GO:0000978;GO:0000790;GO:0000981;GO:0006355;GO:0046872
Q9ZUP2	GO:0003697;GO:0008094;GO:0005739;GO:0006281;GO:0006310;GO:0005524
Q54LV0	GO:0000799;GO:0051301;GO:0000796;GO:0005634;GO:0000070;GO:0007076;GO:0005737;GO:0007059;GO:0005524
P35728	GO:0006378;GO:0016567;GO:0005634;GO:0005847;GO:0036002;GO:0061630;GO:0000209;GO:0008270;GO:0098789;GO:0005829
Q9LDV4	GO:0009058;GO:0001666;GO:0030170;GO:0004021;GO:0005739;GO:0042853
A7GG06	GO:0005525;GO:0003924;GO:0005737;GO:0003743
P9WIQ5	GO:0003678;GO:0005576;GO:0008854;GO:0000724;GO:0003677;GO:0005886;GO:0006310;GO:0005524;GO:0009338;GO:0005618
Q6XQH7	GO:0019012;GO:0030430;GO:0016787;GO:0039689;GO:0075526;GO:0000166;GO:0039696;GO:0003968
B2J1R2	GO:0006096;GO:0005576;GO:0009986;GO:0000015;GO:0004634;GO:0000287
Q02418	GO:0008926;GO:0019594
A9WGB5	GO:0034605;GO:0004176;GO:0043565;GO:0005737;GO:0005524;GO:0006515;GO:0004252
Q8XHQ4	GO:0006433;GO:0002161;GO:0005737;GO:0005524;GO:0004827
A5U3S7	GO:0042744;GO:0004096;GO:0046872;GO:0006979;GO:0020037
A5PK13	GO:0098656;GO:0005225;GO:0005789;GO:0034214;GO:0045444;GO:0005737;GO:0005886;GO:0034702;GO:0005887
Q46J13	GO:0005525;GO:0003924;GO:0005737;GO:0003743
Q7WFQ5	GO:0051539;GO:0004160;GO:0009099;GO:0009097;GO:0046872
Q43009	GO:0016157;GO:0005985
Q5RA29	GO:0005654;GO:0042254;GO:0005737;GO:0005730
Q92556	GO:0032045;GO:0007015;GO:0050690;GO:0048010;GO:0006911;GO:0016601;GO:0006915;GO:0048365;GO:0048870;GO:0017124;GO:0005737;GO:0005886;GO:0016020;GO:0016477;GO:0030036;GO:0038096;GO:0005829
P07564	GO:0039694;GO:0003725;GO:0039502;GO:0042025;GO:0019031;GO:0039564;GO:0004483;GO:0075512;GO:0005198;GO:0005576;GO:0044220;GO:0004482;GO:0039707;GO:0005524;GO:0016021;GO:0019028;GO:0039545;GO:0005216;GO:0003724;GO:0033650;GO:0003968;GO:0039654;GO:0044385;GO:0039574;GO:0055036;GO:0051259;GO:0046983;GO:0044167;GO:0046872;GO:0039520;GO:0019062;GO:0004252
Q5AGA9	GO:0000033;GO:0006493;GO:0000139;GO:0005794;GO:0016021
Q2PE14	GO:0003676;GO:0005654;GO:0008270
B2RK02	GO:0006082;GO:0008776;GO:0005737;GO:0005524;GO:0000287;GO:0006085
A3DH19	GO:0003678;GO:0008408;GO:0000724;GO:0005524;GO:0003690
Q8IWY8	GO:1990837;GO:0000978;GO:0006357;GO:0005634;GO:0000981;GO:0046872
A1KJP4	GO:0019464;GO:0004375
F4HRV8	GO:0005764;GO:0051603;GO:0004197;GO:0005654;GO:0000785;GO:0005615;GO:0005694;GO:0000794;GO:0007129;GO:0051026
P41234	GO:1904375;GO:0060049;GO:2000008;GO:0099038;GO:0090155;GO:0010008;GO:0042632;GO:0032289;GO:0031410;GO:0005765;GO:0006357;GO:0005815;GO:0005886;GO:0005524;GO:0016021;GO:1905598;GO:0043231;GO:0090156;GO:0090370;GO:0150110;GO:0016887;GO:0046512;GO:0005764;GO:0061135;GO:0099040;GO:0042626;GO:1901873;GO:0042986;GO:0071072;GO:1902993;GO:0010872;GO:0005319;GO:0005768;GO:1905601;GO:0006869;GO:0032383;GO:0007626;GO:0048545;GO:0032805;GO:1902004;GO:0032384
E7DNB6	GO:0098003;GO:0019012;GO:0033644;GO:0016021
A6MVX3	GO:0006351;GO:0003899;GO:0003677;GO:0008270;GO:0000287;GO:0009507
E1WAU5	GO:0009405;GO:0009306;GO:0005887
Q2YVB1	GO:0008747;GO:0005737;GO:0019262;GO:0005975
Q96QU8	GO:0005634;GO:0008536;GO:0005730;GO:0005049;GO:0005654;GO:0005737;GO:0005886;GO:0032991;GO:0006611;GO:0005829
C4LDS1	GO:0051539;GO:0004160;GO:0009099;GO:0009097;GO:0046872
Q8GPG4	GO:0051539;GO:0016491;GO:0042597;GO:0043546;GO:0046872
Q99P47	GO:0032228;GO:0042734;GO:0032225;GO:0050807;GO:0007155;GO:2000821;GO:0098982;GO:0030425;GO:0016021
Q5SUR0	GO:0004642;GO:0046872;GO:0009156;GO:0005737;GO:0042493;GO:0005524;GO:0006189;GO:0006541;GO:0097065
A0A1L9WN37	GO:0050641;GO:0006633;GO:0005829;GO:0004315;GO:0031177
Q803H0	
Q9PK60	GO:0009380;GO:0004518;GO:0016887;GO:0009432;GO:0003677;GO:0006289;GO:0005737;GO:0005524;GO:0046872
Q8R4K8	GO:0005576;GO:0006508;GO:0004222;GO:0008237;GO:0007565;GO:0046872;GO:0051384;GO:0004175;GO:0032354;GO:0005615
A7X169	GO:0016887;GO:0004519;GO:0045910;GO:0005524;GO:0006298;GO:0030983
P44808	GO:0016887;GO:0005524
Q3UXZ9	GO:0051090;GO:0007283;GO:0042393;GO:0005634;GO:0008584;GO:0000122;GO:0034647;GO:0032452;GO:0031490;GO:0045893;GO:0032993;GO:0032922;GO:0034648;GO:0003682;GO:0000976;GO:0034720;GO:0005730;GO:0035064;GO:1901726;GO:0006338;GO:0003677;GO:0003713;GO:0035097;GO:0008270;GO:0051213
P01132	GO:0043410;GO:0002092;GO:2000008;GO:0046425;GO:0050731;GO:0070371;GO:0045893;GO:0090263;GO:0043406;GO:0005576;GO:0001525;GO:0051223;GO:0005088;GO:0018108;GO:1902966;GO:0005886;GO:0016021;GO:0021940;GO:0090370;GO:0007173;GO:0010800;GO:2000060;GO:0010628;GO:0008083;GO:0005509;GO:0070062;GO:0045740;GO:0005154;GO:1900127;GO:2000573;GO:0045741;GO:0008284;GO:0050708;GO:0030335;GO:0043388;GO:0061098;GO:0048146;GO:0090279;GO:0000187;GO:0045840;GO:0042327;GO:0051048;GO:0070374;GO:0048754;GO:0005615;GO:0050730;GO:0060749;GO:0000186
C5C093	GO:0006096;GO:0005576;GO:0009986;GO:0000015;GO:0004634;GO:0000287
Q48P32	GO:0051539;GO:0016830;GO:0009229;GO:0009228;GO:0008270
O60303	GO:0005737;GO:0042995;GO:0005856;GO:0005615
Q62784	GO:0034597;GO:0016316;GO:0005634;GO:0031901;GO:0005737;GO:0005886;GO:0055038;GO:0014069
Q9UTD6	GO:0005743;GO:0016021;GO:0035352;GO:1990549;GO:0005783;GO:0051724
Q43321	GO:0006096;GO:0000287;GO:0000015;GO:0004634
P34607	GO:0016441;GO:0016246;GO:0003676;GO:0005634;GO:0044747;GO:0000335;GO:0008408;GO:0044748;GO:0005737;GO:0008306;GO:0046872;GO:0005829;GO:0048471;GO:0008355
C1CCV6	GO:0000049;GO:0005737;GO:0005524;GO:0004826;GO:0000287;GO:0006432
B4SHL3	GO:0008152;GO:0047388;GO:0008882;GO:0000820;GO:0005524;GO:0000287
B7UV78	GO:0002098;GO:0016765;GO:0043828
A0T0R1	GO:0006351;GO:0003899;GO:0032549;GO:0003677;GO:0009507
B8JEW9	GO:0030170;GO:0019264;GO:0005737;GO:0004372;GO:0035999
P52213	GO:0019430;GO:0005737;GO:0004791
B7J2K5	GO:0042026;GO:0005737;GO:0051082;GO:0005524
O77811	GO:0031665;GO:0060349;GO:0032680;GO:0043066;GO:0055037;GO:0045669;GO:0005886;GO:1900229;GO:0033690;GO:2000308;GO:0001503;GO:0001817;GO:0055072;GO:0019731;GO:1900159;GO:0006826;GO:0005769;GO:0002227;GO:2001205;GO:0008236;GO:1902732;GO:0046872;GO:0042581;GO:0005615;GO:0019732
A1A4L4	GO:0008234;GO:1990380;GO:0004843
Q14586	GO:0000978;GO:0006357;GO:0005634;GO:0001228;GO:0007275;GO:0046872
Q7NU27	GO:0008295;GO:0009446;GO:0046872;GO:0006527;GO:0008792
A6T4J7	GO:0003677;GO:0004386;GO:0005524;GO:0006355
D5LX59	GO:0008234;GO:0042025;GO:0030430;GO:0004843;GO:0019033;GO:0039648
A5DZQ4	GO:0016021
P69376	GO:0006457;GO:0051082;GO:0009507;GO:0005524
Q09832	GO:0008757;GO:0030488;GO:0005634;GO:0008175;GO:0031591;GO:0005737;GO:0005829;GO:0102522
Q8QL53	GO:0008234;GO:0020002;GO:0006370;GO:0006351;GO:0039694;GO:0042025;GO:0044176;GO:0046872;GO:0005525;GO:0044162;GO:0003968;GO:0003724;GO:0004651;GO:0016020;GO:0008174;GO:0005524;GO:0039523;GO:0003723;GO:0004652
B0RB35	GO:0003924;GO:0003746;GO:0005737;GO:0005525
B2RH34	GO:0051539;GO:0016830;GO:0009229;GO:0009228;GO:0008270
A8H424	GO:0009014;GO:0009089;GO:0050897;GO:0008270;GO:0019877
P44647	GO:1990077;GO:0043138;GO:0003677;GO:0006270;GO:0006310;GO:0005524;GO:0006269;GO:0006268;GO:0008270;GO:0006302
P03544	GO:0042025;GO:0003676;GO:0075732;GO:0039620;GO:0008270;GO:0005198;GO:0046718
B2JIX0	GO:0006096;GO:0005576;GO:0009986;GO:0000015;GO:0004634;GO:0000287
Q6CBW0	GO:0005737
B0JL12	GO:0006782;GO:0005737;GO:0004853
P38132	GO:0017116;GO:0005634;GO:0005654;GO:0005737;GO:0042555;GO:0000727;GO:1904931;GO:0006348;GO:0097373;GO:0005524;GO:0006268;GO:0003682;GO:0071162;GO:0006270;GO:0033260;GO:0005656;GO:0031298;GO:0030466;GO:0006271;GO:0000781;GO:0031261;GO:0006267;GO:0003688
Q4ZZ08	GO:0051539;GO:0016830;GO:0009229;GO:0009228;GO:0008270
P36614	GO:0051301;GO:0007049;GO:0000790;GO:0005634;GO:0033048;GO:1903379;GO:1900486;GO:0008287;GO:0046872;GO:0005829;GO:0004721;GO:0071963;GO:1900490
A6QG46	GO:0016887;GO:0004519;GO:0045910;GO:0005524;GO:0006298;GO:0030983
P60284	GO:0006351;GO:0003899;GO:0003677;GO:0008270;GO:0000287
P04186	GO:0097066;GO:0006957;GO:0008283;GO:0005615;GO:0006956;GO:0004252
Q31KN8	GO:0016829;GO:0016151
Q31DX2	GO:0006464;GO:0016881;GO:0046872;GO:0005524;GO:0006412
Q8N8Z8	GO:0006357;GO:0005634;GO:0000981;GO:0046872;GO:0000977
F4J1U4	GO:0005871;GO:0003777;GO:0008017;GO:0005874;GO:0016887;GO:0005524;GO:0007018
Q8LFG1	GO:0005509;GO:0005576;GO:0004556;GO:0103025;GO:0005829;GO:0005975
Q8NID7	GO:0045482;GO:0016106
P08764	GO:0015668;GO:0009307;GO:0003677;GO:0005524;GO:0004386
G3GBU7	GO:0016853;GO:0016874;GO:0032259;GO:0008168;GO:0031177
Q9VRP9	GO:0005634;GO:0016570;GO:0061630;GO:0010390;GO:0008270;GO:0006513;GO:0016574;GO:0007219
B9MMM6	GO:0004817;GO:0005737;GO:0005524;GO:0008270;GO:0006423
B5F8T8	GO:0043165;GO:0016021;GO:0051205;GO:0009279
P11533	GO:0045211;GO:0051017;GO:0005737;GO:0005884;GO:0008270;GO:0051015;GO:0051639;GO:0042383;GO:0032432
Q15468	GO:0042802;GO:0005813;GO:0033504;GO:0071539;GO:0001843;GO:0007224;GO:0043066;GO:0001701;GO:0005737;GO:0005814;GO:0021915;GO:0030903;GO:0051298;GO:0035264;GO:0007052;GO:0005829;GO:0001947;GO:0030900;GO:0000578;GO:0007368;GO:0046599
Q5JEV6	GO:0006096;GO:0005576;GO:0009986;GO:0000015;GO:0032889;GO:0004634;GO:0000287
A5GL71	GO:0004823;GO:0006429;GO:0002161;GO:0005737;GO:0005524
Q05FT9	GO:0042026;GO:0005737;GO:0051082;GO:0005524
Q90XC2	GO:0005813;GO:0051301;GO:0007049;GO:0005634;GO:0072116;GO:0009887;GO:0004674;GO:0061371;GO:0005737;GO:0007059;GO:0005929;GO:0005524;GO:0046872;GO:0048793;GO:0001947;GO:0061326
Q7CGD9	GO:0009405;GO:0090729;GO:0016021
Q5P5G4	GO:0016787;GO:0005737;GO:0016874;GO:0005524
Q6JZS3	GO:0070330;GO:0004497;GO:0005789;GO:0005506;GO:0043231;GO:0020037
P0DTC1	GO:0039694;GO:0039502;GO:0019785;GO:0004197;GO:0003727;GO:0039722;GO:0071108;GO:0039604;GO:0042803;GO:0004519;GO:0039648;GO:0016740;GO:0039548;GO:0016540;GO:0039501;GO:0039714;GO:0039519;GO:0004843;GO:0039690;GO:0044220;GO:0039595;GO:0016021;GO:0039547;GO:0039644;GO:0019082;GO:0039579;GO:0019079;GO:0033644;GO:0070536;GO:0008234;GO:0030430;GO:0046983;GO:0008270;GO:0039520
A4H7G5	GO:0003678;GO:0050341;GO:0005634;GO:0003677;GO:0005524;GO:0046872
Q9ZEH5	GO:0016887;GO:0004519;GO:0045910;GO:0005524;GO:0006298;GO:0030983
P26676	GO:0019012;GO:0030430;GO:0004482;GO:0005524;GO:0003968
Q80T14	GO:0005604;GO:0002009;GO:0003338;GO:0030326;GO:0060021;GO:0043588;GO:0016021;GO:0007154;GO:0005886;GO:0046872;GO:0062023;GO:0015031
Q7MI09	GO:0005525;GO:0003924;GO:0005737;GO:0003743
Q2PBY4	GO:0035835;GO:0016740;GO:0016874;GO:0031177
P41946	GO:0005576;GO:0052692;GO:0005975
B4L535	GO:0004622;GO:0007399;GO:0005789;GO:0102545;GO:0051402;GO:0016042;GO:0034349;GO:0016021;GO:0046470;GO:0006643;GO:0061024
A5EG87	GO:0006206;GO:0009032;GO:0006213;GO:0004645
Q2NC10	GO:0005525;GO:0003924;GO:0005737;GO:0003743
Q1IEL0	GO:0002098;GO:0016765;GO:0043828
Q4UL64	GO:0003678;GO:1990077;GO:0003677;GO:0005524;GO:0006269;GO:0006268;GO:0008270
I1S3K8	GO:0016787;GO:0004066;GO:0005524;GO:0006541;GO:0006529
A9MLE0	GO:0004125;GO:0005737;GO:0001514;GO:0097056
Q6CII3	GO:0033215;GO:0005507;GO:0033573;GO:0005381;GO:0046688;GO:1901684;GO:0004322
A4WGV3	GO:0003689;GO:0005524;GO:0006260
Q8DBW0	GO:0005525;GO:0003924;GO:0005737;GO:0003743
Q64682	GO:0004703;GO:0007165;GO:0047696;GO:0005737;GO:0005886;GO:0005524
Q5JNZ3	GO:0000978;GO:0006357;GO:0005634;GO:0000981;GO:0046872
A3KN36	GO:0006357;GO:0001227;GO:0000790;GO:0000981;GO:0000122;GO:0046872;GO:0000977
A5GEW5	GO:0006096;GO:0005576;GO:0009986;GO:0000015;GO:0004634;GO:0000287
A6GWN3	GO:0003684;GO:0030983;GO:0005524;GO:0006298
O94966	GO:0008234;GO:0051879;GO:0090068;GO:0046872;GO:0004843;GO:1904292;GO:0005789;GO:0030433;GO:1901799;GO:0048642;GO:0016579;GO:0050821;GO:1990380;GO:0031647;GO:0016021;GO:1900037;GO:0005829;GO:0031625;GO:0034976
P10978	GO:0004190;GO:0015074;GO:0008270;GO:0004519;GO:0003676;GO:0003964
Q21181	GO:0018996;GO:0005576;GO:0004222;GO:0008270
G5EFD2	GO:0002119;GO:0040026;GO:0046872;GO:0004672;GO:0050830;GO:0007165;GO:0004713;GO:0001708;GO:0051451;GO:0005737;GO:0007265;GO:0005524;GO:0046579;GO:0004674;GO:0006468;GO:0051321;GO:0031434
Q9LU44	GO:0005681;GO:0009738;GO:0005634;GO:0009737;GO:0005730;GO:0045131;GO:0003729;GO:0005654;GO:0008380;GO:0000398;GO:0008270;GO:0000381
Q9SRT2	GO:0003700;GO:0005634;GO:0046983;GO:0003677;GO:0006355
V6CJ04	GO:0048814;GO:0034452;GO:0008093;GO:0072393;GO:0043025;GO:0070840;GO:0005794;GO:0030425;GO:0005635;GO:0005829;GO:0070507;GO:0043204;GO:0033365
Q9UPU9	GO:0043488;GO:0030054;GO:0000932;GO:0045202;GO:0003729;GO:0017148;GO:0030425;GO:0045727;GO:0003723;GO:0001650;GO:0030371;GO:0000289;GO:0005829
P44591	GO:0065002;GO:0006605;GO:0005886;GO:0016021;GO:0043952;GO:0015450;GO:0015031
Q3J9B0	GO:0009014;GO:0009089;GO:0050897;GO:0008270;GO:0019877
Q8KAM6	GO:0000049;GO:0005737;GO:0005524;GO:0004826;GO:0000287;GO:0006432
Q5F6V6	GO:0046677;GO:0015562;GO:0008559;GO:0016887;GO:0005524;GO:0005887;GO:1990961
Q9R9I9	GO:0016740;GO:0016788;GO:0017000
Q08AN1	GO:0000978;GO:0006357;GO:0005634;GO:0000981;GO:0046872
O67012	GO:0015970;GO:0008893
A5UFG9	GO:0004457;GO:0010181;GO:0005886;GO:0019516
G9N4A8	GO:0004497;GO:0016705;GO:0005506;GO:0020037
P03334	GO:0039702;GO:0020002;GO:0003676;GO:0019013;GO:0016020;GO:0008270;GO:0039660
Q8LSN3	GO:0004721;GO:0046872;GO:0005737
B9JFS7	GO:0003697;GO:0008094;GO:0009432;GO:0006281;GO:0005737;GO:0006310;GO:0005524;GO:0003684
P14742	GO:0004360;GO:0006048;GO:0006487;GO:0097367;GO:0006002;GO:0034221;GO:0006541;GO:0006047
Q54N97	GO:0051539;GO:0045004;GO:0008296;GO:0043625;GO:0006287;GO:0003887;GO:0003677;GO:0006281;GO:0006297;GO:0000166;GO:0046872;GO:0006261
P81171	GO:0004252
A2VE29	GO:0004867;GO:0005576;GO:0030212
Q7RTX1	GO:0038023;GO:0050917;GO:0004930;GO:0005886;GO:0016021;GO:0008527;GO:0005887;GO:0007186
B8ANF1	GO:0015979;GO:0015995;GO:0031969;GO:0009570;GO:0005524;GO:0016851
Q6GZW6	GO:0003677;GO:0004386;GO:0005524
Q42798	GO:0047082;GO:0006952;GO:0016020;GO:0005506;GO:0016709;GO:0020037
Q6ADU9	GO:0006308;GO:0009318;GO:0008855;GO:0003676;GO:0005737
P0CQ66	GO:0005634;GO:0003677;GO:0005737;GO:0006281;GO:0005524;GO:0008270;GO:0004386
Q7RTR2	GO:1900016;GO:0032720;GO:0005737;GO:0032088;GO:0034451;GO:0048147;GO:0007249;GO:0032687;GO:0050728;GO:0042110;GO:1901223;GO:0043124;GO:1900226;GO:0005524;GO:0043231;GO:0005829;GO:0032688;GO:0035556;GO:0036312;GO:0048471;GO:0050680;GO:0032715;GO:0045824;GO:0014067
H2E7Q7	GO:0004252
C3LHA0	GO:0030170;GO:0005737;GO:0006782;GO:0042286;GO:0008483
O96530	GO:0005576;GO:0007155
Q5R5U3	GO:0003677;GO:0005634;GO:0046872
Q3B1G7	GO:0006096;GO:0005576;GO:0009986;GO:0000015;GO:0004634;GO:0000287
Q5NPK5	GO:0003677;GO:0006351;GO:0032549;GO:0003899
Q8TDW0	GO:0098656;GO:0005225;GO:0005789;GO:0055085;GO:0034214;GO:0045444;GO:0005737;GO:0005886;GO:0015810;GO:0016020;GO:0034702;GO:0005887;GO:0015734;GO:0071470
A4VK13	GO:0042744;GO:0004096;GO:0046872;GO:0006979;GO:0020037
P41947	GO:0005576;GO:0052692;GO:0005975
Q2GFP4	GO:0006351;GO:0003899;GO:0003677;GO:0008270;GO:0000287
Q8K3H0	GO:0042802;GO:0032009;GO:0005634;GO:1900017;GO:0046324;GO:0046326;GO:0001726;GO:0005737;GO:0042803;GO:0010008;GO:0031410;GO:0007179;GO:1905303;GO:2000045;GO:0035091;GO:0005886;GO:0016020;GO:0045088;GO:0005829;GO:0008286;GO:0044354;GO:0007049;GO:1903076;GO:0048487;GO:1905450;GO:0031901;GO:0001786;GO:0006606;GO:0097708;GO:0034143;GO:0043422;GO:0033211;GO:0005769;GO:0005768;GO:0010762;GO:0048023;GO:0044877;GO:0012506;GO:0035729;GO:0023052
A5IQY0	GO:0006096;GO:0005576;GO:0009986;GO:0000015;GO:0004634;GO:0000287
Q64331	GO:0042802;GO:0048167;GO:0006605;GO:0031941;GO:0042491;GO:0042995;GO:0005634;GO:0098978;GO:0005516;GO:0000146;GO:0005654;GO:0001726;GO:0005737;GO:0005794;GO:0015629;GO:0031410;GO:0045177;GO:0030424;GO:0005903;GO:0045202;GO:0030139;GO:0098884;GO:0014047;GO:0016358;GO:0016591;GO:0030050;GO:0030175;GO:0043025;GO:0098683;GO:0048839;GO:0005886;GO:0016020;GO:0030330;GO:0005524;GO:2000300;GO:0005829;GO:0043231;GO:0071257;GO:0016459;GO:0007015;GO:0098833;GO:0032587;GO:0005905;GO:0030898;GO:0042472;GO:0007605;GO:0031965;GO:0098685;GO:0005902;GO:0014069;GO:0048471;GO:0045944;GO:0051046;GO:0031982;GO:0012506;GO:0030136;GO:0007416;GO:0042493;GO:0051015;GO:0007268;GO:0032991;GO:0006897;GO:0007626
Q4JAM1	GO:0051301;GO:0007049;GO:0006260;GO:0003910;GO:0003677;GO:0051103;GO:0006310;GO:0005524;GO:0046872;GO:0071897
Q06890	GO:0002434;GO:0042981;GO:0051082;GO:1902230;GO:0005739;GO:0005634;GO:0050750;GO:0047485;GO:0043066;GO:0005737;GO:0005856;GO:0005102;GO:1901214;GO:0034366;GO:2001244;GO:0001774;GO:0045202;GO:0032760;GO:0051131;GO:0031333;GO:0061518;GO:0032286;GO:0045597;GO:1902949;GO:0043065;GO:0009986;GO:0050821;GO:0048156;GO:0060548;GO:0005829;GO:0042127;GO:0043231;GO:0048260;GO:1905907;GO:1903573;GO:0010628;GO:0032436;GO:2000060;GO:0042583;GO:0000902;GO:0097418;GO:0071944;GO:0051787;GO:0009615;GO:0031334;GO:0008284;GO:0061077;GO:0099020;GO:0001540;GO:0016235;GO:1902004;GO:0017038;GO:0043005;GO:0031625;GO:0045429;GO:1901216;GO:1902998;GO:0048471;GO:0031018;GO:1902430;GO:0097193;GO:0005743;GO:0030426;GO:0044877;GO:1900221;GO:1902847;GO:1905895;GO:0051788;GO:0051092;GO:0097440;GO:0005615;GO:0032991;GO:0048812;GO:1905892
A2RN75	GO:0000049;GO:0005737;GO:0005524;GO:0004826;GO:0000287;GO:0006432
P04821	GO:0051301;GO:0007049;GO:0005634;GO:0005789;GO:0007089;GO:0005088;GO:0005737;GO:0005886;GO:0007265;GO:0051726;GO:0016021;GO:0005829;GO:0001302
G3V9H8	GO:0030155;GO:0043410;GO:0001838;GO:0033619;GO:0000165;GO:0033141;GO:0042551;GO:0045121;GO:0007156;GO:0060384;GO:0001755;GO:0010008;GO:0035860;GO:0048484;GO:0030424;GO:0045893;GO:0072300;GO:0010976;GO:0048265;GO:0071300;GO:0007158;GO:0043025;GO:0005886;GO:0030425;GO:0005524;GO:2001241;GO:0005887;GO:0010628;GO:0033630;GO:0005509;GO:0014042;GO:0060041;GO:0035799;GO:0007275;GO:0098797;GO:0007169;GO:0030335;GO:0045793;GO:0000187;GO:0004714;GO:0005769;GO:0061146;GO:0030182;GO:0007399;GO:0033674;GO:0050770;GO:0006919;GO:0001657;GO:0042493;GO:0043235;GO:0051897
Q9UK10	GO:0000978;GO:0006357;GO:0046872;GO:0005634;GO:0001228
Q74H90	GO:0003697;GO:0006260;GO:0009432;GO:0005737;GO:0005524;GO:0000731;GO:0006302
P01042	GO:0045861;GO:0031640;GO:0005788;GO:0005102;GO:0010951;GO:0005576;GO:0002576;GO:0004869;GO:0042311;GO:0043065;GO:0004866;GO:0005886;GO:0062023;GO:0043687;GO:0007186;GO:0070062;GO:0008201;GO:0006954;GO:0030195;GO:0061844;GO:0072562;GO:0031093;GO:0044267;GO:0007162;GO:0008270;GO:0005615;GO:0007204;GO:0007597
Q9SX52	GO:0004721;GO:0046872;GO:0005737
D0ZVG2	GO:0016567;GO:0030254;GO:0005576;GO:0042025;GO:0030430;GO:0009405;GO:0004842
Q65VR5	GO:0004823;GO:0006429;GO:0002161;GO:0005737;GO:0005524
Q63164	GO:0007288;GO:0005576;GO:0036126;GO:0036156;GO:0005874;GO:0030286;GO:0003341;GO:0036159;GO:0003351;GO:0005858;GO:0060294;GO:0005930;GO:0005524;GO:0007018;GO:0030317;GO:0008569;GO:0051959;GO:0045505
A1US94	GO:0006096;GO:0005576;GO:0009986;GO:0000015;GO:0004634;GO:0000287
Q9SN90	GO:0051301;GO:0005634;GO:0030261;GO:0005694;GO:0005524;GO:0051321
Q6FW50	GO:0005576;GO:0051082;GO:0001300;GO:0006986;GO:0016887;GO:0030433;GO:0006616;GO:0031204;GO:0034099;GO:0070880;GO:0005524;GO:0000742
O69174	GO:0006096;GO:0005576;GO:0009405;GO:0009986;GO:0000015;GO:0004634;GO:0000287
Q63GB4	GO:0030170;GO:0005737;GO:0006782;GO:0042286;GO:0008483
C1AYS4	GO:0003924;GO:0003746;GO:0005737;GO:0005525
Q8VIG0	GO:0003676;GO:0035091;GO:0008270
Q31HA7	GO:0006457;GO:0051082;GO:0005524
Q5G1S8	GO:0009507;GO:0009793
Q9CTN4	GO:0042995;GO:0007163;GO:0019901;GO:0008584;GO:0005737;GO:0005856;GO:0005794;GO:0032956;GO:0005525;GO:0031410;GO:0008360;GO:0005886;GO:0030036;GO:0005524;GO:0005829;GO:0043231;GO:0003924;GO:0007015;GO:0016887;GO:0042147;GO:0017137;GO:0031982;GO:0030865;GO:0005938;GO:0016477
Q8EN63	GO:0051539;GO:0004160;GO:0009099;GO:0009097;GO:0046872
Q9W351	GO:0051028;GO:0000922;GO:0005737;GO:0012505;GO:0072686;GO:0001578;GO:0005643;GO:0090307;GO:1902365;GO:0006913;GO:0015031
O25806	GO:0003677;GO:0006351;GO:0008270;GO:0003899;GO:0000287;GO:0032549
Q99MS7	GO:0055037;GO:0031941;GO:0030036;GO:0005815
B8MNF2	GO:0017108;GO:0005739;GO:0006260;GO:0005730;GO:0006286;GO:0043137;GO:0008409;GO:0003677;GO:0005654;GO:0006303;GO:0000287;GO:0001302;GO:0035753;GO:0000734;GO:0005829
P07149	GO:0016296;GO:0016409;GO:0005739;GO:0016631;GO:0019171;GO:0005737;GO:0004321;GO:0004313;GO:0004318;GO:0004319;GO:0005829;GO:0016295;GO:0005835;GO:0004320;GO:0008659;GO:0004314;GO:0042759;GO:0004317;GO:0047451;GO:0005811;GO:0008693
P12753	GO:0016233;GO:0005739;GO:0003691;GO:0005634;GO:0030870;GO:0032078;GO:0005654;GO:0000794;GO:0035753;GO:0043047;GO:0000784;GO:0006284;GO:0042162;GO:0051880;GO:0007004;GO:0090305;GO:0070192;GO:0005524;GO:0000723;GO:0097552;GO:0003690;GO:0000790;GO:0016887;GO:0000722;GO:0006303;GO:0032508;GO:0004017;GO:0035861;GO:0046872;GO:0051321
Q8PS70	GO:0008964;GO:0015977;GO:0006107;GO:0006099;GO:0000287
B3QUT6	GO:0019464;GO:0004375;GO:0009116
Q9MAQ3	GO:0006511;GO:0008234;GO:0016579;GO:0004843
Q8GSM2	GO:0031408;GO:0009751;GO:0016165;GO:0010597;GO:0046872;GO:0009753;GO:0009507
C0SJ49	GO:0005576;GO:0004177;GO:0046872
B5YVS5	GO:0006400;GO:0016705
Q7ZU91	GO:0052725;GO:0016853;GO:0000825;GO:0005737;GO:0032957;GO:0052746;GO:0052726;GO:0005524;GO:0047325;GO:0000287;GO:0070266
P98092	GO:0030246;GO:0007155
Q8CP17	GO:0006457;GO:0051082;GO:0005524
A1B015	GO:0003677;GO:0006351;GO:0032549;GO:0003899
Q9MTM5	GO:0006351;GO:0003899;GO:0032549;GO:0003677;GO:0009507
Q4R366	GO:0042645;GO:0097745;GO:0046872;GO:0030678;GO:0004526
Q5RER9	GO:0003677;GO:0046872;GO:0005634;GO:0006355
Q5T4S7	GO:0006511;GO:0005813;GO:0101003;GO:0005516;GO:0005654;GO:0004842;GO:0035579;GO:0070821;GO:0016032;GO:0061630;GO:0005886;GO:0016020;GO:0008270;GO:0016021;GO:0043312;GO:0005829
Q60472	GO:0004222;GO:0016021
Q96V64	GO:0071555;GO:0005576;GO:0005975;GO:0004338
Q8TF32	GO:0000978;GO:0003682;GO:0046872;GO:0005634;GO:0000981;GO:0000122;GO:0043433;GO:0006355;GO:0030154
Q6XQC4	GO:0098015;GO:0099001;GO:0098003
Q8MUF6	GO:0030016;GO:0003774;GO:0016459;GO:0032982
P0DTD1	GO:0042802;GO:0039694;GO:0039502;GO:0019785;GO:0039520;GO:0003727;GO:0004197;GO:0032259;GO:0004483;GO:0039604;GO:0039722;GO:0042803;GO:0071108;GO:0004519;GO:0039648;GO:0039548;GO:0016540;GO:0039501;GO:0039714;GO:0039519;GO:0004843;GO:0090503;GO:0039690;GO:0044220;GO:0039595;GO:0005524;GO:0016021;GO:0039547;GO:0039644;GO:0019082;GO:0039579;GO:0019083;GO:0019079;GO:0033644;GO:0003724;GO:0003968;GO:0008168;GO:0044172;GO:0070536;GO:0080009;GO:0008234;GO:0003678;GO:0006351;GO:0001172;GO:0030430;GO:0000175;GO:0004527;GO:0046983;GO:0008270;GO:0004386
A2R3X3	GO:0046559;GO:0005576;GO:0045493
P26817	GO:1904707;GO:0007507;GO:0010661;GO:0005739;GO:0005634;GO:0018105;GO:0033605;GO:0045907;GO:0045988;GO:0045121;GO:0043066;GO:0005737;GO:0043198;GO:0071364;GO:0006468;GO:0004674;GO:0030424;GO:0031623;GO:0046718;GO:0045202;GO:1904058;GO:0031850;GO:0042699;GO:0002026;GO:0044321;GO:0007217;GO:0016020;GO:0045744;GO:0003108;GO:0005524;GO:1900077;GO:0097756;GO:0005829;GO:0007186;GO:0031851;GO:0042542;GO:0043197;GO:2000117;GO:0097110;GO:0051457;GO:0004672;GO:0031755;GO:1990869;GO:0004703;GO:0043278;GO:0019079;GO:0071870;GO:0032755;GO:0014070;GO:0106072;GO:0071333;GO:0007568;GO:0014850;GO:0031625;GO:0016323;GO:0071407;GO:0072752;GO:0010801;GO:0048709;GO:0048146;GO:2000463;GO:0016324;GO:0060048;GO:0033137;GO:0047696;GO:0061771;GO:0018107;GO:0001664;GO:1904628;GO:0006979;GO:0046325;GO:0005901;GO:0002029
Q8CG46	GO:0016605;GO:0030054;GO:0051301;GO:0005634;GO:0051984;GO:0071459;GO:0000722;GO:0007062;GO:0034184;GO:0005737;GO:0007059;GO:0030915;GO:0018393;GO:0006974;GO:0090398;GO:0044772;GO:0000781;GO:0019827;GO:0035861;GO:0000724;GO:0000775;GO:0030261;GO:0016607;GO:0005524;GO:0000803;GO:0035061
O13186	GO:0051879;GO:0005819;GO:0005739;GO:0005634;GO:0019901;GO:0004883;GO:0005737;GO:0071560;GO:0006325;GO:0000978;GO:0005815;GO:0016607;GO:0005829;GO:0004879;GO:0001227;GO:0001046;GO:0071385;GO:0071383;GO:0045944;GO:0071549;GO:0003700;GO:1902895;GO:1990239;GO:0001228;GO:0008270;GO:0032991;GO:0005496
Q2N5Q3	GO:0000049;GO:0006424;GO:0005737;GO:0005524;GO:0004818
A5UT23	GO:0051539;GO:0002935;GO:0070040;GO:0000049;GO:0005737;GO:0046872;GO:0019843;GO:0070475
Q6AFH2	GO:0008152;GO:0047388;GO:0008882;GO:0000820;GO:0005524;GO:0000287
Q8WXB4	GO:0005654;GO:0000978;GO:0006357;GO:0046872;GO:0005634;GO:0001228
B2SUA6	GO:0006096;GO:0005576;GO:0009986;GO:0000015;GO:0004634;GO:0000287
B8CMP0	GO:0009014;GO:0009089;GO:0050897;GO:0008270;GO:0019877
Q2GJV5	GO:0006402;GO:0006396;GO:0003729;GO:0005737;GO:0004654;GO:0000287
O31782	GO:0006633;GO:0005737;GO:0016874;GO:0004315;GO:0031177
Q63Y75	GO:0008360;GO:0009252;GO:0000902;GO:0009103;GO:0006048;GO:0003977;GO:0071555;GO:0005737;GO:0000287;GO:0009245;GO:0019134
A5W4B6	GO:0009039;GO:0005737;GO:0016151;GO:0043419
P0AES4	GO:0042802;GO:0006351;GO:0008094;GO:0046677;GO:0009330;GO:0006265;GO:0003677;GO:0003918;GO:0005737;GO:0016020;GO:0042493;GO:0005694;GO:0005524;GO:0034335;GO:0005829;GO:0006261
B1KZN7	GO:0006457;GO:0051082;GO:0005524
Q5HNW6	GO:0006457;GO:0051082;GO:0005524
P20442	GO:0006457;GO:0051082;GO:0005524
Q9KV48	GO:0016831;GO:0006744;GO:0005737;GO:0005886;GO:0008694;GO:0005829
Q14123	GO:0048101;GO:0005516;GO:0007165;GO:0043025;GO:0004114;GO:0046872;GO:0005829;GO:0004117
Q24371	GO:0005634;GO:0016567;GO:0005737;GO:0007049
Q869X2	GO:0006633;GO:0030587;GO:0004315;GO:0016491
Q2RNG0	GO:0003684;GO:0030983;GO:0005524;GO:0006298
B7JWQ8	GO:0006351;GO:0003899;GO:0003677;GO:0008270;GO:0000287
Q4J8L9	GO:0046961;GO:0042777;GO:0033178;GO:0005524;GO:0046933
Q9Z9B6	
Q95K50	GO:1990226;GO:0030515;GO:0005732;GO:0005737;GO:0070761;GO:0001650;GO:0042254
P0C7W9	
P55118	GO:0020002;GO:0005509;GO:0005576;GO:0090729;GO:0009405;GO:0044179;GO:0016021
A8FW04	GO:0009014;GO:0009089;GO:0050897;GO:0008270;GO:0019877
O13263	GO:0035725;GO:0016324;GO:0015280;GO:0016021
Q9Z1D8	GO:0000978;GO:0006357;GO:0005634;GO:0000981;GO:0046872
B5EBY3	GO:0000049;GO:0005737;GO:0005524;GO:0004826;GO:0000287;GO:0006432
P0C6R2	GO:0007288;GO:0044782
B2ID49	GO:0065002;GO:0006605;GO:0005737;GO:0005886;GO:0017038;GO:0005524;GO:0046872
Q9XIP7	GO:0005789;GO:0009737;GO:0000139;GO:0010427;GO:0005886;GO:0010228;GO:0043231;GO:0016021;GO:0005525;GO:0009791;GO:0051020
A5ABU3	GO:0017108;GO:0005739;GO:0006260;GO:0005730;GO:0006286;GO:0043137;GO:0008409;GO:0003677;GO:0005654;GO:0006303;GO:0000287;GO:0001302;GO:0035753;GO:0000734;GO:0005829
Q9C811	GO:0009733;GO:0009409;GO:0006952;GO:0031965;GO:0005635;GO:0005643;GO:0016973;GO:0017056
P07140	GO:0004104;GO:0001507;GO:0043083;GO:0042426;GO:0006581;GO:0003990;GO:0031225;GO:0005737;GO:0005886;GO:0042803;GO:0043199;GO:0007268
Q5XF90	GO:0046872;GO:0006874;GO:0005789;GO:0016887;GO:0005388;GO:0005524;GO:0016021
Q7PC83	GO:0042626;GO:0005524;GO:0016021
Q6IRN0	GO:0005737
C1FQW6	GO:0006096;GO:0005576;GO:0009986;GO:0000015;GO:0004634;GO:0000287
P53804	GO:0006511;GO:0070936;GO:0005634;GO:0005730;GO:0005654;GO:0005794;GO:0046872;GO:0005829;GO:0004842
F4JHT3	GO:0007033;GO:0005737;GO:0009507
Q9M316	GO:0005739
Q5B2V1	GO:0005576;GO:0031072;GO:0051082;GO:0016192;GO:0097308;GO:0005634;GO:0034620;GO:0006986;GO:0016887;GO:0044183;GO:0051787;GO:0005737;GO:0005886;GO:0042026;GO:0051085;GO:0005524;GO:0005829;GO:0071470
P10401	GO:0003676;GO:0015074;GO:0003964;GO:0004519
Q969U6	GO:0016567;GO:0019005;GO:0019901;GO:0010824;GO:0007088;GO:0005737;GO:0043161;GO:0000209;GO:0031146;GO:0005829;GO:0043687;GO:0080008
O14607	GO:0003682;GO:0000978;GO:0071558;GO:0051213;GO:0000790;GO:0005634;GO:0005654;GO:0043565;GO:0046872;GO:0031490;GO:0044666;GO:0010468
A5GVF3	GO:0003677;GO:0006351;GO:0032549;GO:0003899
Q476U6	GO:0051539;GO:0016830;GO:0009229;GO:0009228;GO:0008270
Q8NB50	GO:0000978;GO:0006357;GO:0046872;GO:0005634;GO:0001228
Q8GV43	GO:0016042;GO:0004435;GO:0005886;GO:0048015
P18956	GO:0103068;GO:0006750;GO:0102953;GO:0006751;GO:0030288;GO:0042597;GO:0036374;GO:0034722;GO:0043102;GO:0097264
O97592	GO:0045211;GO:0003779;GO:0005737;GO:0005856;GO:0008270;GO:0042383
P0CM81	GO:0006891;GO:0000139;GO:0017119;GO:0015031
A1V7Z3	GO:0008360;GO:0009252;GO:0000902;GO:0009103;GO:0006048;GO:0003977;GO:0071555;GO:0005737;GO:0000287;GO:0009245;GO:0019134
Q0BWZ9	GO:0006457;GO:0051082;GO:0005524
Q87W65	GO:0005576
P67280	GO:0004521;GO:0006402;GO:0005886;GO:0016021;GO:0003723
C0HLA0	GO:0004553;GO:0005975
B5DKS8	GO:0004622;GO:0007399;GO:0005789;GO:0102545;GO:0051402;GO:0016042;GO:0034349;GO:0016021;GO:0046470;GO:0006643;GO:0061024
Q8K284	GO:0003677;GO:0005654;GO:0006384;GO:0042791;GO:1990904;GO:0000127;GO:0005730
Q0SSE5	GO:0018339;GO:0051539;GO:0006400;GO:0005737;GO:0046872;GO:0103039
Q5LG64	GO:0006096;GO:0005576;GO:0009986;GO:0000015;GO:0004634;GO:0000287
Q54IX3	GO:0016491;GO:0016746
Q3V0E1	
Q9LRA7	GO:0016311;GO:0005829;GO:0005737;GO:0016757
A6V7E9	GO:0002098;GO:0016765;GO:0043828
A3QER4	GO:0051539;GO:0016830;GO:0009229;GO:0009228;GO:0008270
L0MXJ1	GO:0004497;GO:0016705;GO:0005506;GO:0016021;GO:0020037
Q9CEB4	GO:0000049;GO:0005737;GO:0005524;GO:0004826;GO:0000287;GO:0006432
Q7X659	GO:0042147;GO:0005739;GO:0030904;GO:0006886;GO:0005794;GO:0010008;GO:0030906;GO:0005829;GO:0005770;GO:0031902
Q8DYL6	GO:0009380;GO:0016887;GO:0009432;GO:0003677;GO:0006289;GO:0005737;GO:0009381;GO:0005524
Q5LX98	GO:0019288;GO:0016114;GO:0005524;GO:0050515
A8MXJ8	
P25409	GO:0045722;GO:0009058;GO:0030170;GO:0004021;GO:0032869;GO:0005737;GO:0005615;GO:0042594;GO:0042853
Q1MFZ8	GO:0003697;GO:0008094;GO:0009432;GO:0006281;GO:0005737;GO:0006310;GO:0005524;GO:0003684
Q9ZRT1	GO:0003697;GO:0000403;GO:0070336;GO:0005634;GO:0007276;GO:0035861;GO:0000406;GO:0000724;GO:0000014;GO:0003684;GO:0010212;GO:0010792;GO:0003690;GO:0006974
P06011	GO:0006396;GO:0016020;GO:0004386;GO:0008174;GO:0005524;GO:0044167;GO:0003723
P0C7V4	
P0CV47	GO:0009405;GO:0005576;GO:0042025
Q10411	GO:0035974;GO:0005737;GO:0034613;GO:0031322;GO:0044732
P11126	GO:0039616;GO:0019012;GO:0042802;GO:0019013;GO:0039625;GO:0003723
P81140	GO:0005759;GO:0046949;GO:0004361;GO:0000062;GO:0050660;GO:0033539;GO:0006568
Q9H5N1	GO:0008083;GO:0005769;GO:0005813;GO:1902017;GO:0043231;GO:0036064;GO:0030030;GO:0005829;GO:0006897;GO:0005096;GO:0015031
A7ZZ13	GO:0006400;GO:0016705
O15381	GO:0042273;GO:0005634;GO:1990275;GO:0016887;GO:0005730;GO:0005654;GO:0016020;GO:0006364;GO:1904749;GO:0005524;GO:0005697;GO:0003723;GO:0042254;GO:0032092;GO:0051973
P53744	GO:0022857;GO:0051180;GO:0005783;GO:0016021;GO:0009102
Q6GJC5	GO:0006351;GO:0003899;GO:0003677;GO:0008270;GO:0000287
B2ADA5	GO:0004553;GO:0030245;GO:0005576;GO:0030248
Q18211	GO:1901673;GO:0003682;GO:0051301;GO:0007049;GO:0110039;GO:0000790;GO:0005087;GO:0005737;GO:0031291;GO:0009792
Q9XCA9	GO:0042026;GO:0005737;GO:0051082;GO:0005524
Q2TL32	GO:0006511;GO:0005813;GO:0005516;GO:0061630;GO:0005654;GO:0008270;GO:0016021;GO:0005829;GO:0004842
B0UHX6	GO:0003677;GO:0006351;GO:0032549;GO:0003899
A4WVL6	GO:0003677;GO:0006351;GO:0032549;GO:0003899
Q7V1I2	GO:0004823;GO:0006429;GO:0002161;GO:0005737;GO:0005524
Q2L951	GO:0015031;GO:0009706;GO:0016021
O05947	GO:0006435;GO:0000049;GO:0004829;GO:0005737;GO:0005524;GO:0046872
O67030	GO:0003924;GO:0030488;GO:0002098;GO:0005737;GO:0046872;GO:0005525;GO:0005829
Q9QSK2	GO:0006260;GO:0003887;GO:0003677;GO:0000166;GO:0039693
Q319U4	GO:0006402;GO:0006396;GO:0005737;GO:0004654;GO:0003723;GO:0000287
A6QLU5	GO:0003700;GO:0000978;GO:0006357;GO:0046872;GO:0000790
Q8Y1B4	GO:0042744;GO:0004096;GO:0046872;GO:0006979;GO:0020037
Q979Q5	GO:0005524;GO:0005737;GO:0006433;GO:0004827
Q65JU9	GO:0004151;GO:0044205;GO:0008270
Q9M350	GO:0005819;GO:0007020;GO:0031122;GO:0009506;GO:0009624;GO:0005874;GO:0000278;GO:0043622;GO:0051225;GO:0000922;GO:0051415;GO:0005737;GO:0000923;GO:0000930;GO:0051321;GO:0043015
B3QRM0	GO:0000049;GO:0005737;GO:0005524;GO:0004826;GO:0000287;GO:0006432
Q47E74	GO:0004357;GO:0005524;GO:0042398
Q98989	GO:0044179;GO:0090729;GO:0005576
Q8EW32	GO:0006096;GO:0005576;GO:0009986;GO:0000015;GO:0004634;GO:0000287
A1W048	GO:0030956;GO:0016787;GO:0050567;GO:0005524;GO:0006412
Q9CD58	GO:0004222;GO:0030163;GO:0016021;GO:0004176;GO:0005886;GO:0005524;GO:0008270
A0B7E8	GO:0006096;GO:0005576;GO:0009986;GO:0000015;GO:0004634;GO:0000287
Q5HHB4	GO:0045454;GO:0050660;GO:0003756;GO:0050451;GO:0050661
A5I640	GO:0006457;GO:0051082;GO:0071468;GO:0034605;GO:0005524;GO:0071475
Q1CSD3	GO:0046961;GO:0045261;GO:0005886;GO:0005524;GO:0046933
B5EQ61	GO:0051539;GO:0016830;GO:0009229;GO:0009228;GO:0008270
E9Q5R7	GO:0070373;GO:0050728;GO:1901223;GO:0032692;GO:0032715;GO:0043124;GO:0009968;GO:0031953;GO:0036336;GO:0043122;GO:0071345;GO:0045751;GO:0005737;GO:0032088;GO:0045345;GO:0005524;GO:0043281;GO:0050710;GO:1901224
Q6M9L0	GO:0006435;GO:0000049;GO:0004829;GO:0005737;GO:0005524;GO:0046872
Q9NQX6	GO:0000978;GO:0005634;GO:0000981;GO:0008270;GO:0006355
B0U3C6	GO:0042744;GO:0004096;GO:0046872;GO:0006979;GO:0020037
Q4FVJ8	GO:0051539;GO:0016830;GO:0009229;GO:0009228;GO:0008270
B7GUG7	GO:0003677;GO:0006351;GO:0032549;GO:0003899
Q52KB5	GO:0003700;GO:0000978;GO:0046872;GO:0006357;GO:0001227;GO:0005654;GO:0006355
Q17DK5	GO:0045892;GO:0005634;GO:0018298;GO:0009882;GO:0050660;GO:0005737;GO:0048511;GO:0005641;GO:0048471;GO:0042752
Q0SFF3	GO:0003924;GO:0003746;GO:0005737;GO:0005525
P0CM80	GO:0006891;GO:0000139;GO:0017119;GO:0015031
P0CZ40	GO:0009380;GO:0016887;GO:0009432;GO:0003677;GO:0006289;GO:0005737;GO:0009381;GO:0008270;GO:0005524
Q8GZ52	GO:0009738;GO:0048581;GO:0042626;GO:0033231;GO:0015562;GO:0055085;GO:0080168;GO:0005886;GO:0005524;GO:0016021;GO:0098657;GO:0010496
Q8PK26	GO:0005737;GO:0004055;GO:0006526;GO:0005524
B7HW52	GO:0006096;GO:0005576;GO:0009986;GO:0000015;GO:0004634;GO:0000287
P46937	GO:1902036;GO:0070102;GO:0005634;GO:0060576;GO:0050679;GO:0072091;GO:0048368;GO:0003015;GO:0005654;GO:0005737;GO:1904036;GO:0070064;GO:0045893;GO:0071148;GO:0090263;GO:0006974;GO:0000978;GO:0030216;GO:0030903;GO:0042060;GO:0010629;GO:0060487;GO:0065003;GO:0071300;GO:0016020;GO:0008022;GO:0005829;GO:0050847;GO:0060242;GO:2000737;GO:0001570;GO:0010628;GO:0003682;GO:0010837;GO:0000976;GO:0000902;GO:0050767;GO:0060045;GO:0001894;GO:0071149;GO:0072307;GO:1902459;GO:0032570;GO:0003714;GO:0008283;GO:0060449;GO:0140297;GO:0045944;GO:0048339;GO:0030857;GO:0035329;GO:0061026;GO:0035019;GO:2001237;GO:0003713;GO:0033148;GO:0071480;GO:0006367;GO:0003143;GO:0045747
Q918W3	GO:0039694;GO:0006351;GO:0006396;GO:0003968;GO:0003724;GO:0008174;GO:0005524;GO:0046872;GO:0003723;GO:0051213
W3X9K7	GO:0005634;GO:0000981;GO:0042438;GO:0003677;GO:0008270
Q1LR74	GO:0003697;GO:0008094;GO:0009432;GO:0006281;GO:0005737;GO:0006310;GO:0005524;GO:0003684
Q5LMQ5	GO:0003677;GO:0006351;GO:0032549;GO:0003899
D6RGX4	
Q8WTR7	GO:0015030;GO:0000978;GO:0006357;GO:0006369;GO:0006398;GO:0005634;GO:0008334;GO:0001228;GO:0005654;GO:0046872
H2QII6	GO:0006457;GO:0005634;GO:0005642;GO:0031965;GO:0005737;GO:0005635;GO:0005643;GO:0003723;GO:0016740;GO:0003755;GO:0051028;GO:0016925;GO:0008536;GO:0006607;GO:0046872;GO:0043547
Q2LKV2	GO:0032610;GO:0032611;GO:0019904;GO:0030163;GO:0005634;GO:0006919;GO:0006954;GO:0051402;GO:0005654;GO:1904784;GO:0070269;GO:0061702;GO:0005524;GO:0005829;GO:0045087;GO:0019899;GO:0043280;GO:0072558
Q62868	GO:0005813;GO:0035509;GO:0039694;GO:0043410;GO:0018105;GO:0048598;GO:0005634;GO:0001843;GO:0007266;GO:0017049;GO:0010825;GO:0031644;GO:0036464;GO:0061157;GO:0051246;GO:0008625;GO:0001934;GO:0005737;GO:0005856;GO:0048511;GO:0090271;GO:1905145;GO:0007249;GO:0004674;GO:0006468;GO:0051496;GO:0030866;GO:0051298;GO:1903140;GO:0010629;GO:1902966;GO:0097746;GO:0005886;GO:0016301;GO:0030036;GO:0005524;GO:0030261;GO:0098978;GO:1990776;GO:0002931;GO:1903347;GO:0072518;GO:0010628;GO:0004672;GO:0048813;GO:1902961;GO:0150033;GO:1905205;GO:0071394;GO:0032723;GO:0010595;GO:0045019;GO:0098685;GO:1901888;GO:1902993;GO:1900037;GO:0030335;GO:0031616;GO:0072659;GO:0010613;GO:0006939;GO:0016525;GO:0042752;GO:0045616;GO:0110061;GO:0071559;GO:0031032;GO:0000281;GO:0018107;GO:0046872;GO:1902004;GO:0098974
Q6UY18	GO:0031012;GO:0016021;GO:0005615
Q9ZK23	GO:0006351;GO:0003899;GO:0032549;GO:0003677;GO:0008270;GO:0000287
Q9LKU8	
A8WZU5	GO:0017108;GO:0070336;GO:0005634;GO:0004528;GO:0046872;GO:0036297;GO:0008409
P27481	GO:0005737;GO:0031408;GO:0016165;GO:0046872
Q6FAT9	GO:0006096;GO:0005576;GO:0009986;GO:0000015;GO:0004634;GO:0000287
Q674X7	GO:0030057;GO:0005654;GO:0005856;GO:0070268;GO:0016607;GO:0005829;GO:0001533
Q5XA89	GO:0009380;GO:0016887;GO:0009432;GO:0003677;GO:0006289;GO:0005737;GO:0009381;GO:0008270;GO:0005524
Q6AAB8	GO:0006096;GO:0005576;GO:0009986;GO:0000015;GO:0004634;GO:0000287
P79795	GO:0098743;GO:0030424;GO:0032584;GO:0001525;GO:0070852;GO:0051491;GO:0005886;GO:0016021;GO:0005021;GO:0048010;GO:0017154;GO:0008201;GO:0009887;GO:0007411;GO:0019838;GO:0035767;GO:0043679;GO:0044295;GO:0007155;GO:0022035;GO:0031966;GO:0046872;GO:0048729
Q658G7	GO:0004675;GO:2000038;GO:1902584;GO:0005886;GO:1901002;GO:0005524;GO:0016021
Q8EWN6	GO:0002098;GO:0050660;GO:0005737
Q3V1D5	GO:0004806;GO:0019433;GO:0005737;GO:0016020;GO:0055088;GO:0005811
P16170	GO:0005886;GO:0007155;GO:0016021
Q68VV0	GO:0047780;GO:0003994;GO:0051539;GO:0006099;GO:0003729;GO:0047456;GO:0046872;GO:0003730;GO:0019679
Q3K051	GO:0009380;GO:0016887;GO:0009432;GO:0003677;GO:0006289;GO:0005737;GO:0009381;GO:0005524
P08065	GO:0008177;GO:0000104;GO:0016491;GO:0006099;GO:0050660;GO:0005886;GO:0009061;GO:0009055
Q0SQC0	GO:0006433;GO:0002161;GO:0005737;GO:0005524;GO:0004827
P74177	GO:0006351;GO:0003899;GO:0003677;GO:0008270;GO:0000287
O51777	GO:0009380;GO:0016887;GO:0009432;GO:0003677;GO:0006289;GO:0005737;GO:0009381;GO:0008270;GO:0005524
Q3AZA3	GO:0006351;GO:0003899;GO:0003677;GO:0008270;GO:0000287
Q54T05	GO:0030688;GO:0046872;GO:0004672;GO:0005634;GO:0005524;GO:0030490;GO:0005829;GO:0004674;GO:0006468
A7I002	GO:0006402;GO:0006396;GO:0005737;GO:0004654;GO:0003723;GO:0000287
Q92451	GO:0005576;GO:0052692;GO:0004557;GO:0005975
P51815	GO:0000978;GO:0006357;GO:0005634;GO:0000981;GO:0008270
P05068	GO:0009405;GO:0090729;GO:0005102;GO:0030435
Q04JL8	GO:0008360;GO:0009252;GO:0007049;GO:0051301;GO:0047482;GO:0071555;GO:0005737;GO:0005524;GO:0000287
Q2FSF9	GO:0008852;GO:0000738;GO:0008408;GO:0003677;GO:0003887;GO:0016539;GO:0006261
B3WCW7	GO:0006096;GO:0005576;GO:0009986;GO:0000015;GO:0004634;GO:0000287
B9U3F2	GO:0045665;GO:0008203;GO:0005789;GO:0031965;GO:2000179;GO:0005783;GO:0016021;GO:0042632;GO:0030659;GO:0009725;GO:0045834
Q92KZ7	GO:0042597;GO:0008643
Q810J8	GO:0044233;GO:0005739;GO:0032266;GO:0005794;GO:0005783;GO:0097629;GO:0043325;GO:0140042;GO:0010923;GO:0000407;GO:0005789;GO:0005547;GO:0005776;GO:0005795;GO:0048471;GO:0016236;GO:1990462;GO:0009267;GO:0046872;GO:0005545;GO:0005811
Q3BTK6	
Q2ILI1	GO:0030170;GO:0019264;GO:0005737;GO:0004372;GO:0035999
Q8N0W3	GO:0046835;GO:1903350;GO:0050201;GO:0042352;GO:0005524;GO:0005829
Q8GUU2	GO:0016567;GO:0046872;GO:0009793;GO:0005774;GO:0016021;GO:0016740
Q30W70	GO:0016840;GO:0042426;GO:0033265;GO:0042803
P14410	GO:0044245;GO:0070062;GO:0016324;GO:0030246;GO:0004575;GO:0005886;GO:0005794;GO:0004574;GO:0016021;GO:0005903;GO:0005975
O23404	GO:0006090;GO:0005634;GO:0015979;GO:0016301;GO:0009570;GO:0005524;GO:0046872;GO:0005829;GO:0009507;GO:0050242
Q9UC06	GO:0006357;GO:0000790;GO:0000981;GO:0046872;GO:0000977
Q8R2E9	GO:0022417;GO:0045454;GO:0018401;GO:0005789;GO:0003756;GO:0030198;GO:0016020;GO:0030070;GO:0015035;GO:0042593;GO:0034975;GO:0016671
Q672I1	GO:0039694;GO:0006351;GO:0018144;GO:0030430;GO:0006260;GO:0004197;GO:0003968;GO:0003724;GO:0005524;GO:0003723;GO:0019028
Q86Y25	GO:0000978;GO:0006357;GO:0005634;GO:0000981;GO:0031965;GO:0046872;GO:0005829
Q2KN93	GO:0005819;GO:0031941;GO:0007049;GO:0005815;GO:0005921;GO:0051301;GO:0060325;GO:0005737;GO:0030036
P95575	GO:0000287;GO:0008966;GO:0005975
Q2KN99	GO:0005819;GO:0034332;GO:0031941;GO:0005815;GO:0007049;GO:0005921;GO:0036032;GO:0051301;GO:0051897;GO:0061713;GO:0007155;GO:0005737;GO:0007026;GO:0016477;GO:0030036;GO:0030835;GO:0008013;GO:0005911;GO:0015629;GO:0015630
P14337	GO:0039694;GO:0003725;GO:0039502;GO:0042025;GO:0019031;GO:0039564;GO:0004483;GO:0075512;GO:0005198;GO:0005576;GO:0044220;GO:0004482;GO:0039707;GO:0005524;GO:0016021;GO:0019028;GO:0039545;GO:0005216;GO:0003724;GO:0033650;GO:0003968;GO:0039654;GO:0044385;GO:0039574;GO:0055036;GO:0051259;GO:0046983;GO:0044167;GO:0046872;GO:0039520;GO:0019062;GO:0004252
A3LRW3	GO:0005789;GO:0000139;GO:0030127;GO:0006886;GO:0008270;GO:0006888
Q7UJI3	GO:0003924;GO:0030488;GO:0002098;GO:0005737;GO:0046872;GO:0005525;GO:0005829
Q10039	GO:0015966;GO:0005576;GO:0004820;GO:0005739;GO:0006426;GO:0046983;GO:0005737;GO:0070150;GO:0005524;GO:0016740;GO:0030424
O22925	GO:0006511;GO:0030665;GO:0005509;GO:0005768;GO:0005802;GO:0000139;GO:0016021;GO:0061630;GO:0016020;GO:0006896;GO:0017119;GO:0006623;GO:0031902
A7X5J1	GO:0051539;GO:0006777;GO:0019008;GO:1904047;GO:0046872;GO:0005525;GO:0061798
O94955	GO:0042995;GO:0007163;GO:0019901;GO:0008584;GO:0005737;GO:0005856;GO:0032956;GO:0005525;GO:0031410;GO:0008360;GO:0005886;GO:0030036;GO:0005524;GO:0005829;GO:0043231;GO:0003924;GO:0007015;GO:0070062;GO:0016887;GO:0032588;GO:0042147;GO:0017137;GO:0031982;GO:0030865;GO:0005938;GO:0016477
C3MQ53	GO:0003924;GO:0003746;GO:0005737;GO:0005525
O88491	GO:0030331;GO:0005634;GO:0042799;GO:0000122;GO:0006355;GO:0046966;GO:0046965;GO:0000414;GO:0045893;GO:0016571;GO:0000978;GO:0042974;GO:0003682;GO:0003714;GO:1903025;GO:0033135;GO:0000785;GO:0050681;GO:0046975;GO:0035097;GO:0003712;GO:0008270;GO:0042054;GO:0001702
B0S0Z5	GO:0050511;GO:0008360;GO:0009252;GO:0007049;GO:0030259;GO:0051301;GO:0071555;GO:0005886;GO:0051991;GO:0005975
A3QE30	GO:0009014;GO:0009089;GO:0050897;GO:0008270;GO:0019877
P43403	GO:0050852;GO:0045059;GO:0005737;GO:0005102;GO:0005911;GO:0006468;GO:0043366;GO:0031234;GO:0042110;GO:0006955;GO:0018108;GO:0001772;GO:0005886;GO:0005524;GO:0005829;GO:0042127;GO:0070489;GO:0002250;GO:0046638;GO:0045582;GO:0045060;GO:0038083;GO:0004715;GO:0004713;GO:0035556;GO:0007169;GO:0030154;GO:0042101;GO:0072678;GO:0001784;GO:0050850;GO:0045087;GO:0042113;GO:0030217;GO:0046641
Q80TI1	GO:0005856
B7IHI2	GO:0006541;GO:0003922;GO:0005524;GO:0016462
P83741	GO:0003084;GO:0050852;GO:0018105;GO:0019901;GO:0005737;GO:0004674;GO:0006468;GO:0033633;GO:0033673;GO:0090263;GO:1904062;GO:2000651;GO:0006811;GO:0071277;GO:0038116;GO:0002028;GO:0016020;GO:0046777;GO:0005524;GO:0023016;GO:0005829;GO:0090188;GO:0010923;GO:1903038;GO:1903288;GO:0050794;GO:0010820;GO:0004672;GO:1990869;GO:0030295;GO:0035556;GO:0034115;GO:0019902;GO:0034260;GO:0050801;GO:0097022;GO:0010766;GO:0018107;GO:0019870;GO:0030291;GO:0000287;GO:0019869;GO:0032414
Q6BZ28	GO:0008380;GO:0006397;GO:0005739
Q5BH30	GO:1900584;GO:1900793;GO:1900587;GO:0055114;GO:1900815;GO:1900813;GO:0031177;GO:0045461;GO:0016746;GO:0019748;GO:1900575;GO:0044550
Q2Y8T1	GO:0015081;GO:0006885;GO:0005886;GO:0015297;GO:0016021
B5XWP9	GO:0051539;GO:0005886;GO:0046872;GO:0009055
Q2MI42	GO:0015031;GO:0009706;GO:0016021
P21613	GO:0003777;GO:0008017;GO:0005874;GO:0005737;GO:0005524;GO:0007018;GO:0030424
Q6P2C0	GO:0008137;GO:0005747;GO:0022900
Q96WJ0	GO:0016104;GO:0000250;GO:0042300;GO:0006694;GO:0005811
Q149C3	GO:0051965;GO:0031012;GO:0016021;GO:0005615
Q17390	GO:0006511;GO:0036369;GO:0005634;GO:1902104;GO:0005737;GO:0031146;GO:0004842;GO:0051232;GO:0016567;GO:0019100;GO:0019102;GO:0031145;GO:0030261;GO:0031462;GO:0008104;GO:0051759;GO:0031625;GO:0008595;GO:0019005;GO:0043161;GO:0031461;GO:0042078
Q8R059	GO:0042802;GO:0006012;GO:0003974;GO:0003978;GO:0061623;GO:0019388;GO:0042803;GO:0005829;GO:0033499
O34673	GO:0008789;GO:0019698
Q4R3Q7	
A7ZKF9	GO:0006400;GO:0016705
B4H3U8	GO:0072657;GO:0004622;GO:0007272;GO:0005789;GO:0102545;GO:0051402;GO:0007608;GO:0045494;GO:0016042;GO:0005886;GO:0034349;GO:0034236;GO:0016021;GO:0046470;GO:0006643;GO:0061024;GO:2000480
Q9QJ26	GO:0005198;GO:0042025;GO:0039622
P40709	GO:0005886;GO:0008484;GO:0016021
A8MJ53	
P0CE94	GO:0031589;GO:0006909;GO:0000902;GO:0031143;GO:0005546;GO:0005547;GO:0005856;GO:0032433;GO:0000916;GO:0036090;GO:0032154;GO:0003779;GO:0098609;GO:0034461;GO:0000281;GO:0005938;GO:0030587;GO:0005886;GO:0016020;GO:0031254
Q88PP0	GO:0005344;GO:0071949;GO:0019825;GO:0046872;GO:0008941;GO:0051409;GO:0009636;GO:0020037
P30925	GO:0003924;GO:0006414;GO:0003746;GO:0005737;GO:1990904;GO:0005525
Q5R9R9	GO:0006782;GO:0005759;GO:0003870;GO:0030170
Q4V8B5	GO:0005737;GO:0005813
Q5HRK9	GO:0006351;GO:0003899;GO:0003677;GO:0008270;GO:0000287
Q4FPL3	GO:0006281;GO:0046872;GO:0003911;GO:0006260
Q5IFN2	GO:0005739;GO:0018298;GO:0071949;GO:0003677;GO:0003913;GO:0000719;GO:0009507
Q12173	GO:0032197;GO:0003677;GO:0005737;GO:0008270;GO:0000943
Q5JJY4	GO:0004722;GO:0005634;GO:0005524;GO:0046872;GO:0005829;GO:0004674
B9M3M1	GO:0006096;GO:0005576;GO:0009986;GO:0000015;GO:0004634;GO:0000287
O88900	GO:0005768;GO:0032869;GO:0030971;GO:1904145;GO:0035556;GO:0005737;GO:0005886;GO:0005794;GO:0010008;GO:0030674;GO:0051219;GO:0043231;GO:0008286;GO:0046627
Q0DCT8	GO:0005634;GO:0005737;GO:0005886;GO:0005524;GO:0004674;GO:0006468
Q0CBS0	GO:0017108;GO:0005739;GO:0006260;GO:0005730;GO:0006286;GO:0043137;GO:0008409;GO:0003677;GO:0005654;GO:0006303;GO:0000287;GO:0001302;GO:0035753;GO:0000734;GO:0005829
Q11BC8	GO:0005525;GO:0003924;GO:0005737;GO:0003743
Q8L6Y3	
Q5REA0	GO:0003677;GO:0046872;GO:0005634;GO:0006355
Q2PFD7	GO:0032011;GO:0032012;GO:0016020;GO:0032587;GO:0005086;GO:0014069
Q9K0N7	GO:0022857;GO:0046677;GO:0015562;GO:0008559;GO:0016887;GO:0005886;GO:0005524;GO:0005887;GO:1990961
Q9RRM6	GO:0004521;GO:0006402;GO:0005886;GO:0016021;GO:0003723
Q9P209	GO:0042802;GO:0005813;GO:0007099;GO:0010389;GO:0033566;GO:1904779;GO:0034451;GO:0097711;GO:0000086;GO:0005829;GO:0007051
C3NEU3	GO:0046961;GO:0042777;GO:0033178;GO:0005524;GO:0046933
Q6BQU8	GO:0032007;GO:0051321;GO:0034198
P0C7W8	
B6JDD7	GO:0051539;GO:0051537;GO:0004076;GO:0005506;GO:0009102
Q60PC0	GO:0008289;GO:1990504;GO:0006887;GO:0098793;GO:0046872;GO:0016079;GO:0030659;GO:0015031
A1KJX3	GO:0042744;GO:0004096;GO:0046872;GO:0006979;GO:0020037
Q39Z86	GO:0003924;GO:0005737;GO:0006449;GO:0005525;GO:0016149
P0C1T4	GO:0003677;GO:0006351;GO:0003899;GO:0046872
A0A125S9M5	GO:0005882;GO:0005637
Q2SSG0	GO:0005524;GO:0005737;GO:0006433;GO:0004827
Q49Z69	GO:0004029;GO:0043878
Q8NX96	GO:0009253;GO:0005576;GO:0033925;GO:0008745;GO:0071555;GO:0004040
B9M357	GO:0006457;GO:0051082;GO:0005524
A0LV00	GO:0051539;GO:0006400;GO:0035596;GO:0005737;GO:0046872
Q8DI58	GO:0006457;GO:0051082;GO:0005524
B3WEJ1	GO:0000724;GO:0003678;GO:0005524;GO:0003690;GO:0008408
A1ANV0	GO:0006457;GO:0051082;GO:0005524
P06241	GO:1904646;GO:0044325;GO:0042608;GO:0003015;GO:1900449;GO:0038096;GO:0043123;GO:0030425;GO:0005524;GO:0005829;GO:0050966;GO:0048813;GO:0046875;GO:0038083;GO:0035556;GO:0007411;GO:1900182;GO:0043524;GO:0043014;GO:0048471;GO:0045471;GO:1903202;GO:0030168;GO:0097386;GO:0050730;GO:0045087;GO:0031397;GO:0005739;GO:0000165;GO:0045121;GO:0014068;GO:0043548;GO:0005102;GO:0050690;GO:0031234;GO:0010976;GO:1904645;GO:1903997;GO:0001764;GO:0018108;GO:0042610;GO:0042531;GO:0005886;GO:0036120;GO:0042127;GO:0002250;GO:0050900;GO:0006816;GO:0004713;GO:1905664;GO:2001240;GO:0007169;GO:0030154;GO:0030900;GO:1905232;GO:0010730;GO:0050321;GO:0007631;GO:0007612;GO:0071560;GO:0097038;GO:0006468;GO:0019899;GO:0008360;GO:0010629;GO:0044297;GO:0031802;GO:0048010;GO:1905477;GO:0004715;GO:0000304;GO:0007596;GO:0019221;GO:1902951;GO:0005768;GO:0090314;GO:0051897;GO:0042802;GO:0050852;GO:0005634;GO:0048013;GO:0050804;GO:0042177;GO:0002223;GO:0051428;GO:0042609;GO:0050798;GO:0048156;GO:0042542;GO:0071375;GO:0097718;GO:0098685;GO:1901216;GO:0014069;GO:1905430;GO:0070851;GO:2001056;GO:0097062;GO:0005884;GO:0042493;GO:0046872;GO:0031295
B0W9F4	GO:0051539;GO:0003678;GO:0006260;GO:0005634;GO:0003677;GO:0006281;GO:0006310;GO:0010569;GO:0005524;GO:0046872;GO:0000723
O17514	GO:0031519;GO:0070734;GO:0098532;GO:0006357;GO:0007276;GO:0007281;GO:0040029;GO:0000786;GO:0009888;GO:0007275;GO:0042054;GO:0042078;GO:0016571;GO:0010468
O74419	GO:0005634;GO:0005829;GO:0016874;GO:0003824
P06168	GO:0009099;GO:0000002;GO:0005739;GO:0009082;GO:0042645;GO:0009097;GO:0046872;GO:0004455;GO:0003690
Q2YSB8	GO:0006351;GO:0003899;GO:0003677;GO:0008270;GO:0000287
B5Y8Q8	GO:0034605;GO:0004176;GO:0043565;GO:0005737;GO:0005524;GO:0006515;GO:0004252
Q6NU53	GO:0030014;GO:0005634;GO:0006417;GO:0005737;GO:0031047
A2YBX5	GO:0004674;GO:0005524
Q62956	GO:0007507;GO:0045211;GO:0098978;GO:0005739;GO:0005634;GO:0032230;GO:0050679;GO:0007165;GO:0008285;GO:0042476;GO:0045121;GO:0046326;GO:0043066;GO:0005737;GO:0014068;GO:0001755;GO:0021889;GO:0042803;GO:0071364;GO:0072046;GO:0045893;GO:0045165;GO:0060749;GO:0009925;GO:0043552;GO:0043065;GO:0018108;GO:0042531;GO:0005886;GO:0046777;GO:0098982;GO:0005524;GO:0005887;GO:0042542;GO:0043653;GO:0021551;GO:0030334;GO:0000976;GO:0060045;GO:0005154;GO:0038083;GO:0004713;GO:0008284;GO:0032570;GO:2001223;GO:0007595;GO:0007275;GO:0007169;GO:0014069;GO:0016323;GO:0030335;GO:2000010;GO:0004714;GO:0046427;GO:0007399;GO:0033674;GO:0061026;GO:0070374;GO:0009880;GO:0043129;GO:0099056;GO:0099061;GO:0021537;GO:0060074;GO:0010656;GO:0016477;GO:0007416;GO:0030879;GO:0042493;GO:0043235;GO:0005901;GO:0060644
A2RME6	GO:0006419;GO:0000049;GO:0005737;GO:0004813;GO:0005524;GO:0008270
Q5ZIZ2	GO:0032259;GO:0008168;GO:0046872
Q61210	GO:0001664;GO:0005886;GO:0060548;GO:0005089;GO:0005096;GO:0007186;GO:0005829
Q11EW4	GO:0009039;GO:0005737;GO:0016151;GO:0043419
B4LVU6	GO:0047555;GO:0007165;GO:0005886;GO:0016020;GO:0046872;GO:0046068
Q2YYS8	GO:0051539;GO:0006777;GO:0019008;GO:1904047;GO:0046872;GO:0005525;GO:0061798
P29375	GO:0051090;GO:0007283;GO:0042393;GO:0005634;GO:0008584;GO:0005654;GO:0000122;GO:0034647;GO:0032452;GO:0031490;GO:0045893;GO:0032993;GO:0032922;GO:0034648;GO:0000976;GO:0034720;GO:0005730;GO:0035064;GO:1901726;GO:0006338;GO:0003677;GO:0003713;GO:0035097;GO:0008270;GO:0051213
O88516	GO:0045746;GO:0001501;GO:0005509;GO:0050768;GO:0007399;GO:0048339;GO:0005112;GO:0050769;GO:0009888;GO:0001701;GO:0016021;GO:0048712;GO:0007219;GO:0001709;GO:0001756;GO:0007386
B1X9G8	GO:0006400;GO:0016705
Q9RWK0	GO:0006807;GO:0006526;GO:0005737;GO:0044205;GO:0005524;GO:0046872;GO:0006541;GO:0004088
P27754	GO:0005739;GO:0005840;GO:0006412;GO:0003723;GO:0003735
Q6N5D5	GO:0000287;GO:0016779;GO:0005524
Q5B8A0	GO:0006633;GO:0004315;GO:0031177
B2I9J2	GO:0004834
Q4G3A6	GO:0006351;GO:0003899;GO:0003677;GO:0008270;GO:0000287;GO:0009507
B4UIM7	GO:0030170;GO:0019264;GO:0005737;GO:0004372;GO:0035999
A4YCQ5	GO:0005525;GO:0003924;GO:0003743
P55540	GO:0004497;GO:0016705;GO:0005506;GO:0020037
A1AW65	GO:0051539;GO:0016830;GO:0009229;GO:0009228;GO:0008270
A7L9Z8	GO:0061180;GO:0070588;GO:0046872;GO:0006874;GO:0006828;GO:0015410;GO:0009898;GO:0016887;GO:0090280;GO:0000139;GO:0016021;GO:0005886;GO:0005388;GO:0008553;GO:0005783;GO:0005524;GO:0031410;GO:0048471;GO:0072659
F4HZB2	GO:0033962;GO:0000932;GO:1903335;GO:0009737;GO:0071472;GO:0080001;GO:0007033;GO:0005737;GO:0009825;GO:1904580;GO:0010090
Q90YM8	GO:0099563;GO:0008360;GO:0000902;GO:0000340;GO:0031529;GO:0030032;GO:0048675;GO:0048365;GO:0001726;GO:0005737;GO:0006417;GO:0030027;GO:0007411;GO:0031209;GO:0043005;GO:0030031;GO:0048471;GO:0030833;GO:0051015;GO:0045202
Q7MVG5	GO:0016835;GO:0097367;GO:0097173;GO:0005975
B0TX65	GO:0042026;GO:0005737;GO:0051082;GO:0005524
Q9HJ83	GO:0006457;GO:0031072;GO:0051082;GO:0006260;GO:0009408;GO:0005737;GO:0008270;GO:0005524
Q038V7	GO:0000724;GO:0003678;GO:0005524;GO:0003690;GO:0008408
A8G7W0	GO:0004125;GO:0005737;GO:0001514;GO:0097056
Q4JDL3	GO:0005874;GO:0071345;GO:0004725;GO:0005654;GO:0005737;GO:0034451
A6Q182	GO:0051539;GO:0004160;GO:0009099;GO:0009097;GO:0046872
Q6KGH8	GO:0098003
Q88L02	GO:0004165;GO:0006635;GO:0003857;GO:0004300;GO:0008692;GO:0036125
Q9Z6K0	GO:0003723;GO:0005737;GO:0052908;GO:0000179
B7JNG6	GO:0030170;GO:0005737;GO:0006782;GO:0042286;GO:0008483
Q2KJ97	GO:0048168;GO:0043025;GO:0098794;GO:0030425;GO:0010008;GO:0045453;GO:0005829;GO:0031175
P22518	GO:0018105;GO:0005634;GO:0018108;GO:0004713;GO:0018107;GO:0004712;GO:0005737;GO:0046777;GO:0005524;GO:0004674;GO:0043484
C6DEY0	GO:0003677;GO:0004386;GO:0005524;GO:0006355
A8YVK1	GO:0003678;GO:0000724;GO:0005524;GO:0003690;GO:0008409
Q6CK32	GO:0003724;GO:0005524;GO:0003723;GO:0000463;GO:0005730
O87386	GO:0046653;GO:0008115;GO:0005737
P26162	GO:0036070;GO:0015979;GO:0005524;GO:0016851
Q8TER0	GO:0005509;GO:0005576;GO:0007160;GO:0005112
C0ZVT6	GO:0003924;GO:0003746;GO:0005737;GO:0005525
B1LIV6	GO:0006400;GO:0016705
O43011	GO:0005759;GO:0006427;GO:0005739;GO:0002181;GO:0005737;GO:0004821;GO:0005524;GO:0005829;GO:0032543
Q2HFD4	GO:0005634;GO:0030983;GO:0005524;GO:0006298
B5EEZ9	GO:0005525;GO:0005524
Q0UUE2	GO:0003723;GO:0006378;GO:0005634;GO:0005847
A4JB51	GO:0006782;GO:0050661;GO:0008883
Q28983	GO:0007339;GO:0007155;GO:0005886;GO:0050840;GO:0016021
S0DLN7	GO:0019441;GO:0046872;GO:0016491;GO:0020037
A8FDN5	GO:0051539;GO:0046872;GO:0019516
P43069	GO:0030447;GO:0036170;GO:0036180;GO:0051301;GO:0007049;GO:0005088;GO:0009267;GO:0007265;GO:0071333;GO:0019933
Q9LXT9	GO:0008360;GO:0000148;GO:0003843;GO:0071555;GO:0005886;GO:0046527;GO:0016021;GO:0006075
B2JHK7	GO:0006782;GO:0050661;GO:0008883
A5V1W0	GO:0006096;GO:0005576;GO:0009986;GO:0000015;GO:0004634;GO:0000287
Q2JX64	GO:0003677;GO:0006351;GO:0032549;GO:0003899
Q0W257	GO:0016887;GO:0010498;GO:0043335;GO:0005737;GO:0005524;GO:0022623
Q9GLM3	GO:0032391;GO:0035869;GO:0007601;GO:0046548;GO:0050896;GO:1905515
Q9QYM7	GO:0042802;GO:0005634;GO:1905768;GO:1990841;GO:0047485;GO:0070522;GO:0006289;GO:0003684;GO:0000784;GO:1990599;GO:0061819;GO:0000724;GO:0008022;GO:0006296;GO:0009650;GO:0003697;GO:0010506;GO:0009411;GO:0033683;GO:0006303;GO:1904357;GO:0000110;GO:1905765;GO:0001094;GO:0006295;GO:0034644;GO:0032205
Q8GYU3	GO:0005634;GO:0030154;GO:0005737
O18719	GO:0000287;GO:0005737;GO:0004614;GO:0005975
P16372	GO:0000978;GO:0006357;GO:0046872;GO:0005634;GO:0000981
A3PBV8	GO:0102752;GO:0003844;GO:0043169;GO:0005978;GO:0004553
Q12S61	GO:0042026;GO:0005737;GO:0051082;GO:0005524
Q7TNM2	GO:0099612;GO:1990769;GO:0008017;GO:0001764;GO:0048490;GO:1904115;GO:0044304;GO:0000226;GO:0043194;GO:1901953;GO:0030517;GO:0008270;GO:0001578;GO:1903827;GO:0015630;GO:0007409
O67037	GO:0003678;GO:0006265;GO:0003677;GO:0003918;GO:0005524;GO:0006268;GO:0008270
B7NAT1	GO:0006400;GO:0016705
A2C4N1	GO:0006351;GO:0003899;GO:0003677;GO:0008270;GO:0000287
D2HNW6	GO:0000976;GO:0005634;GO:0045944;GO:0001228;GO:0035774;GO:0003310;GO:0003311;GO:0000977;GO:0090104;GO:0050796;GO:0045893;GO:0003309;GO:0042593;GO:0031018
A5G0Z4	
Q2UBW0	GO:0005634;GO:0006336;GO:0007059
A0AL52	GO:0006094;GO:0006096;GO:0005737;GO:0004347
Q2MIC9	GO:0015031;GO:0009706;GO:0016021
P58131	GO:0006351;GO:0003899;GO:0003677;GO:0009536;GO:0046872
P49463	GO:0006457;GO:0051082;GO:0009507;GO:0005524
B3EP64	GO:0003924;GO:0003746;GO:0005737;GO:0005525
P30957	GO:0071313;GO:0005509;GO:0006874;GO:0019722;GO:0033017;GO:0006816;GO:0005516;GO:0015278;GO:0005219;GO:0005262;GO:0016021;GO:0043231;GO:0016529;GO:0003143
Q9ULT8	GO:0003170;GO:0003281;GO:0035904;GO:0048856;GO:0070534;GO:0046872;GO:0004842
Q5YQ30	GO:0006096;GO:0005576;GO:0009986;GO:0000015;GO:0004634;GO:0000287
C3PFJ1	GO:0008878;GO:0005524;GO:0005978
P37411	GO:0009330;GO:0006265;GO:0003677;GO:0003918;GO:0005737;GO:0005694;GO:0005524;GO:0006261
Q2SSW9	GO:0003924;GO:0003746;GO:0005737;GO:0005525
P19686	GO:0008074;GO:0098978;GO:0008217;GO:0043167;GO:0044877;GO:0035556;GO:0009635;GO:0060087;GO:0014070;GO:0032991;GO:0010750;GO:0098925;GO:0098982;GO:0005525;GO:0004383;GO:0006182;GO:0020037
Q9NQZ8	GO:0000978;GO:0006357;GO:0005634;GO:0001228;GO:0046872
A1W0K4	GO:0042026;GO:0005737;GO:0051082;GO:0005524
P74215	GO:0030956;GO:0050567;GO:0070681;GO:0005524;GO:0006412
Q3U0J8	GO:0017137;GO:0090630;GO:0006886;GO:0005829;GO:0005096
Q96MA6	GO:0009142;GO:0036126;GO:0004550;GO:0021591;GO:0004017;GO:0006165;GO:0005737;GO:0004127;GO:0015949;GO:0005930;GO:0005524;GO:0005829;GO:0006163
Q65DH1	GO:0070395;GO:0005737;GO:0047473;GO:0005524
Q4L3K4	GO:0006351;GO:0003899;GO:0003677;GO:0008270;GO:0000287
Q90Y57	GO:0030878;GO:0005509;GO:0005112;GO:0016021;GO:0060218;GO:0007219
Q0TPS8	GO:0018339;GO:0051539;GO:0006400;GO:0005737;GO:0046872;GO:0103039
Q21EE3	GO:0008534;GO:0006289;GO:0008270;GO:0140078;GO:0003684;GO:0006284
O65502	GO:0009534;GO:0009523;GO:0003743;GO:0042651;GO:0005886;GO:0009570;GO:0010207;GO:0009535;GO:0009507
Q99K01	GO:0006665;GO:0019752;GO:0030170;GO:0001667;GO:0008117;GO:0016831;GO:0030149;GO:0005794;GO:0005783;GO:0043231
Q97Q48	GO:0006419;GO:0000049;GO:0005737;GO:0004813;GO:0005524;GO:0008270
B1YA52	GO:0051301;GO:0007049;GO:0006260;GO:0003910;GO:0003677;GO:0051103;GO:0006310;GO:0005524;GO:0046872;GO:0071897
A5IHS1	GO:0003677;GO:0006351;GO:0032549;GO:0003899
P18910	GO:0019901;GO:0007165;GO:0005525;GO:0048662;GO:0019934;GO:0005886;GO:0016941;GO:0005524;GO:0016021;GO:0006182;GO:0007166;GO:0010753;GO:0017046;GO:0004672;GO:0042562;GO:0035556;GO:0007168;GO:0001653;GO:0043235;GO:0004383;GO:0042417
Q3L1D1	GO:0033718;GO:0005576;GO:0050660
P11204	GO:0004190;GO:0015074;GO:0006226;GO:0004170;GO:0004533;GO:0003964;GO:0003677;GO:0004523;GO:0006310;GO:0002134;GO:0008270;GO:0044826;GO:0000287;GO:0046718;GO:0046081;GO:0075713
O54880	GO:0050714;GO:0046872;GO:0017158;GO:0017137;GO:0006887;GO:0006886;GO:0030658;GO:0005737;GO:0030141;GO:0030667;GO:0032024;GO:0042493;GO:0045744;GO:0030274;GO:0042593
O14275	GO:0005739;GO:0099616;GO:0140053;GO:0005737;GO:0006412;GO:0045182;GO:0070134
B2RK20	GO:0016835;GO:0097367;GO:0097173;GO:0005975
Q17Y80	GO:0046961;GO:0045261;GO:0005886;GO:0005524;GO:0046933
C5CB93	GO:0006782;GO:0050661;GO:0008883
A8FMS6	GO:0042026;GO:0005737;GO:0051082;GO:0005524
Q45KJ6	GO:1990837;GO:2000627;GO:0010587;GO:0005730;GO:0031123;GO:0005654;GO:2000635;GO:0008270;GO:0031054;GO:0003723;GO:0005829;GO:0050779;GO:2000632
Q38YN9	GO:0006419;GO:0000049;GO:0005737;GO:0004813;GO:0005524;GO:0008270
Q32ZD4	GO:0039694;GO:0046872;GO:0003725;GO:0039502;GO:0042025;GO:0019031;GO:0039564;GO:0004483;GO:0075512;GO:0003724;GO:0019062;GO:0005198;GO:0003968;GO:0039654;GO:0005576;GO:0055036;GO:0046983;GO:0044220;GO:0004482;GO:0039563;GO:0044167;GO:0005524;GO:0016021;GO:0039520;GO:0019028;GO:0004252
Q9CHK3	GO:0008756;GO:0009234;GO:0005524
Q5T7N2	GO:1990904;GO:0032197;GO:0003727
B9G2A8	GO:0009506;GO:0009826;GO:0007275;GO:0009926;GO:0008270;GO:0016021;GO:0005829;GO:0009734
Q04JW5	GO:0006419;GO:0000049;GO:0005737;GO:0004813;GO:0005524;GO:0008270
A0A384LP51	GO:0032259;GO:0008168;GO:0051539;GO:0046872
Q9QX29	GO:0045121;GO:0051117;GO:0051480;GO:0005737;GO:0070679;GO:0045666;GO:0003779;GO:0030276;GO:0034704;GO:0043025;GO:0070782;GO:0050774;GO:0030425;GO:1902630;GO:0010800;GO:0005887;GO:0070588;GO:0045773;GO:0051402;GO:0008284;GO:0005262;GO:0006828;GO:0030182;GO:0030426;GO:0042805;GO:0034703;GO:0007204;GO:0015279
Q07K73	GO:0009039;GO:0005737;GO:0016151;GO:0043419
Q13075	GO:0016045;GO:0042742;GO:0046872;GO:0007399;GO:0072557;GO:0043027;GO:0006954;GO:0043066;GO:0005737;GO:0070269;GO:0005524;GO:0043154;GO:0045087;GO:0016323;GO:0043524
B0KPF4	GO:0002098;GO:0016765;GO:0043828
P0C6W2	GO:0039694;GO:0039502;GO:0004197;GO:0003727;GO:0032259;GO:0004519;GO:0039648;GO:0004843;GO:0044220;GO:0039595;GO:0005524;GO:0016021;GO:0039644;GO:0019082;GO:0039579;GO:0033644;GO:0003724;GO:0003968;GO:0008168;GO:0044172;GO:0003678;GO:0006351;GO:0004527;GO:0008270;GO:0039520
Q9ERL9	GO:0008074;GO:0008217;GO:0043167;GO:0044877;GO:0035556;GO:0060087;GO:0032991;GO:0010750;GO:0005525;GO:0004383;GO:0006182;GO:0020037
Q9C0E2	GO:0046827;GO:0005049;GO:0005654;GO:0005737;GO:0005643;GO:0005829;GO:0006611
P09958	GO:0006465;GO:0005802;GO:0019058;GO:1901394;GO:0016485;GO:0045121;GO:0032911;GO:0048406;GO:0010008;GO:0005783;GO:0032804;GO:0007179;GO:0005576;GO:0004867;GO:0000139;GO:0016486;GO:0005796;GO:0009986;GO:0042176;GO:0005886;GO:0016020;GO:0070268;GO:0090472;GO:0001825;GO:0032455;GO:0032940;GO:0030173;GO:0019082;GO:0070062;GO:0043043;GO:0009966;GO:0051004;GO:0022617;GO:0002020;GO:0097341;GO:0030198;GO:0030140;GO:0008233;GO:0031638;GO:0045714;GO:0052548;GO:0004175;GO:0044267;GO:0030574;GO:0051044;GO:0042277;GO:0046872;GO:0032902;GO:0004252
Q658T7	
Q9PDK4	GO:0004834
A1AST1	GO:0042026;GO:0005737;GO:0051082;GO:0005524
P0C6F8	GO:0019082;GO:0039579;GO:0039502;GO:0039648;GO:0004843;GO:0019079;GO:0004197;GO:0003727;GO:0033644;GO:0044220;GO:0039595;GO:0008270;GO:0016021;GO:0039520;GO:0016740;GO:0039548
Q8BVW0	GO:0006006;GO:0032450;GO:0004558;GO:0030246
Q4R979	GO:0035198;GO:0005634;GO:0005654;GO:0005737;GO:0003723;GO:0046822;GO:0046685;GO:0010494;GO:0002192;GO:0043153;GO:0003729;GO:0097158;GO:0016607;GO:0097167;GO:0002190;GO:0045947;GO:0006397;GO:0005730;GO:0008380;GO:0097157;GO:0032055;GO:0030154;GO:0051149;GO:0035278;GO:0036002;GO:0017148;GO:0008270;GO:0003730;GO:0000381
F6WXT2	GO:0006405;GO:0006606;GO:0044611;GO:0017056;GO:0051028
A4Y6R2	GO:0051539;GO:0016830;GO:0009229;GO:0009228;GO:0008270
Q12705	GO:0031505;GO:0140281;GO:0097720;GO:0008360;GO:0071852;GO:0071277;GO:0120105;GO:0005516;GO:1905949;GO:0005955;GO:0110085;GO:0005737;GO:1903473;GO:0033192;GO:0004723;GO:0046872;GO:0005829;GO:0004721;GO:0032153
Q4KJA1	GO:0051539;GO:0016830;GO:0009229;GO:0009228;GO:0008270
Q7N216	GO:0030170;GO:0019264;GO:0005737;GO:0004372;GO:0035999
Q9JMH9	GO:0005802;GO:0043066;GO:0005856;GO:0150051;GO:0005903;GO:0071346;GO:0000139;GO:0048194;GO:0007030;GO:0005524;GO:0016459;GO:1903028;GO:0042641;GO:0050714;GO:0043030;GO:0045335;GO:0090161;GO:0031032;GO:0016477;GO:0090164;GO:0005793;GO:0051015;GO:0043531
D1C4U5	GO:0004222;GO:0030163;GO:0016021;GO:0004176;GO:0005886;GO:0005524;GO:0008270
Q5HTP2	GO:0042026;GO:0005737;GO:0051082;GO:0005524
C0MFC7	GO:0006541;GO:0003922;GO:0005524;GO:0016462
Q0AMI8	GO:0006420;GO:0005737;GO:0004814;GO:0005524
O49329	GO:0005886;GO:0016021
A5IV50	GO:0051539;GO:0006777;GO:0019008;GO:1904047;GO:0046872;GO:0005525;GO:0061798
P04627	GO:0004672;GO:0033138;GO:0005739;GO:0032006;GO:0004709;GO:0032434;GO:0043066;GO:0005524;GO:0046872;GO:0005829;GO:0004674;GO:0006468
Q4JQT7	GO:0042025;GO:0019033;GO:0030430
Q4PEM9	GO:0010106;GO:0044550;GO:0016874;GO:0009405;GO:0005737;GO:0031169;GO:0031177;GO:0043041
Q09373	GO:0005680;GO:0040038;GO:0000793;GO:1990949;GO:0009949;GO:0005737;GO:0031145;GO:0008356;GO:0010997;GO:1990757;GO:1905786
Q10M50	GO:0015995;GO:0015979;GO:0031969;GO:0009570;GO:0005524;GO:0016851;GO:0009507
Q8BI17	
Q9C857	GO:0016042;GO:0005576;GO:0016788;GO:0005773
Q88J04	GO:0009039;GO:0005737;GO:0016151;GO:0043419
Q2KI58	GO:0000978;GO:0006357;GO:0046872;GO:0005634;GO:0000981
Q91B85	GO:0039694;GO:0003725;GO:0039502;GO:0042025;GO:0039564;GO:0004483;GO:0005198;GO:0005576;GO:0044220;GO:0004482;GO:0005524;GO:0016021;GO:0019028;GO:0003724;GO:0003968;GO:0039654;GO:0055036;GO:0046983;GO:0039563;GO:0044167;GO:0046872;GO:0039520;GO:0019062;GO:0004252
A7H2F8	GO:0042026;GO:0005737;GO:0051082;GO:0005524
Q4WUR1	GO:0031505;GO:0097720;GO:0005516;GO:0005955;GO:0005737;GO:0033192;GO:0046872
Q9UMS6	GO:0000045;GO:0005925;GO:0003779;GO:0099023;GO:0005634;GO:0051371;GO:0031005;GO:0005654;GO:0030335;GO:0001725;GO:0032233;GO:0043231;GO:0061684;GO:0030018;GO:0030674;GO:0051393;GO:0005829;GO:0015629;GO:0071889;GO:2000298
G4SLH0	GO:0046872;GO:0031672;GO:0031965;GO:0017022;GO:0031674;GO:0005524;GO:0051015;GO:0004674
P54124	GO:0004222;GO:0046872
Q9D4I2	GO:0007286;GO:0007283;GO:0007127;GO:0045141;GO:0040038;GO:0007276;GO:0048477;GO:0000212;GO:0007141;GO:0051321
Q0CNC7	GO:0004622;GO:0005789;GO:0102545;GO:0016042;GO:0016021
Q8PDW6	GO:0006631;GO:0005737;GO:0031956;GO:0005524
Q38Y18	GO:0006096;GO:0005576;GO:0009986;GO:0000015;GO:0004634;GO:0000287
O36414	GO:0008234;GO:0042025;GO:0030430;GO:0004843;GO:0019033;GO:0039648
Q03553	GO:0042025;GO:0007155;GO:0098671;GO:0046718;GO:0019028
Q69ZS8	GO:0030057;GO:0005654;GO:0005856;GO:0031424;GO:0016607;GO:0005829;GO:0001533
B9KDM8	GO:0006308;GO:0009318;GO:0008855;GO:0003676;GO:0005737
P73534	GO:0006096;GO:0030955;GO:0005737;GO:0016301;GO:0005524;GO:0000287;GO:0004743;GO:0005829
Q9VYT8	GO:0004497;GO:0005789;GO:0016705;GO:0005506;GO:0020037
Q11EU7	GO:0032259;GO:0009086;GO:0003871;GO:0008270
P27607	GO:0001516;GO:0004601;GO:0005789;GO:0008217;GO:0006954;GO:0004666;GO:0005737;GO:0046872;GO:0006979;GO:0051213;GO:0019371;GO:0020037
Q9BUY5	GO:0000978;GO:0006357;GO:0046872;GO:0005634;GO:0000981
Q1PF50	GO:0008239;GO:0005576;GO:0006508;GO:0009561;GO:0008236;GO:0005773
Q97WC6	GO:0009236;GO:0008168;GO:0046140;GO:0032259
Q9BDJ4	GO:0016042;GO:0004806;GO:0005886;GO:0005576
B1ICI3	GO:0006419;GO:0000049;GO:0005737;GO:0004813;GO:0005524;GO:0008270
P12830	GO:0042802;GO:0030054;GO:0071285;GO:0098978;GO:0005802;GO:0071681;GO:0016328;GO:0007156;GO:0005737;GO:0030027;GO:0050839;GO:0008013;GO:0015629;GO:0045296;GO:0045893;GO:0005576;GO:0034332;GO:0016600;GO:0099576;GO:0098609;GO:0005912;GO:0005886;GO:0016021;GO:0035635;GO:0016342;GO:0045295;GO:0005509;GO:0070062;GO:0030336;GO:0022408;GO:0048471;GO:0072659;GO:0009636;GO:0030198;GO:0043296;GO:0032794;GO:0098742;GO:0042307;GO:0005768;GO:0030506;GO:0021983;GO:0009898;GO:0098794;GO:0007416;GO:0042493;GO:0031175;GO:0010468
Q67VU7	GO:0048046;GO:0005975;GO:0004565;GO:0030246;GO:0005773;GO:0005618
A5DAR2	GO:0000463;GO:0005730;GO:0003724;GO:0005524;GO:0003723
A6WZP8	GO:0005737;GO:0071424;GO:0070475
Q662V8	GO:0005737;GO:0006096;GO:0004618;GO:0005524
Q9CEX2	GO:0004828;GO:0016260;GO:0097056;GO:0006434;GO:0005737;GO:0005524
Q6P996	GO:0006665;GO:0019752;GO:0030170;GO:0001667;GO:0008117;GO:0016831;GO:0030149;GO:0005794;GO:0005783;GO:0043231;GO:0045296
Q7XIV8	GO:0015079;GO:0005886;GO:0016020;GO:0016021;GO:0006813
Q45718	GO:0009405;GO:0090729;GO:0005102;GO:0030435
Q9V3A6	GO:0005789;GO:0016491;GO:0003756;GO:0051085;GO:0005783;GO:0015035;GO:0034975;GO:0016671
B4SCG2	GO:0010181;GO:0004452;GO:0016491;GO:0008299;GO:0070402;GO:0005737;GO:0000287
P31746	GO:0043895;GO:0005576;GO:0046872;GO:0004556;GO:2001070;GO:0005975
Q57794	
B2IQK0	GO:0006419;GO:0000049;GO:0005737;GO:0004813;GO:0005524;GO:0008270
A7RRJ0	GO:0017108;GO:0005739;GO:0005634;GO:0006260;GO:0005730;GO:0043137;GO:0003677;GO:0004523;GO:0005654;GO:0030145;GO:0000287;GO:0048256;GO:0006284;GO:0008409
B9DUB2	GO:0006541;GO:0003922;GO:0005524;GO:0016462
A7SVT1	GO:0016787;GO:0070733;GO:0005524;GO:0016021
Q2LZZ7	GO:0048814;GO:0018105;GO:0022416;GO:0005634;GO:0007165;GO:0035317;GO:0005737;GO:0004674;GO:0006468;GO:0030424;GO:0050773;GO:0048800;GO:0044297;GO:0030425;GO:0005524;GO:0070593;GO:0150013;GO:0048813;GO:0035556;GO:0051012;GO:0070451;GO:0005938;GO:0046872
C3MW93	GO:0046961;GO:0042777;GO:0033178;GO:0005524;GO:0046933
A3KMW7	GO:0005813;GO:0031122;GO:0008017;GO:0051301;GO:0097431;GO:0030496;GO:0051256;GO:0032467;GO:1990023;GO:0005881;GO:0032886
Q6FS63	GO:0007094;GO:0000778;GO:0051301;GO:0090268;GO:0044877;GO:1901925;GO:0044774;GO:0006913
Q41761	GO:0102726;GO:0008422;GO:0102483;GO:0009507;GO:0005975
Q11IW6	GO:0003697;GO:0008094;GO:0009432;GO:0006281;GO:0005737;GO:0006310;GO:0005524;GO:0003684
O02740	GO:0004672;GO:0120200;GO:0007601;GO:0035556;GO:0005886;GO:0005524;GO:0016021;GO:0005525;GO:0004383
A6U9N5	GO:0003697;GO:0008094;GO:0009432;GO:0006281;GO:0005737;GO:0006310;GO:0005524;GO:0003684
Q7MYN1	GO:0004418;GO:0018160;GO:0006782
P10273	GO:0004190;GO:0015074;GO:0003964;GO:0044185;GO:0044826;GO:0003723;GO:0046718;GO:0072494;GO:0075713;GO:0039660;GO:0019068;GO:0020002;GO:0003887;GO:0003677;GO:0004523;GO:0019013;GO:0006310;GO:0016020;GO:0008270
Q8VCF1	GO:0005509;GO:0043262;GO:0005789;GO:0016020;GO:0030166;GO:0042803;GO:0005783;GO:0016021;GO:0045134;GO:0032580;GO:0004382;GO:0009191
Q11NR3	GO:0003697;GO:0006260;GO:0009432;GO:0005737;GO:0006281;GO:0005524
Q2GGC7	GO:0004418;GO:0018160;GO:0006782
P9WEU7	GO:0032259;GO:0008168
Q9K9S4	GO:0008360;GO:0009252;GO:0007049;GO:0004326;GO:0051301;GO:0071555;GO:0005737;GO:0005524;GO:0008765;GO:0000287
B2IIJ1	GO:0009039;GO:0005737;GO:0016151;GO:0043419
Q9D1A4	GO:0016567;GO:0045732;GO:0035556
Q0S1H1	GO:0052865;GO:0009228;GO:0008661;GO:0030976;GO:0000287;GO:0016114
Q7YRZ8	GO:0016567;GO:0006357;GO:0045892;GO:0071157;GO:0005634;GO:0005730;GO:0043021;GO:0008097;GO:0061630;GO:0005654;GO:0043066;GO:0005737;GO:0000122;GO:0043130;GO:0046872;GO:0045944
Q8N141	GO:0000978;GO:0006357;GO:0005634;GO:0000981;GO:0046872
A6VVN4	GO:0042744;GO:0004096;GO:0046872;GO:0006979;GO:0020037
Q0VMI4	GO:0052865;GO:0009228;GO:0008661;GO:0030976;GO:0000287;GO:0016114
Q717C1	GO:0038023;GO:0050917;GO:0004930;GO:0050916;GO:0001582;GO:0005887
A1JNY3	GO:0003887;GO:0005737;GO:0006281;GO:0000287;GO:0003684;GO:0006261
Q2FJ97	GO:0006351;GO:0003899;GO:0003677;GO:0008270;GO:0000287
O88737	GO:0098978;GO:0005802;GO:0001222;GO:0045503;GO:0005798;GO:0008021;GO:0030672;GO:1990257;GO:0030424;GO:0098686;GO:0045202;GO:1904115;GO:0008090;GO:0048786;GO:0043025;GO:0009986;GO:0098982;GO:0008088;GO:0030425;GO:1904666;GO:0099526;GO:0098793;GO:0050808;GO:0098685;GO:0019898;GO:0035418;GO:0014069;GO:0060076;GO:0098882;GO:0044306;GO:0097470;GO:0060077;GO:1904071;GO:0046872;GO:0098831;GO:0048788
Q75HQ3	GO:0004565;GO:0005618;GO:0030246;GO:0048046;GO:0005773;GO:0005975
Q1JPD3	GO:0071949;GO:0016491;GO:0005739
Q6FFB6	GO:0051539;GO:0016830;GO:0009229;GO:0009228;GO:0008270
Q803A0	GO:0060828;GO:0042995;GO:0006915;GO:0043981;GO:0043966;GO:0005737;GO:0005856;GO:0005694;GO:0046872;GO:0000123;GO:0043982
Q47RU5	GO:0006402;GO:0006396;GO:0005737;GO:0004654;GO:0003723;GO:0000287
B1ILM3	GO:0006457;GO:0051082;GO:0005524
A0A1D6F9Y9	GO:0004497;GO:0010333;GO:0016705;GO:0005506;GO:0016021;GO:0080027;GO:0016114;GO:0020037
P90893	GO:0008239;GO:0006508;GO:0045121;GO:0008236;GO:0045087
O43304	
Q9NPC7	GO:0000978;GO:0006357;GO:0000981;GO:1990830;GO:0005654;GO:0046872
B2FNQ6	GO:0051539;GO:0002935;GO:0070040;GO:0000049;GO:0005737;GO:0046872;GO:0019843;GO:0070475
I1R9B3	GO:0016887;GO:0042626;GO:0005886;GO:0005524;GO:0016021
Q31V17	GO:0004457;GO:0010181;GO:0005886;GO:0019516
A7ZTF9	GO:0004457;GO:0010181;GO:0005886;GO:0019516
Q02597	GO:0039694;GO:0006351;GO:0018144;GO:0005198;GO:0004197;GO:0003968;GO:0008236;GO:0004386;GO:0005524;GO:0003723;GO:0019029
Q13X07	GO:0006096;GO:0005576;GO:0009986;GO:0000015;GO:0004634;GO:0000287
Q59LR2	GO:0005634;GO:0051276;GO:0006281;GO:0000077;GO:0005524;GO:0000723;GO:0004674;GO:0051321;GO:0006325
Q08B09	GO:0006419;GO:0003676;GO:0005737;GO:0004813;GO:0005524;GO:0046872
A7GVN0	GO:0044208;GO:0004019;GO:0005737;GO:0005525;GO:0000287
P36602	GO:0005971;GO:0004748;GO:0006260;GO:0046704;GO:0005737;GO:0006235;GO:0009263;GO:0005524;GO:0005829;GO:0006240
Q6AJY4	GO:0005525;GO:0003924;GO:0005737;GO:0003743
Q60592	GO:0048515;GO:0030054;GO:0008017;GO:0018105;GO:0035556;GO:0005737;GO:0016020;GO:0019902;GO:0005524;GO:0007010;GO:0000287;GO:0004674;GO:0006468;GO:0015630;GO:0032655
Q6P4F7	GO:0005829;GO:0005096;GO:0007165;GO:0051056
Q6Q151	GO:0005634;GO:1901407;GO:0008270;GO:0003723;GO:0005829;GO:0003755
Q9UDR5	GO:0004753;GO:0005759;GO:0047131;GO:0005739;GO:0005737;GO:0043231;GO:0033512;GO:0006554;GO:0019878;GO:0047130
B2IYW1	GO:0016887;GO:0032300;GO:0005524;GO:0006298;GO:0030983
Q0KK55	GO:0032045;GO:0048814;GO:0007264;GO:0005088;GO:0043025;GO:0001934;GO:0030425;GO:0021707;GO:0043204;GO:0050773
Q7NAT4	GO:0042995;GO:0033111;GO:0009405;GO:0005886;GO:0020035
A2BYL0	GO:0006351;GO:0003899;GO:0003677;GO:0008270;GO:0000287
B8FUN4	GO:0006457;GO:0051082;GO:0005524
Q46J23	GO:0006351;GO:0003899;GO:0003677;GO:0008270;GO:0000287
Q6DIK0	GO:0032039;GO:0051301;GO:0007049;GO:0005634;GO:0007346;GO:0005737;GO:0051642;GO:0007275;GO:0080154;GO:0030317
O14110	GO:0005759;GO:0005739;GO:0004047;GO:0005960;GO:0019464;GO:0008483
Q8BD31	GO:0046872;GO:0030430;GO:0016787;GO:0039689;GO:0039724;GO:0019013;GO:0039696;GO:0003723;GO:0019029
Q4UXV5	GO:0006412;GO:0006464;GO:0016881;GO:0005524;GO:0046872
P41513	GO:0006265;GO:0003677;GO:0003918;GO:0005737;GO:0005694;GO:0005524;GO:0006261
A1AV52	GO:0005737;GO:0004823;GO:0005524;GO:0006429;GO:0002161
B5EMS4	GO:0005737;GO:0004820;GO:0005524;GO:0006426
Q9HJA4	GO:0004642;GO:0005737;GO:0005524;GO:0006189;GO:0000287
B6HAN0	GO:0030145;GO:0070006
A7Z7A7	GO:0006782;GO:0050661;GO:0008883
Q5RB33	GO:0003677;GO:0046872;GO:0005634;GO:0006355
Q21029	GO:0006935;GO:0000165;GO:0006468;GO:0045165;GO:1904115;GO:0038066;GO:1902097;GO:0043025;GO:0005524;GO:0018991;GO:0043204;GO:0010628;GO:0004672;GO:0093002;GO:1901046;GO:0014069;GO:0050832;GO:0000187;GO:0050830;GO:0035545;GO:0050829;GO:0004709;GO:0008340;GO:0046872;GO:0045087;GO:0000186;GO:0031434;GO:0042594
Q73IK6	GO:0009380;GO:0009432;GO:0003677;GO:0006289;GO:0005737;GO:0009381
Q8X958	GO:0005975;GO:0003824
B1I0X5	GO:0003677;GO:0043937;GO:0007049;GO:0051301
Q39469	GO:0004794;GO:0009507;GO:0009097
Q6ZSZ6	GO:0003682;GO:0006357;GO:0000790;GO:0000981;GO:0005634;GO:0060023;GO:0003677;GO:0042474;GO:0046872;GO:0009952
Q6NTL4	GO:0005085;GO:0005509;GO:0007264;GO:0005789;GO:0000139;GO:0005886;GO:0030154;GO:0005829
Q6S5G3	GO:0046872;GO:0045036;GO:0016787;GO:0009707;GO:0016021;GO:0005525
Q2KDZ5	GO:0005525;GO:0003924;GO:0005737;GO:0003743
Q5RAX1	GO:0030054;GO:0005509;GO:0005768;GO:0005912;GO:0007156;GO:0005886;GO:0005794;GO:0016021;GO:0010468
C0R3W7	GO:0006457;GO:0051082;GO:0005524
A0JN74	GO:0016567;GO:0005634;GO:0061630;GO:0005737;GO:0008270;GO:0051607;GO:0045087;GO:0010468
P16092	GO:0051930;GO:0007435;GO:0043410;GO:0005007;GO:0042803;GO:0045597;GO:0001525;GO:0005524;GO:0005829;GO:0090080;GO:0007275;GO:0048471;GO:0048378;GO:0090272;GO:0002062;GO:0010863;GO:0019827;GO:0048699;GO:0045787;GO:2001239;GO:0043235;GO:2000546;GO:0001837;GO:0007420;GO:0048469;GO:0072091;GO:0050839;GO:0005102;GO:1903465;GO:0030324;GO:0010976;GO:0018108;GO:0005886;GO:0046777;GO:0010966;GO:0042127;GO:0090722;GO:0002053;GO:0004713;GO:0008284;GO:0030901;GO:0007169;GO:0045668;GO:0045944;GO:0008543;GO:0004714;GO:0043536;GO:0033674;GO:0060484;GO:0060445;GO:0048762;GO:0048514;GO:0050729;GO:0001701;GO:0030326;GO:0031410;GO:2000491;GO:0045666;GO:0010629;GO:0005887;GO:0007605;GO:0060665;GO:0021954;GO:0021847;GO:0051174;GO:0042169;GO:0048339;GO:0044877;GO:1905564;GO:0001657;GO:0042474;GO:0051897;GO:0010468;GO:0042802;GO:0001759;GO:0021837;GO:0005634;GO:2000830;GO:0060979;GO:0005737;GO:0000122;GO:0043583;GO:0043406;GO:0060117;GO:0070640;GO:0060045;GO:0035607;GO:0008201;GO:0042472;GO:0017134;GO:0010763;GO:0042473;GO:0031175;GO:0021769
Q924V1	GO:0042554;GO:0010467;GO:0005739;GO:0005634;GO:0008285;GO:0043020;GO:0003015;GO:0005654;GO:0006952;GO:0014911;GO:0071560;GO:0072341;GO:0097038;GO:0071320;GO:2000379;GO:0051496;GO:0043406;GO:0001666;GO:0005925;GO:0016175;GO:1990782;GO:0006801;GO:0043065;GO:0072593;GO:0005886;GO:0000902;GO:0007569;GO:0005789;GO:0071944;GO:2000573;GO:0055007;GO:0045453;GO:0071333;GO:0007568;GO:0048471;GO:0061098;GO:0050664;GO:0016324;GO:0070374;GO:0055114;GO:0050667;GO:0071480;GO:0016174;GO:0051897
P37476	GO:0043934;GO:0030428;GO:0006508;GO:0004222;GO:0007049;GO:0008233;GO:0030163;GO:0051301;GO:0016021;GO:0004176;GO:0005886;GO:0005524;GO:0008270
D3YXG0	GO:0030054;GO:0005509;GO:0005604;GO:0007049;GO:0051301;GO:0007156;GO:0005576;GO:0032154;GO:0005912;GO:0005938;GO:0009617;GO:0062023;GO:0007157
B0U6K6	GO:0004834
B8IF29	GO:0065002;GO:0006605;GO:0005737;GO:0005886;GO:0017038;GO:0005524;GO:0046872
P11454	GO:0009366;GO:0016788;GO:0044550;GO:0047527;GO:0005737;GO:0005886;GO:0005524;GO:0005829;GO:0009239;GO:0016779;GO:0031177;GO:0043041
A8B4Q0	GO:0052906;GO:0005759;GO:0009019;GO:0030488;GO:0005634;GO:0002939;GO:0008175;GO:0005737
Q6FTW6	GO:0006096;GO:0000287;GO:0000015;GO:0004634
Q58836	GO:0009058
Q03103	GO:0034975;GO:0005789;GO:0055114;GO:0003756;GO:0005783;GO:0015035;GO:0016972;GO:0016671
B5Z6N9	GO:0008233;GO:0016887;GO:0009376;GO:0043335;GO:0005524
A2RRD8	GO:0000978;GO:0006357;GO:0005634;GO:0000981;GO:0046872
Q9VJN5	GO:0000978;GO:0035591;GO:0006357;GO:0008063;GO:0005634;GO:0000981;GO:0009898;GO:0009950;GO:0042803;GO:0008270;GO:0005829;GO:0007311
P59934	GO:0051539;GO:0005737;GO:0005886;GO:0006091;GO:0018492;GO:0016151;GO:0043885
A4YCV9	GO:0003924;GO:0003746;GO:0005737;GO:0005525
Q6NRH0	GO:0048208;GO:0016055;GO:0031463;GO:0014029;GO:0014032;GO:0000139;GO:0030127;GO:0030134;GO:0006513;GO:0006888
Q12280	GO:0005935;GO:0032027;GO:0032038;GO:1903471;GO:1903475;GO:1903479;GO:0005516;GO:0048365;GO:0007165;GO:0072741;GO:0120155;GO:0110085;GO:0005737;GO:0000142;GO:0032956;GO:0051015;GO:0032033;GO:0005096;GO:0017016
A6R6L9	GO:0006891;GO:0000139;GO:0017119;GO:0015031
O13810	GO:0055129;GO:0004349;GO:0005737;GO:0006536;GO:0005524;GO:0003723;GO:0005829;GO:0006561
Q64380	GO:0008480;GO:0005759;GO:0005739;GO:1901053;GO:0042426;GO:0016491;GO:0050660;GO:0005542;GO:0005737;GO:0035999;GO:0006545
P20575	GO:0000287;GO:0000162;GO:0004048
B2GM13	GO:0006096;GO:0005576;GO:0009986;GO:0000015;GO:0004634;GO:0000287
A2C4P1	GO:0005525;GO:0003924;GO:0005737;GO:0003743
Q9CEV7	GO:0004222;GO:0046872
Q8S9M4	GO:0003723;GO:0043231;GO:0009451;GO:0008270
Q41808	GO:0003924;GO:0005819;GO:0007020;GO:0031122;GO:0005874;GO:0000278;GO:0005634;GO:0007017;GO:0000070;GO:0007052;GO:0005737;GO:0005200;GO:0000212;GO:0005525;GO:0000930;GO:0000226
Q9Y6L7	GO:0005509;GO:0005576;GO:0004222;GO:0048632;GO:0022617;GO:0007275;GO:0008270;GO:0030154
Q7N8V5	GO:0006457;GO:0051082;GO:0030288;GO:0050821;GO:0042277;GO:0043165;GO:0003755;GO:0060274
B2ITL6	GO:0006007;GO:0006096;GO:0005737;GO:0030145;GO:0046537
B9LZ35	GO:0042026;GO:0005737;GO:0051082;GO:0005524
Q117Z3	GO:0009039;GO:0005737;GO:0016151;GO:0043419
Q91DM0	GO:0004190;GO:0046740;GO:0003964;GO:0003887;GO:0003677;GO:0008270;GO:0004519
Q16706	GO:0016799;GO:0005801;GO:0007005;GO:0030246;GO:0006491;GO:0001701;GO:0001889;GO:0042803;GO:0048286;GO:0004572;GO:0005797;GO:0000139;GO:0007033;GO:0006013;GO:0016020;GO:0004559;GO:0016021;GO:0070062;GO:0007585;GO:0006517;GO:0050769;GO:0060042;GO:0046872;GO:0006486
A6Q4N8	GO:0006541;GO:0003922;GO:0005524;GO:0016462
P70881	GO:0006223;GO:0044206;GO:0004845;GO:0005525;GO:0000287;GO:0009116
P45789	GO:0015628;GO:0009276;GO:0005886;GO:0015627;GO:0016021
Q8MA11	GO:0006351;GO:0003899;GO:0003677;GO:0008270;GO:0000287;GO:0009507
P29991	GO:0039694;GO:0003725;GO:0039502;GO:0042025;GO:0019031;GO:0039564;GO:0004483;GO:0075512;GO:0005198;GO:0005576;GO:0044220;GO:0004482;GO:0039707;GO:0005524;GO:0016021;GO:0019028;GO:0039545;GO:0005216;GO:0003724;GO:0033650;GO:0003968;GO:0039654;GO:0044385;GO:0039574;GO:0055036;GO:0051259;GO:0046983;GO:0044167;GO:0046872;GO:0039520;GO:0019062;GO:0004252
Q2NJ19	GO:0003924;GO:0003746;GO:0005737;GO:0005525
Q4WD46	GO:0016887;GO:0055085;GO:0042626;GO:0005524;GO:0016021
Q2YDN4	
Q18801	GO:0042351;GO:0008446;GO:0055120;GO:0042350;GO:0005737;GO:0030017;GO:0005783;GO:0030968;GO:0019673;GO:0009636
Q7PK92	GO:0070840;GO:0060271;GO:0005930;GO:0044458
Q9HK31	GO:0004823;GO:0006429;GO:0002161;GO:0005737;GO:0005524
A6NKT7	GO:0005634;GO:0006607;GO:0008536;GO:0005737;GO:0005643;GO:0043547
B3DTE2	GO:0003677;GO:0006351;GO:0032549;GO:0003899
C3K3F7	GO:0006281;GO:0003911;GO:0006260
Q9SKX0	GO:0008559;GO:0016887;GO:0055085;GO:0016020;GO:0042626;GO:0005524;GO:0016021
P30958	GO:0043175;GO:0000716;GO:0003677;GO:0006281;GO:0005524;GO:0006355;GO:0015616;GO:0005829;GO:0003684;GO:0006283;GO:0006974
Q27877	GO:0006096;GO:0000287;GO:0000015;GO:0004634
P30269	GO:0004556;GO:0046872;GO:0103025;GO:0005975
Q5WZL9	GO:0003677;GO:0006351;GO:0032549;GO:0003899
Q2U9J2	GO:0005789;GO:0051377;GO:0016021;GO:0006506
Q5UPE6	
Q50028	GO:0051539;GO:0009113;GO:0004044;GO:0006189;GO:0006541;GO:0000287;GO:0009116
A2YCI3	GO:0000139;GO:0016760;GO:0071555;GO:0030244;GO:0016021
Q9P2J8	GO:0000978;GO:0006357;GO:0046872;GO:0005634;GO:0000981
P35220	GO:0042802;GO:0034333;GO:0034332;GO:0003383;GO:0046664;GO:0060323;GO:0005912;GO:0007155;GO:0005737;GO:0005886;GO:0051015;GO:0005198;GO:0015629;GO:0016342;GO:0045296
P17020	GO:0051301;GO:0007049;GO:0005634;GO:0000981;GO:0045654;GO:0005730;GO:0072707;GO:0008284;GO:0005654;GO:0043066;GO:0045648;GO:0000978;GO:0006357;GO:0033674;GO:1901989;GO:0046872;GO:0051781
B7MFF5	GO:0004125;GO:0005737;GO:0001514;GO:0097056
A4KDP1	GO:0016717;GO:0042759;GO:0016021;GO:0006636;GO:0046872
Q4IL82	GO:0006351;GO:0016887;GO:0006338;GO:0003677;GO:0006281;GO:0031011;GO:0005524
A9AAX4	GO:0051301;GO:0007049;GO:0006260;GO:0003910;GO:0003677;GO:0051103;GO:0006310;GO:0005524;GO:0046872;GO:0071897
P55711	GO:0005576;GO:0009877
Q0VTE2	GO:0004479
P73672	GO:0051539;GO:0046429;GO:0019288;GO:0005506;GO:0016114
Q5ZYQ0	GO:0003677;GO:0006351;GO:0032549;GO:0003899
O75691	GO:0030688;GO:0032040;GO:0030686;GO:0005730;GO:0008285;GO:0000447;GO:0005654;GO:0005737;GO:0000480;GO:0005886;GO:0006364;GO:0003723;GO:0000472
Q6GNV7	GO:0005765;GO:0022857;GO:0016021
Q8CY42	GO:0015969;GO:0008728;GO:0016301;GO:0005524;GO:0005525
O59932	GO:0005351;GO:0015149;GO:0046323;GO:0005886;GO:0098704;GO:0031520;GO:0005887
Q8N9Z0	GO:0000978;GO:0006357;GO:0005634;GO:0000981;GO:0046872
B5R5B6	GO:0004125;GO:0005737;GO:0001514;GO:0097056
P25098	GO:0007507;GO:0018105;GO:0033605;GO:0007213;GO:0045988;GO:0005737;GO:0005929;GO:0046718;GO:0031623;GO:0045202;GO:0007217;GO:0005886;GO:0016020;GO:0003108;GO:0005524;GO:0005829;GO:0007186;GO:0031694;GO:0004672;GO:0031755;GO:0004703;GO:1901081;GO:0019079;GO:0060048;GO:0047696;GO:0018107;GO:0002029
A1AGY4	GO:0042597;GO:0055085
Q61751	GO:0003700;GO:0000978;GO:0006357;GO:0005634;GO:0000981;GO:0005730;GO:0005654;GO:0000122;GO:0007275;GO:0007576;GO:0046872;GO:0005829
Q9H0A6	GO:0016235;GO:0005768;GO:0046872
C5BZB0	GO:0042026;GO:0005737;GO:0051082;GO:0005524
P17141	GO:0006357;GO:0007283;GO:0001227;GO:0000790;GO:0000981;GO:0007281;GO:0000122;GO:0007275;GO:0008270;GO:0000977
Q46337	GO:0046653;GO:0008115;GO:0005737
Q4WXX4	GO:0005634;GO:0006397;GO:0031123;GO:0003729;GO:0005737
A1YF12	GO:0000978;GO:0006357;GO:0007049;GO:0051301;GO:0033674;GO:0005634;GO:0045654;GO:0005730;GO:0072707;GO:0008284;GO:0001228;GO:0005654;GO:0043066;GO:0045648;GO:1901989;GO:0046872;GO:0051781
Q2LKV5	GO:0032610;GO:0032611;GO:0019904;GO:0030163;GO:0005634;GO:0006919;GO:0006954;GO:0051402;GO:0005654;GO:1904784;GO:0070269;GO:0061702;GO:0005524;GO:0005829;GO:0045087;GO:0019899;GO:0043280;GO:0072558
Q9UKG1	GO:0042802;GO:0032009;GO:0005634;GO:1900017;GO:0007165;GO:0046324;GO:0046326;GO:0001726;GO:0005737;GO:0042803;GO:0010008;GO:0097192;GO:0031410;GO:0007179;GO:1905303;GO:2000045;GO:0035091;GO:0005886;GO:0016020;GO:0045088;GO:0005829;GO:0008286;GO:0044354;GO:0070062;GO:0007049;GO:1903076;GO:0048487;GO:1905450;GO:0031901;GO:0001786;GO:0006606;GO:0097708;GO:0034143;GO:0043422;GO:0033211;GO:0005769;GO:0005768;GO:0010762;GO:0048023;GO:0044877;GO:0012506;GO:0035729;GO:0023052
B4SWN1	GO:0004125;GO:0005737;GO:0001514;GO:0097056
B0RPP2	GO:0006412;GO:0006464;GO:0016881;GO:0005524;GO:0046872
Q6GA70	GO:0016887;GO:0004519;GO:0045910;GO:0005524;GO:0006298;GO:0030983
Q31QC4	GO:0051539;GO:0046429;GO:0019288;GO:0005506;GO:0016114
B3Q7P6	GO:0006457;GO:0051301;GO:0007049;GO:0005737;GO:0003755;GO:0015031
Q06009	GO:0004721;GO:0007049;GO:0046872
Q2KIN0	GO:0003676;GO:0005730;GO:0008270
Q117D6	GO:0006007;GO:0006096;GO:0005737;GO:0030145;GO:0046537
Q73GL7	GO:0006457;GO:0051082;GO:0005524
Q75KR1	GO:0006090;GO:0005737;GO:0016301;GO:0005524;GO:0046872;GO:0050242
P40815	GO:0015668;GO:0009307;GO:0003677;GO:0005524;GO:0004386
Q6GHU1	GO:0016887;GO:0004519;GO:0045910;GO:0005524;GO:0006298;GO:0030983
Q6HH75	GO:0003950;GO:0006388;GO:0016772
Q03923	GO:0000978;GO:0046872;GO:0001227;GO:0005634;GO:0000981;GO:0003677;GO:0005654;GO:0006355
Q8BNJ2	GO:0042742;GO:0046872;GO:0008233;GO:0006508;GO:0004222;GO:0008237;GO:0031012;GO:0062023;GO:0016607;GO:0005615;GO:0002020;GO:0030198
P0DG52	GO:0000049;GO:0005737;GO:0005524;GO:0004826;GO:0000287;GO:0006432
Q8NZJ2	GO:0009380;GO:0016887;GO:0009432;GO:0003677;GO:0006289;GO:0005737;GO:0009381;GO:0008270;GO:0005524
Q28989	GO:0008083;GO:0005576;GO:0007155;GO:0042475;GO:0031214;GO:0030345
A6QBI5	GO:0006541;GO:0003922;GO:0005524;GO:0016462
B7LNG1	GO:0080030
B8JAU0	GO:0008360;GO:0009252;GO:0007049;GO:0051301;GO:0019277;GO:0008760;GO:0005737;GO:0071555
Q5FH31	GO:0050661;GO:0004324;GO:0050660
A1YG88	GO:0051301;GO:0007049;GO:0033674;GO:0005634;GO:0045654;GO:0072707;GO:0008284;GO:1901989;GO:0003677;GO:0043066;GO:0045648;GO:0046872;GO:0051781
Q24742	GO:0003700;GO:0042800;GO:0043565;GO:0035097;GO:0007275;GO:0008270
Q96Y49	GO:0006541;GO:0016879;GO:0008270;GO:0005524
A5IPI2	GO:0008747;GO:0005737;GO:0019262;GO:0005975
Q9C291	GO:1990918;GO:0031573;GO:0042138;GO:0030870;GO:0140445;GO:0035861;GO:1990898;GO:0008408;GO:0000724;GO:0006303;GO:0030145;GO:0000723;GO:0000014;GO:0097552;GO:0007095
B4T974	GO:0004125;GO:0005737;GO:0001514;GO:0097056
Q3Z361	GO:0006400;GO:0016705
Q9V3T9	GO:0005759;GO:0007552;GO:0005743;GO:0035073;GO:0005739;GO:0042048;GO:0016491;GO:0006744;GO:0006707;GO:0006694;GO:0015039;GO:0007591;GO:0009055
Q5TH69	GO:0032012;GO:0005086;GO:0030658;GO:0030036;GO:0016021;GO:0010923
P14829	GO:0006265;GO:0003677;GO:0003918;GO:0005737;GO:0005694;GO:0005524;GO:0006261
A0PZN1	GO:0006435;GO:0000049;GO:0004829;GO:0005737;GO:0005524;GO:0046872
Q1HQY6	GO:0001732;GO:0071540;GO:0003743;GO:0016282;GO:0033290
B0KUZ7	GO:0009039;GO:0005737;GO:0016151;GO:0043419
Q6FWD4	GO:0022857;GO:0000329;GO:0016021
Q2NFL1	GO:0005524;GO:0005737;GO:0006433;GO:0004827
B8GL43	GO:0008152;GO:0047388;GO:0008882;GO:0000820;GO:0005524;GO:0000287
P04150	GO:0051879;GO:0005819;GO:1990837;GO:0051301;GO:0005634;GO:0000981;GO:0019901;GO:0030518;GO:0007165;GO:0004883;GO:0005654;GO:0005737;GO:0000122;GO:0007059;GO:0071560;GO:0006355;GO:0003723;GO:0006325;GO:0000978;GO:0006357;GO:0005815;GO:0016607;GO:0005829;GO:0004879;GO:0005759;GO:0007049;GO:0001227;GO:0000790;GO:0001046;GO:0071385;GO:0071383;GO:0000977;GO:0045944;GO:0071549;GO:0003700;GO:0045892;GO:0006915;GO:1902895;GO:1990239;GO:0001228;GO:0008270;GO:0032991;GO:0006367;GO:0005496
Q0TC07	GO:0042597;GO:0055085
P35975	GO:0019012;GO:0030430;GO:0004482;GO:0005524;GO:0003968
Q8RUV9	GO:0004565;GO:0005618;GO:0030246;GO:0048046;GO:0005773;GO:0005975
Q2UE66	GO:0005730;GO:0003724;GO:0006364;GO:0005524;GO:0003723
F4HVX7	GO:0016126;GO:0005789;GO:0016491;GO:0016021;GO:0016020;GO:0005506;GO:0000254
Q4WAZ0	GO:0004497;GO:0004499;GO:0050660;GO:0032259;GO:0050661;GO:0008168;GO:1902086
Q9NB71	GO:0006914;GO:0007616;GO:0016567;GO:0007628;GO:0045886;GO:0008582;GO:0040011;GO:0005634;GO:0010629;GO:2000331;GO:0061630;GO:1900075;GO:0005886;GO:0050808;GO:0008270;GO:0031410;GO:0030514;GO:0048678;GO:0030424;GO:0045202
Q96JG9	GO:0003677;GO:0005634;GO:0046872
Q9ZT71	GO:0046540;GO:0005681;GO:0015030;GO:2000636;GO:0005634;GO:0009409;GO:0080188;GO:2000630;GO:0000398;GO:0009845;GO:0000244;GO:0071013
A2T759	GO:0000978;GO:0006357;GO:0007049;GO:0051301;GO:0033674;GO:0005634;GO:0000981;GO:0045654;GO:0072707;GO:0008284;GO:1901989;GO:0043066;GO:0045648;GO:0046872;GO:0051781
Q8AWY2	GO:0003677;GO:0000981;GO:0007275;GO:0005634
O35613	GO:0040014;GO:0042981;GO:0042393;GO:0005634;GO:0019901;GO:0008432;GO:1903936;GO:0047485;GO:0097190;GO:0005654;GO:0043066;GO:0001934;GO:0000122;GO:0005737;GO:0042803;GO:0006355;GO:0019899;GO:0010832;GO:0034620;GO:0006334;GO:0043065;GO:0044297;GO:0034605;GO:0005829;GO:2001235;GO:0033129;GO:0016605;GO:0019894;GO:0008134;GO:0071280;GO:0140416;GO:0030295;GO:0005730;GO:0003714;GO:0043005;GO:0030521;GO:0031625;GO:1901216;GO:0050681;GO:0045860;GO:0071168;GO:0045944;GO:0072738;GO:0045892;GO:0005874;GO:0002039;GO:0031396;GO:0000281;GO:0006338;GO:0000775;GO:0005938;GO:0003713;GO:0016604;GO:0000792;GO:0140037;GO:0030578;GO:0001741;GO:0071276
Q756Z0	GO:0004622;GO:0034638;GO:0005789;GO:0102545;GO:0071071;GO:0005783;GO:0016021
Q28949	GO:0005576;GO:0030246;GO:0005764;GO:0006013;GO:0005774;GO:0004559;GO:0046872
B4RSS7	GO:0009014;GO:0009089;GO:0050897;GO:0008270;GO:0019877
Q6B3P0	GO:0007155;GO:0005509;GO:0005887;GO:0007156
P38084	GO:0098713;GO:0006865;GO:0015192;GO:0015171;GO:0055085;GO:0005886;GO:0005783;GO:0016021;GO:0003333
Q8TMI6	GO:0006007;GO:0044262;GO:0006096;GO:0005737;GO:0030145;GO:0046537
Q0D159	GO:0016853;GO:0016874;GO:0006633;GO:0004315;GO:0031177
B8GH19	GO:0004056;GO:0005737;GO:0042450
Q9HCC9	GO:0042059;GO:0046872;GO:0032266;GO:0031901;GO:0007175;GO:0005829
B2SXU9	GO:0006096;GO:0005576;GO:0009986;GO:0000015;GO:0004634;GO:0000287
P03344	GO:0039702;GO:0003676;GO:0019013;GO:0008270;GO:0039660
Q7X7S8	GO:0070417;GO:0005789;GO:0009737;GO:0010427;GO:0005886;GO:0016021;GO:0051020
Q68DY1	GO:0000978;GO:0046872;GO:0006355;GO:0005634;GO:0000981
S8GIB3	GO:0097436;GO:0005634;GO:0003677;GO:0001216;GO:0045165
A4VXZ3	GO:0004056;GO:0005737;GO:0042450
B9F1C0	GO:0005634;GO:0005737;GO:0005886;GO:0005694;GO:0007131
O45818	GO:0046872;GO:0004672;GO:1902554;GO:0018105;GO:0035556;GO:0006606;GO:0005737;GO:0004698;GO:0042803;GO:0004674;GO:0006468;GO:0007200;GO:0050830;GO:0009898;GO:0050829;GO:0089700;GO:0005886;GO:0016020;GO:0005524;GO:0008340;GO:0005829;GO:0045087
A0A179H2P2	GO:0032259;GO:0008171
Q3SFG3	GO:0051539;GO:0016830;GO:0009229;GO:0009228;GO:0008270
B4TZT5	GO:0004125;GO:0005737;GO:0001514;GO:0097056
B5BHW8	GO:0004125;GO:0005737;GO:0001514;GO:0097056
A4RN46	GO:0071004;GO:1903241;GO:0003676;GO:1990447;GO:0003724;GO:0005524;GO:1990446
A0A411L027	GO:0016874;GO:0016491;GO:0032259;GO:0006633;GO:0017000;GO:0008168;GO:0004315;GO:0031177
Q4KMC4	GO:0004360;GO:0006048;GO:1990830;GO:0006487;GO:0097367;GO:0006002;GO:0006541;GO:0006047
Q8YG65	GO:0015969;GO:0008728;GO:0016301;GO:0005524;GO:0005525
B3R6G7	GO:0006457;GO:0051082;GO:0005524
P24074	GO:0003697;GO:0008094;GO:0009432;GO:0006281;GO:0005737;GO:0006310;GO:0005524;GO:0003684
A8LWM4	GO:0006457;GO:0051082;GO:0005524
Q2VY69	GO:0000978;GO:0046872;GO:0006355;GO:0000790;GO:0000981
A8AYI8	GO:0006419;GO:0000049;GO:0005737;GO:0004813;GO:0005524;GO:0008270
P0CG14	GO:0005654
A1STQ6	GO:0019556;GO:0019557;GO:0005737;GO:0050480;GO:0008270;GO:0005506
A1AHD0	GO:0004125;GO:0005737;GO:0001514;GO:0097056
Q11QT1	GO:0034605;GO:0004176;GO:0043565;GO:0005737;GO:0005524;GO:0006515;GO:0004252
Q9VHM2	GO:1990126;GO:0005768;GO:0032456;GO:0015031
Q92947	GO:0005759;GO:0046949;GO:0004361;GO:0005739;GO:0000062;GO:0050660;GO:0033539;GO:0006554;GO:0006568
B8P366	GO:0031307;GO:0032865;GO:0000002;GO:1990456;GO:0045040;GO:0070096
O50628	GO:0006265;GO:0003677;GO:0003918;GO:0005737;GO:0005694;GO:0005524;GO:0006261
P22705	GO:0003677;GO:0006351;GO:0008270;GO:0003899
Q46G04	GO:0051539;GO:0019385;GO:0018492;GO:0005506;GO:0006084;GO:0016151;GO:0043885
Q2NV94	GO:0052865;GO:0009228;GO:0008661;GO:0030976;GO:0000287;GO:0016114
Q5KW48	GO:0004831;GO:0005737;GO:0005524;GO:0003723;GO:0006437
Q10R54	GO:0005985;GO:0042950;GO:0008506;GO:0005364;GO:0015768;GO:0016020;GO:0015770;GO:0005887;GO:0009846
P05646	GO:0006457;GO:0051082;GO:0005524
Q5Z6E5	GO:0005802;GO:0000139;GO:0016760;GO:0009833;GO:0071555;GO:0005886;GO:0005794;GO:0030244;GO:0016021;GO:0051753
O74676	GO:0016887;GO:0042626;GO:0005524;GO:0016021;GO:1990961
Q2KX38	GO:0004817;GO:0005737;GO:0005524;GO:0008270;GO:0006423
A7F582	GO:0046872;GO:0002143;GO:0018192;GO:0006777;GO:0032447;GO:0061605;GO:0005737;GO:0004792;GO:0005524;GO:0042292;GO:0061604;GO:0005829;GO:0016779
P12576	GO:0030430;GO:0004482;GO:0019013;GO:0005524;GO:0003968
Q5LTL1	GO:0004825;GO:0005737;GO:0005524;GO:0046872;GO:0006431
Q3J3V9	GO:0016887;GO:0005886;GO:0015611;GO:0005524
B7IP20	GO:0006096;GO:0005576;GO:0009986;GO:0000015;GO:0004634;GO:0000287
B2KBA5	GO:0006096;GO:0005576;GO:0009986;GO:0000015;GO:0004634;GO:0000287
Q5SBL6	GO:0032259;GO:0006633;GO:0008168;GO:0016874;GO:0004315;GO:0016491;GO:0031177
P24230	GO:0032508;GO:0003678;GO:0003677;GO:0006281;GO:0006310;GO:0009379;GO:0005524;GO:0005829;GO:0009314
A2AKB4	GO:0008277;GO:0007165;GO:0005938;GO:0090150;GO:0005856;GO:0005886;GO:0032991;GO:0005829
D2HQI1	GO:0003677;GO:0010833;GO:0000784;GO:0046872
Q5AQ76	GO:0005789;GO:0090110;GO:0000139;GO:0030127;GO:0006886;GO:0070971;GO:0008270;GO:0000149
O82833	GO:0005576;GO:0052762;GO:0000272;GO:0016810;GO:0030246
Q8WXI7	GO:0070062;GO:0016266;GO:0031982;GO:0019898;GO:0007155;GO:0005796;GO:0002223;GO:0005886;GO:0016021
O22820	GO:0080043;GO:0033836;GO:0080044
Q5A6B6	GO:0004722;GO:0009405;GO:0044182;GO:0046872;GO:0004553;GO:0006470;GO:0005975
Q9LUV4	GO:0009908;GO:0030154
Q74AR6	GO:0006096;GO:0005576;GO:0009986;GO:0000015;GO:0032889;GO:0004634;GO:0000287
A7MBF6	
Q14590	GO:0000978;GO:0006357;GO:0005634;GO:0000981;GO:0046872
P54246	GO:0045211;GO:0005230;GO:0030594;GO:0007165;GO:0004888;GO:0042391;GO:0050877;GO:0043005;GO:0007268;GO:0071316;GO:0034220;GO:0005887;GO:0045202
B7MFG9	GO:0004457;GO:0010181;GO:0005886;GO:0019516
Q2YN11	GO:0015969;GO:0008728;GO:0016301;GO:0005524;GO:0005525
Q21CF0	GO:0042744;GO:0004096;GO:0046872;GO:0006979;GO:0020037
Q54G05	
Q3SRD1	GO:0006457;GO:0051301;GO:0007049;GO:0005737;GO:0003755;GO:0015031
A6QDU7	GO:0008747;GO:0005737;GO:0019262;GO:0005975
A8L149	GO:0006096;GO:0005576;GO:0009986;GO:0000015;GO:0004634;GO:0000287
P04077	GO:0004831;GO:0005737;GO:0005524;GO:0003723;GO:0006437
P78004	GO:0006457;GO:0031072;GO:0051082;GO:0006260;GO:0009408;GO:0005737;GO:0008270;GO:0005524
B3P3K2	GO:0047555;GO:0007165;GO:0005886;GO:0016020;GO:0046872;GO:0046068
Q08DP6	GO:0007165;GO:0043066;GO:0005886;GO:0007010;GO:0005829;GO:0048471;GO:0005096
A2XX57	GO:0070417;GO:0005789;GO:0005886;GO:0016021;GO:0051020
B5ZRG2	GO:0003697;GO:0008094;GO:0009432;GO:0006281;GO:0005737;GO:0006310;GO:0005524;GO:0003684
P17031	GO:0000978;GO:0006357;GO:0005634;GO:0000981;GO:0046872
B5Y1Y4	GO:0003677;GO:0004386;GO:0005524;GO:0006355
P33076	GO:0005654;GO:0000122;GO:0005525;GO:0045893;GO:0034341;GO:0006955;GO:0016301;GO:0008022;GO:0005524;GO:0005829;GO:0016605;GO:0000976;GO:0046677;GO:0006954;GO:0045348;GO:0016746;GO:0045944;GO:0045892;GO:0032966;GO:0060333;GO:0044877;GO:0003713;GO:0045345;GO:0033613
Q75A30	GO:0005789;GO:0090110;GO:0000139;GO:0030127;GO:0006886;GO:0070971;GO:0090114;GO:0005198;GO:0006888;GO:0007029
P18502	GO:0042981;GO:0007224;GO:0005929;GO:0005119;GO:0055088;GO:0030139;GO:0009925;GO:0035332;GO:0007346;GO:0030707;GO:0005886;GO:0008406;GO:0048099;GO:0045879;GO:0005887;GO:0007455;GO:0008158;GO:0097108;GO:0048100;GO:2000274;GO:0007411;GO:0035225;GO:0030228;GO:0070273;GO:0001746;GO:0007476;GO:0007367
O95347	GO:0070062;GO:0051301;GO:0000796;GO:0005634;GO:0000797;GO:0000793;GO:0005730;GO:0045132;GO:0005654;GO:0007076;GO:0005737;GO:0010032;GO:0005524;GO:0005829;GO:0051383;GO:0000228
O93983	GO:0071555;GO:0005576;GO:0005975;GO:0004338
A5VPI9	GO:0015969;GO:0008728;GO:0016301;GO:0005524;GO:0005525
Q0TMM3	GO:0006433;GO:0002161;GO:0005737;GO:0005524;GO:0004827
C5CLT2	GO:0009014;GO:0009089;GO:0050897;GO:0008270;GO:0019877
A6VH63	GO:0015948;GO:0042242;GO:0009236;GO:0005524;GO:0006541
Q06190	GO:0061053;GO:0005509;GO:0090249;GO:0045732;GO:0090263;GO:0007525;GO:0090090;GO:0090244;GO:0000159;GO:0019888;GO:0001754;GO:0030674;GO:0006470
Q755A0	GO:0031573;GO:0030295;GO:0000076;GO:0030896;GO:0051598;GO:0008408;GO:0003677;GO:0006281;GO:0005737;GO:0000725;GO:0071479
P29990	GO:0039694;GO:0003725;GO:0039502;GO:0042025;GO:0019031;GO:0039564;GO:0004483;GO:0075512;GO:0005198;GO:0005576;GO:0140272;GO:0044220;GO:0004482;GO:0039707;GO:0005524;GO:0016021;GO:0039653;GO:0019028;GO:0039545;GO:0005216;GO:0003724;GO:0033650;GO:0003968;GO:0039654;GO:0044385;GO:0039574;GO:0055036;GO:0051259;GO:0046983;GO:0044167;GO:0046872;GO:0039520;GO:0019062;GO:0004252
Q5T1V6	GO:0005634;GO:0003724;GO:0005737;GO:0005524;GO:0046872;GO:0003723
Q96FT7	GO:0015081;GO:0005216;GO:0015280;GO:0035725;GO:0001662;GO:0005887
Q5SME1	GO:0006096;GO:0005576;GO:0009986;GO:0000015;GO:0004634;GO:0000287
A4WDW7	GO:0006096;GO:0005576;GO:0009986;GO:0000015;GO:0004634;GO:0000287
Q3AYE2	GO:0102752;GO:0003844;GO:0043169;GO:0005978;GO:0004553
C1DEM7	GO:0032259;GO:0005737;GO:0006364;GO:0008757
Q8RVL1	GO:0008234;GO:2000014;GO:0006508;GO:0005789;GO:0004198;GO:0009934;GO:0001558;GO:2000011;GO:0009793;GO:0005737;GO:0090628;GO:0010008;GO:2000024;GO:0042127;GO:0005887;GO:0097264
Q6P1D7	GO:1904431;GO:0030054;GO:0070522;GO:0005654;GO:0006289;GO:0010792;GO:0000784;GO:0017108;GO:0048476;GO:0000706;GO:0006260;GO:0008821;GO:0090656;GO:0000712;GO:0000724;GO:0006281;GO:0005829;GO:0033557;GO:0000790;GO:0072429;GO:1904357;GO:0061820;GO:0000781;GO:0003677;GO:0048257;GO:0046872;GO:0036297;GO:0008047
P10076	GO:0000978;GO:0006357;GO:0005634;GO:0001228;GO:0046872
Q6UXG2	GO:0005765;GO:0070062;GO:0000045;GO:0005789;GO:2000786;GO:0009267;GO:0005886;GO:0005794;GO:0003723;GO:0044090;GO:0005887;GO:0031902
Q24568	GO:0007432;GO:0005604;GO:0008045;GO:2000289;GO:0016358;GO:0031012;GO:0044295;GO:0009887;GO:0043025;GO:0009888;GO:0048749;GO:0070983;GO:0007411;GO:0008039;GO:0008347;GO:0048471;GO:0016200
Q11JA7	GO:0003676;GO:0004815;GO:0050560;GO:0005737;GO:0006422;GO:0005524
Q6WV17	GO:0046872;GO:0004653;GO:0030246;GO:0000139;GO:0012505;GO:0005794;GO:0016021;GO:0005795;GO:0009312;GO:0006486
O02697	GO:0006935;GO:0001525;GO:0006954;GO:0052812;GO:0005737;GO:0005886;GO:0046934;GO:0005524;GO:0006897;GO:0048015;GO:0004674;GO:0002376
Q1GT23	GO:0003677;GO:0006351;GO:0032549;GO:0003899
P18293	GO:0019901;GO:0007165;GO:0005525;GO:0048662;GO:0019934;GO:0005886;GO:0016941;GO:0005524;GO:0016021;GO:0006182;GO:0007166;GO:0010753;GO:0017046;GO:0004672;GO:0042562;GO:0035556;GO:0007168;GO:0001653;GO:0043235;GO:0004383;GO:0042417
Q89A99	GO:0034605;GO:0004176;GO:0043565;GO:0005737;GO:0005524;GO:0006515;GO:0004252
Q49136	GO:0008964;GO:0006099;GO:0015977
Q5R9G9	GO:0047760;GO:0005739;GO:0006631;GO:0031956;GO:0005524
Q58D79	GO:0017137;GO:0017157;GO:0006887;GO:0006886;GO:0030658;GO:0046872
A3PNR5	GO:0003684;GO:0030983;GO:0005524;GO:0006298
Q8G514	GO:0003677;GO:0006351;GO:0032549;GO:0003899
Q11ES4	GO:0004325;GO:0006783;GO:0005737;GO:0046872
A1WTG1	GO:0051539;GO:0004160;GO:0009099;GO:0009097;GO:0046872
A8H376	GO:0006260;GO:0003677;GO:0006281;GO:0046872;GO:0003911
Q8TK89	GO:0002101;GO:0005737;GO:0016879;GO:0005524
Q46XI7	GO:0006457;GO:0051082;GO:0005524
Q5PJK8	GO:0042597;GO:0055085
Q8VD26	GO:0002244;GO:0016021;GO:0005739
A0L153	GO:0042744;GO:0004096;GO:0046872;GO:0006979;GO:0020037
Q9XUM6	
A0A162J448	GO:0004029;GO:0043878
Q8T673	GO:0031288;GO:0006972;GO:0031152;GO:0042626;GO:0005524;GO:0016021
Q62167	GO:0005813;GO:0010501;GO:0005634;GO:0034161;GO:0033592;GO:0005654;GO:0008625;GO:0005737;GO:0007059;GO:0030027;GO:0043066;GO:0045948;GO:0003723;GO:2001243;GO:0055088;GO:0008143;GO:0010494;GO:0043273;GO:0043186;GO:0031333;GO:0016055;GO:0043539;GO:0072559;GO:0090263;GO:0098586;GO:1901223;GO:0007276;GO:0034157;GO:0043065;GO:0030307;GO:0003729;GO:0034063;GO:1900227;GO:0005886;GO:0031369;GO:0005524;GO:0042256;GO:0045727;GO:0005829;GO:0048027;GO:0071243;GO:0017111;GO:0043015;GO:1901224;GO:1902042;GO:0010628;GO:0003924;GO:0008134;GO:0032728;GO:1900087;GO:0016887;GO:0031252;GO:0006954;GO:0009615;GO:0031954;GO:0035556;GO:0003724;GO:0071902;GO:1903608;GO:0043154;GO:0030154;GO:0043280;GO:0030308;GO:0045944;GO:0036493;GO:0003678;GO:0071470;GO:1901985;GO:0097193;GO:1902523;GO:0006413;GO:0043024;GO:0003677;GO:0017148;GO:0032727;GO:0035613;GO:0008190;GO:0045087;GO:0045070
Q7NBA6	GO:0006457;GO:0051301;GO:0007049;GO:0005737;GO:0003755;GO:0015031
P08487	GO:0005509;GO:0004435;GO:0035924;GO:0035556;GO:0001726;GO:0001701;GO:0030027;GO:0071364;GO:0008180;GO:0009395;GO:0010634
Q28LA3	GO:0005737;GO:0004045;GO:0006412
Q4JXF0	GO:0004642;GO:0005737;GO:0005524;GO:0006189;GO:0000287
Q5TYW1	GO:0000978;GO:0000976;GO:0006357;GO:0045892;GO:0071294;GO:0005634;GO:0001228;GO:0046872;GO:0042254
Q9FQ04	GO:0000932;GO:0051301;GO:0005634;GO:0006397;GO:0006402;GO:0009826;GO:0010087;GO:0070370;GO:0003723;GO:0031087;GO:0010286;GO:0000291;GO:0010494;GO:0040029;GO:0005844;GO:0004534;GO:0010587;GO:0003729;GO:0008270;GO:0005829;GO:0000956
B1LZU6	GO:0006096;GO:0005576;GO:0009986;GO:0000015;GO:0004634;GO:0000287
Q8EWL9	GO:0006281;GO:0046872;GO:0003911;GO:0006260
Q8S8U2	GO:0015031;GO:0009706;GO:0016021
Q75BY1	GO:0005634;GO:0006970;GO:0007052;GO:0005737;GO:0000159;GO:0008160;GO:0003755
A6NIJ5	
Q6MIV0	GO:0009408;GO:0016887;GO:0005737;GO:0005524;GO:0042026
P30292	GO:0005509;GO:0005576;GO:0004556;GO:0103025;GO:0016052
Q9HCM1	GO:0005634;GO:0045869;GO:0090309;GO:0042393
Q9XIL9	GO:0071555;GO:0005576;GO:0005199;GO:0005618
B2RYL1	GO:0005634
A1DE84	GO:0005730;GO:0003724;GO:0006364;GO:0005524;GO:0003723
Q3MB82	GO:0008964;GO:0015977;GO:0006107;GO:0006099;GO:0000287
P45745	GO:0009058;GO:0016788;GO:0016874;GO:0031177
O94452	GO:0005819;GO:1904511;GO:0008017;GO:0051256;GO:0000281;GO:1990023;GO:0007019;GO:0005737;GO:0005881;GO:0051321;GO:0015630;GO:0000226
P0CQ67	GO:0005634;GO:0003677;GO:0005737;GO:0006281;GO:0005524;GO:0008270;GO:0004386
Q97BG9	GO:0006457;GO:0031072;GO:0051082;GO:0006260;GO:0009408;GO:0005737;GO:0008270;GO:0005524
Q48846	GO:0004565;GO:0005975
Q57S50	GO:0003677;GO:0003700
P39688	GO:1904646;GO:0044325;GO:0042608;GO:0003015;GO:1900449;GO:0043123;GO:0030425;GO:0005524;GO:0005829;GO:0050966;GO:0048813;GO:0046875;GO:0071944;GO:0038083;GO:1900182;GO:0043524;GO:0043014;GO:0048471;GO:0045471;GO:1903202;GO:0097386;GO:0050730;GO:0045087;GO:0031397;GO:0098978;GO:0005739;GO:0045121;GO:0014068;GO:0043548;GO:0005102;GO:0031234;GO:0010976;GO:1904645;GO:0001764;GO:0018108;GO:0042610;GO:0042531;GO:0005886;GO:0016020;GO:0036120;GO:0046777;GO:0042127;GO:0043231;GO:0002250;GO:0004713;GO:1905664;GO:2001240;GO:0007169;GO:0030154;GO:0030900;GO:1905232;GO:0010730;GO:0042552;GO:0071560;GO:0097038;GO:0099092;GO:0006468;GO:0019899;GO:0008360;GO:0010629;GO:0044297;GO:0031802;GO:0004672;GO:0004715;GO:0000304;GO:1902951;GO:0005768;GO:0044877;GO:0090314;GO:0042802;GO:0050852;GO:0005634;GO:0050804;GO:0042177;GO:0051428;GO:0042609;GO:0050798;GO:0048156;GO:0007166;GO:0042542;GO:0071375;GO:0097718;GO:0098685;GO:1901216;GO:0015631;GO:0014069;GO:1905430;GO:0070851;GO:2001056;GO:0005884;GO:0001664;GO:0042493;GO:0046872
B5Z1I3	GO:0080030
Q8N957	
C5D340	GO:0004828;GO:0016260;GO:0097056;GO:0006434;GO:0005737;GO:0005524
Q9FY54	GO:0016157;GO:0005986;GO:0046524;GO:0071836;GO:0005886;GO:0010208
Q8E3P4	GO:0030956;GO:0016787;GO:0050567;GO:0005524;GO:0006412
Q6FRZ9	GO:0016572;GO:0000781;GO:0005634;GO:0006281;GO:0000077;GO:0005524;GO:0000723;GO:0004674;GO:0010212
A6H584	GO:0005576;GO:0031012;GO:0007155;GO:0062023;GO:0005581
Q6D0E6	GO:0003677;GO:0004386;GO:0005524;GO:0006355
Q756G2	GO:0006511;GO:0005730;GO:0000447;GO:0005737;GO:0051028;GO:0006913;GO:0016567;GO:0045732;GO:0000278;GO:0061630;GO:0000448;GO:0043161;GO:0000480;GO:0006997;GO:0000209;GO:0000472
A9NEN3	GO:0003924;GO:0003746;GO:0005737;GO:0005525
A5GMX4	GO:0042026;GO:0005737;GO:0051082;GO:0005524
Q99219	GO:0032197;GO:0003677;GO:0005737;GO:0008270;GO:0000943
Q9KJE8	GO:0033734;GO:0042203;GO:0050660
Q12901	GO:0000978;GO:0006357;GO:0005634;GO:0000981;GO:0046872
P23074	GO:0004190;GO:0015074;GO:0019012;GO:0042025;GO:0030430;GO:0003964;GO:0003887;GO:0004523;GO:0075732;GO:0006310;GO:0044826;GO:0046872;GO:0003723;GO:0046718;GO:0075713
Q9WUU9	GO:0003682;GO:0016446;GO:0010484;GO:0070390;GO:0042393;GO:0003676;GO:0005634;GO:0034728;GO:0006406;GO:0005654;GO:0016973;GO:0005737;GO:0031965;GO:0005694;GO:0044615;GO:0004402;GO:0005829
Q65ED8	GO:0009380;GO:0016887;GO:0009432;GO:0003677;GO:0006289;GO:0005737;GO:0009381;GO:0005524
Q9Y2E5	GO:0009313;GO:0070062;GO:0030246;GO:0005764;GO:0006013;GO:0005774;GO:0004559;GO:0046872;GO:0043202
P52576	GO:0047526
P61480	GO:0000466;GO:0005634;GO:0000463;GO:0005730;GO:0043021;GO:0005654;GO:0051726;GO:0030687;GO:0007219;GO:0070545
Q7VUN6	GO:0051539;GO:0004160;GO:0009099;GO:0009097;GO:0046872
Q24179	GO:0006890;GO:0019905;GO:0001666;GO:0005801;GO:0000902;GO:0016192;GO:0048190;GO:0006904;GO:0000139;GO:0044877;GO:0060628;GO:0006886;GO:0005798;GO:0005886;GO:0005829;GO:0000149;GO:0009636;GO:0006892;GO:0006888
Q9WUM4	GO:0010633;GO:0016328;GO:0005856;GO:0030027;GO:0001755;GO:0010008;GO:0044387;GO:0015629;GO:0001932;GO:0016600;GO:0000147;GO:0051893;GO:0030036;GO:0010632;GO:0016197;GO:0051895;GO:0001933;GO:1900024;GO:0007015;GO:0006909;GO:0032587;GO:0090148;GO:1900027;GO:0010762;GO:1900025;GO:0097750;GO:0048365;GO:0045184;GO:0090630;GO:0005938;GO:0016477;GO:2000394;GO:0051015;GO:0140285
Q04589	GO:0051930;GO:0007435;GO:0043410;GO:0005007;GO:0042803;GO:0045597;GO:0001525;GO:0005524;GO:0005829;GO:0090080;GO:0007275;GO:0031667;GO:0048471;GO:0048378;GO:0090272;GO:0002062;GO:0010863;GO:0019827;GO:0048699;GO:0045787;GO:2001239;GO:0043235;GO:2000546;GO:0001837;GO:0007420;GO:0048469;GO:0072091;GO:0050839;GO:0005102;GO:1903465;GO:0030324;GO:0010976;GO:0071420;GO:0018108;GO:0005886;GO:0046777;GO:0010966;GO:0042127;GO:0002931;GO:0090722;GO:0002053;GO:0071222;GO:0004713;GO:0008284;GO:0030901;GO:0007169;GO:0045668;GO:0045944;GO:0008543;GO:0004714;GO:0043536;GO:0033674;GO:0060484;GO:0060445;GO:0048762;GO:0048514;GO:0050729;GO:0001701;GO:0030326;GO:0031410;GO:2000491;GO:0045666;GO:0042060;GO:0010629;GO:0005887;GO:0007605;GO:0060665;GO:0021954;GO:0021847;GO:0051174;GO:0042169;GO:0048339;GO:0044877;GO:1905564;GO:0001657;GO:0042474;GO:0051897;GO:0010468;GO:0042802;GO:1990090;GO:0001759;GO:0021837;GO:0005634;GO:2000830;GO:0005737;GO:0000122;GO:0043583;GO:0043406;GO:0060117;GO:0070640;GO:0060045;GO:0035607;GO:0007565;GO:0008201;GO:0042472;GO:0017134;GO:0010763;GO:0042473;GO:0031175;GO:0021769
G3Y419	GO:0050641;GO:0032259;GO:0006633;GO:0008168;GO:0004315;GO:0016114;GO:0031177
Q1RJS2	GO:0004823;GO:0006429;GO:0002161;GO:0005737;GO:0005524
Q6AG60	GO:0046961;GO:0045261;GO:0005886;GO:0005524;GO:0046933
Q0VBV7	GO:0005813;GO:0031122;GO:0030496;GO:0007052;GO:0005737;GO:0060271;GO:1905515;GO:0097546
P39654	GO:0034116;GO:0051120;GO:1901074;GO:0005737;GO:0030838;GO:0035358;GO:0006646;GO:0031234;GO:2001303;GO:0019369;GO:0042060;GO:0071277;GO:0019395;GO:0016165;GO:0050473;GO:0051122;GO:0005886;GO:0016020;GO:0034440;GO:0005829;GO:0010811;GO:0016702;GO:0001503;GO:0050727;GO:0006629;GO:0005546;GO:0002820;GO:0043277;GO:0043651;GO:0019372;GO:0070374;GO:0035963;GO:0004052;GO:0030282;GO:0047977;GO:0005506;GO:0034976;GO:0005811
Q82EX9	GO:0006457;GO:0051082;GO:0005524
B0C2D1	GO:0006351;GO:0003899;GO:0003677;GO:0008270;GO:0000287
Q5SXM1	GO:0000978;GO:0046872;GO:0006355;GO:0005634;GO:0000981
Q02WL3	GO:0000049;GO:0005737;GO:0005524;GO:0004826;GO:0000287;GO:0006432
Q68WI4	GO:0005525;GO:0003924;GO:0005737;GO:0003743
Q8GRC3	GO:0005993;GO:0047656;GO:0030246
A6NNF4	GO:0000978;GO:0006357;GO:0005634;GO:0000981;GO:0046872
Q8W0H5	GO:0009536;GO:0006811;GO:0005315;GO:0016021;GO:0031969
Q5YVN7	GO:0006260;GO:0003677;GO:0006281;GO:0046872;GO:0003911
D4AYS6	GO:0008236;GO:0005576;GO:0004180;GO:0016021
A4VG81	GO:0006750;GO:0004357;GO:0005524
P22180	GO:0120029;GO:0046872;GO:0016887;GO:1902600;GO:0005886;GO:0008553;GO:0005524;GO:0016021;GO:0051453
Q0ALP0	GO:0016645;GO:0004808;GO:0050660;GO:0005737;GO:0002097
Q0TR53	GO:0000272;GO:0030246;GO:0102166;GO:0016231;GO:0102571;GO:0102167;GO:0006517;GO:0005975
Q8JU57	GO:0009405;GO:0046812;GO:0099008;GO:0039665;GO:0039621;GO:0039624
Q740J0	GO:0000049;GO:0005737;GO:0005524;GO:0004826;GO:0000287;GO:0006432
Q1MEZ8	GO:0005737;GO:0004055;GO:0006526;GO:0005524
E5AE40	GO:0016491;GO:0032259;GO:0016746;GO:0008168;GO:0031177
A4R5B8	GO:0005730;GO:0003724;GO:0006364;GO:0005524;GO:0003723
Q5PEA9	GO:0030430;GO:0004725;GO:0009405;GO:0005615;GO:0005096
Q16600	GO:0000978;GO:0006357;GO:0001227;GO:0005634;GO:0000981;GO:0003677;GO:0000122;GO:0046872;GO:0003723
Q17QS0	GO:0070004;GO:0016805
P46939	GO:0006936;GO:0045211;GO:0019901;GO:0014894;GO:0005654;GO:0005737;GO:0005856;GO:0003779;GO:0030175;GO:0005886;GO:0007528;GO:0016020;GO:0031594;GO:2000649;GO:0030864;GO:0070062;GO:0007517;GO:0017166;GO:0031527;GO:0042383;GO:0005178;GO:0030426;GO:0008270;GO:0001954;GO:0032991;GO:0051015;GO:0016010
Q57060	GO:0032259;GO:0008168
P0CK12	GO:0008236;GO:0046740;GO:0044219;GO:0004197
A5K6L0	GO:0005634;GO:0005759;GO:0052906
B0JSN9	GO:0006351;GO:0003899;GO:0003677;GO:0008270;GO:0000287
A5I723	GO:0006457;GO:0051082;GO:0009408;GO:1990220;GO:0051085;GO:0005524;GO:0042026
O31066	GO:0042744;GO:0004096;GO:0046872;GO:0006979;GO:0020037
O14686	GO:0042393;GO:0005634;GO:0005654;GO:0043627;GO:0006355;GO:0097692;GO:0045652;GO:0044648;GO:0048477;GO:0044666;GO:0006342;GO:0080182;GO:0000976;GO:0008284;GO:0042800;GO:1904837;GO:0051568;GO:0045944;GO:0003677;GO:0003713;GO:0035097;GO:0033148;GO:0046872;GO:0001555
P55194	GO:0071526;GO:0030215;GO:0005634;GO:0051058;GO:0035020;GO:0030027;GO:0032956;GO:0043535;GO:0006911;GO:0005912;GO:0001891;GO:0034329;GO:0030834;GO:0045198;GO:0097178;GO:0046847;GO:0005829;GO:0043547;GO:0005096;GO:0007015;GO:0017124;GO:0048365;GO:0016477;GO:0005923;GO:0031252
Q99707	GO:0009086;GO:0042558;GO:0007399;GO:0008705;GO:0000096;GO:0032259;GO:0009235;GO:0008270;GO:0031103;GO:0071732;GO:0005829;GO:0048678;GO:0031419
Q9JLM9	GO:0005768;GO:0032869;GO:0007165;GO:0030971;GO:1904145;GO:0005737;GO:0005886;GO:0005794;GO:0010008;GO:0030674;GO:0051219;GO:0043231;GO:0008286;GO:0046627
S0E2X6	GO:0004497;GO:0071949;GO:0016021
Q3IYI5	GO:0003684;GO:0030983;GO:0005524;GO:0006298
B1ZGS0	GO:0003677;GO:0006351;GO:0032549;GO:0003899
Q9VFI9	GO:0047555;GO:0016324;GO:0007165;GO:0032240;GO:0016020;GO:0005886;GO:0004114;GO:0046872;GO:0046068
O59264	GO:0005737;GO:0016149
Q59156	GO:0008408;GO:0003677;GO:0003887;GO:0006281;GO:0006261
Q981C9	GO:0008616;GO:0016879;GO:0008270;GO:0005524;GO:0006541
B4PSS5	GO:0047555;GO:0007165;GO:0005886;GO:0016020;GO:0046872;GO:0046068
Q7T6X5	GO:0003677;GO:0019012;GO:0006351;GO:0003899
Q80TP3	GO:0070936;GO:0032700;GO:0005634;GO:0005654;GO:0003723;GO:0090263;GO:0006974;GO:2000780;GO:0061630;GO:0006281;GO:0031647;GO:1901315;GO:0034450;GO:0005829;GO:0050847;GO:2000779;GO:0010628;GO:0043130;GO:0048471;GO:0042307;GO:0000209;GO:0008270;GO:0032991
Q2KNA0	GO:0005819;GO:0031941;GO:0007049;GO:0005815;GO:0005921;GO:0051301;GO:0005737;GO:0030036
A0PKB2	GO:0006275;GO:0006270;GO:0005737;GO:0005524;GO:0003688
B0KNK9	GO:0042744;GO:0004096;GO:0046872;GO:0006979;GO:0020037
Q9H8G1	GO:0000978;GO:0006355;GO:0046872;GO:0005634;GO:0000981;GO:0021762
P52636	GO:0051539;GO:0055114;GO:0016021;GO:0005886;GO:0046872
O15820	GO:0000287;GO:0005737;GO:0004614;GO:0005975
Q9BRH9	GO:0000978;GO:0006357;GO:0005634;GO:0000981;GO:0046872
Q5BFH3	GO:0043144;GO:0004534;GO:0071035;GO:0030847;GO:0005634;GO:0051984;GO:0006397;GO:1901408;GO:0034244;GO:0000448;GO:0030846;GO:0071028;GO:0008270;GO:0034428;GO:0003723;GO:0000956;GO:0019843
A4YGN2	GO:0043957;GO:0043958;GO:0008270
Q8NKE1	GO:0102752;GO:0003844;GO:0043169;GO:0005978;GO:0004553
A7Z8B5	GO:0005737;GO:0030145;GO:0070006
Q9BY31	GO:0000978;GO:0006357;GO:0005634;GO:0001228;GO:0046872
P33332	GO:0005935;GO:0006893;GO:0005628;GO:0017049;GO:0005546;GO:0000145;GO:0005934;GO:0006887;GO:0000131;GO:0048309;GO:0051601;GO:0005737;GO:0005886;GO:0090522;GO:0043332;GO:0001927;GO:0015031
F6C6C1	GO:0004553;GO:0005975
B1ZEJ8	GO:0006096;GO:0005576;GO:0009986;GO:0000015;GO:0004634;GO:0000287
O08810	GO:0046540;GO:0003924;GO:0015030;GO:0005634;GO:0071013;GO:0005654;GO:0043231;GO:0071005;GO:0016607;GO:0000398;GO:0071007;GO:0005525;GO:0005829;GO:1990904;GO:0030623
Q7U8K4	GO:0003677;GO:0006351;GO:0032549;GO:0003899
C0LGH2	GO:0005886;GO:0046777;GO:0005524;GO:0016021;GO:0004674
P33453	GO:0006351;GO:0039689;GO:0001882;GO:0000166;GO:0039696;GO:0003968
Q5Z3P6	GO:0046677;GO:0050071;GO:0003676;GO:0006629;GO:0006430;GO:0009405;GO:0005737;GO:0004824;GO:0005886;GO:0005524;GO:0016021;GO:0000287
Q61527	GO:0007507;GO:0045211;GO:0098978;GO:0005739;GO:0005634;GO:0032230;GO:0050679;GO:0007165;GO:0008285;GO:0045121;GO:0046326;GO:0043066;GO:0005737;GO:0014068;GO:0001755;GO:0021889;GO:0042803;GO:0071364;GO:0045893;GO:0045165;GO:0060749;GO:0038132;GO:0009925;GO:0043552;GO:0043065;GO:0018108;GO:0042531;GO:0005886;GO:0046777;GO:0098982;GO:0005524;GO:0005887;GO:0043653;GO:0021551;GO:0030334;GO:0000976;GO:0060045;GO:0005154;GO:0038083;GO:0004713;GO:0008284;GO:2001223;GO:0007595;GO:0007275;GO:0007169;GO:0014069;GO:0016323;GO:0030335;GO:2000010;GO:0004714;GO:0046427;GO:0007399;GO:0033674;GO:0061026;GO:0070374;GO:0009880;GO:0043129;GO:0099056;GO:0099061;GO:0060074;GO:0010656;GO:0016477;GO:0007416;GO:0043235;GO:0005901;GO:0060644
Q29L39	GO:0007291;GO:0032436;GO:0043186;GO:0070373;GO:0007286;GO:0005516;GO:0007601;GO:0042066;GO:0008270;GO:0050896
A7NR66	GO:0003924;GO:0003746;GO:0005737;GO:0005525
A6LSV5	GO:0034605;GO:0004176;GO:0043565;GO:0005737;GO:0005524;GO:0006515;GO:0004252
Q39ZP5	GO:0042026;GO:0005737;GO:0051082;GO:0005524
Q2K7T3	GO:0003697;GO:0008094;GO:0009432;GO:0006281;GO:0005737;GO:0006310;GO:0005524;GO:0003684
Q913V3	GO:0039694;GO:0039502;GO:0042025;GO:0035066;GO:0004197;GO:0019031;GO:0039645;GO:0075512;GO:0051525;GO:0005198;GO:0003723;GO:0044186;GO:0044220;GO:0039707;GO:0005524;GO:0016021;GO:0039547;GO:0039545;GO:0005216;GO:0017124;GO:0003724;GO:0003968;GO:0039654;GO:1990216;GO:0044385;GO:0020002;GO:0055036;GO:0051259;GO:0019087;GO:0019013;GO:0039563;GO:0044167;GO:0008270;GO:0039520;GO:0044191;GO:0019062;GO:0004252
A4VVR3	GO:0006419;GO:0000049;GO:0005737;GO:0004813;GO:0005524;GO:0008270
Q8K449	GO:0005319;GO:0005739;GO:0016887;GO:0006869;GO:0042626;GO:0005524;GO:0016021;GO:0043231
Q3JDS3	GO:0019464;GO:0008483;GO:0004047
A1UHT0	GO:0016887;GO:0010498;GO:0000502;GO:0005524;GO:0019941
C4K735	GO:0008360;GO:0009252;GO:0007049;GO:0051301;GO:0071555;GO:0005737;GO:0008763;GO:0005524
Q6P1Y1	GO:0003676;GO:0005634;GO:0008270
P87730	GO:0020002;GO:0019064;GO:0044175;GO:0055036;GO:0019031;GO:0016021
B2US13	GO:0003676;GO:0006430;GO:0005737;GO:0004824;GO:0005524;GO:0000287
A5CUB7	GO:0003924;GO:0003746;GO:0005737;GO:0005525
Q9Y2P5	GO:0047747;GO:0009925;GO:0015245;GO:0005789;GO:0015911;GO:0046951;GO:0016491;GO:0008206;GO:0000038;GO:0030176;GO:0031957;GO:0005324;GO:0006642;GO:0044877;GO:0032991;GO:0005524;GO:0005783;GO:0004467;GO:0006699;GO:0015721
B4QZU1	GO:0047555;GO:0007165;GO:0005886;GO:0016020;GO:0046872;GO:0046068
P04799	GO:0106256;GO:0032496;GO:0009820;GO:0016098;GO:0070989;GO:0071615;GO:0032451;GO:0019899;GO:0008210;GO:0030324;GO:0019369;GO:0032787;GO:0008203;GO:0018894;GO:0034875;GO:0101020;GO:0042738;GO:0016712;GO:0017144;GO:0043231;GO:0042572;GO:0032355;GO:0046483;GO:0071280;GO:0004497;GO:0006805;GO:0045333;GO:0005789;GO:0006725;GO:0050665;GO:0014070;GO:0020037;GO:0070330;GO:0010033;GO:0042737;GO:0006706;GO:0009403;GO:0035902;GO:0055114;GO:0016491;GO:0101021;GO:0009404;GO:0071276;GO:0042493;GO:0005506;GO:0009791;GO:0006778;GO:0010468
P13433	GO:0006269;GO:0005759;GO:0000002;GO:0005739;GO:0003899;GO:0034245;GO:0042645;GO:0006390;GO:0005737;GO:0003896;GO:0001018
B1I494	GO:0051539;GO:0003678;GO:0000724;GO:0005524;GO:0046872;GO:0003690;GO:0008409
A5W6H0	GO:0004165;GO:0006635;GO:0003857;GO:0004300;GO:0008692;GO:0036125
P40460	GO:0042802;GO:0000778;GO:0034501;GO:0051301;GO:0031262;GO:0051315;GO:0000780;GO:0007059
A5DEV6	GO:0000403;GO:0006312;GO:0032302;GO:0000735;GO:0000404;GO:0000406;GO:0000710;GO:0005524;GO:0043111
A5D3F4	GO:0006419;GO:0005737;GO:0004813;GO:0005524;GO:0008270;GO:0000049
A7FDZ0	GO:0031241;GO:0008360;GO:0009252;GO:0030234
Q617Y0	GO:0006256;GO:0030334;GO:0035262;GO:0043262;GO:0046712;GO:0060050;GO:0000139;GO:0007506;GO:0045134;GO:0016021;GO:0030154;GO:0004382;GO:0046032
B1L1K0	GO:0042026;GO:0005737;GO:0051082;GO:0005524
Q6BZ57	GO:0030176;GO:0005887;GO:0051267;GO:0006506
Q7U3C4	GO:0006457;GO:0051082;GO:0005524
O42773	GO:0140281;GO:0097720;GO:0071852;GO:0008199;GO:0071277;GO:0120105;GO:0005516;GO:1905949;GO:0005955;GO:0035556;GO:1903473;GO:0033192;GO:0008270;GO:1900182
P47161	GO:0046872;GO:0004180;GO:0008237;GO:0004177;GO:0016021;GO:0005783;GO:0006623
Q1WUF9	GO:0008408;GO:0003677;GO:0003887;GO:0005737;GO:0006261
A5E1W0	GO:0004535;GO:0003676;GO:0006397;GO:0006301;GO:0031251;GO:0046872;GO:0000289
Q5W7F2	GO:0030140;GO:0009733;GO:0010087;GO:0035091;GO:0005886;GO:0005794;GO:0046872;GO:0005829;GO:0006897;GO:0005096;GO:0009965;GO:0010051
Q07407	GO:0035169;GO:0007507;GO:0035170;GO:0008078;GO:1903977;GO:0005007;GO:0010001;GO:0021782;GO:0008354;GO:0008360;GO:0007493;GO:0110122;GO:0007431;GO:0007509;GO:0005524;GO:0005887;GO:0098975;GO:0007522;GO:0048542;GO:0007280;GO:0007523;GO:0004713;GO:0008284;GO:0045089;GO:0007275;GO:0007506;GO:0007169;GO:0001710;GO:0007419;GO:0008543;GO:0042065;GO:0004714;GO:0048747;GO:0007500;GO:0061320;GO:0033674;GO:0050829;GO:0007417;GO:0010002;GO:0007525;GO:0045887;GO:0043235;GO:0008347;GO:0048626
Q0U2T3	GO:0000266;GO:0005739;GO:0030687;GO:0016559;GO:0005741
Q2KIS2	GO:0030422;GO:0003725;GO:0005743;GO:0005762;GO:0005634;GO:0070125;GO:0006396;GO:0031053;GO:0031054;GO:0004525
P21701	GO:0003723;GO:0019013;GO:0019029
A6NE21	
A6NNJ1	
Q496Z9	GO:0005634;GO:0030534;GO:0000049;GO:0046872;GO:0002940;GO:0004809;GO:0008344
A4W221	GO:0006419;GO:0000049;GO:0005737;GO:0004813;GO:0005524;GO:0008270
O42861	GO:0003678;GO:0003682;GO:0008094;GO:0000790;GO:0005634;GO:0097240;GO:0140461;GO:0031297;GO:0032017;GO:0003677;GO:0043044;GO:0034724;GO:0005524;GO:0106253;GO:0003684;GO:0005720
Q97L52	GO:0006096;GO:0005576;GO:0009986;GO:0000015;GO:0004634;GO:0000287
Q18KI0	GO:0002949;GO:0004222;GO:0000408;GO:0004712;GO:0005737;GO:0005506;GO:0005524;GO:0008270;GO:0004674;GO:0061711
I1RVD8	GO:0016491;GO:0032259;GO:0006633;GO:0008168;GO:0004315;GO:0031177
Q8N7Q3	GO:0000978;GO:0006355;GO:0005634;GO:0000981;GO:0046872
Q9HM29	GO:0002161;GO:0005737;GO:0004832;GO:0005524;GO:0006438
A1UL09	GO:0006096;GO:0005576;GO:0009986;GO:0000015;GO:0004634;GO:0000287
Q5PQS3	GO:0010314;GO:0009966;GO:0060392;GO:0030512;GO:0005886
O43299	GO:0030119;GO:0005634;GO:0000724;GO:0005654;GO:0005737;GO:0016607;GO:0044599;GO:0016197;GO:0015031
A3PWB2	GO:0065002;GO:0006605;GO:0005737;GO:0005886;GO:0017038;GO:0005524
Q14643	GO:0042045;GO:0007165;GO:0015278;GO:0030658;GO:0031094;GO:0070679;GO:0005783;GO:0070059;GO:0001666;GO:0019855;GO:0031088;GO:0051209;GO:0035091;GO:0005886;GO:0016020;GO:0015085;GO:0016021;GO:0050796;GO:0010506;GO:0005509;GO:0005637;GO:0005789;GO:0006816;GO:0005730;GO:1903779;GO:0005955;GO:0050882;GO:0030667;GO:0005220;GO:0014069;GO:0030659;GO:0032469;GO:0048471;GO:0030168;GO:0031095;GO:0009791;GO:0016529;GO:0050849
Q07468	GO:0006914;GO:0035542;GO:0042144;GO:1990816;GO:0017137;GO:0016192;GO:0034727;GO:0005088;GO:1904263;GO:0006886;GO:0007033;GO:0005737;GO:0016020;GO:0032889;GO:0000329;GO:0030897;GO:0099022;GO:0034058;GO:0000324
A1SVA5	GO:0046872;GO:0000049;GO:0005737;GO:0005524;GO:0006431;GO:0004825
A5G9I2	GO:0042026;GO:0005737;GO:0051082;GO:0005524
A0L7X0	GO:0016773;GO:0033785;GO:0097171;GO:0033786;GO:0005524
Q9ZD49	GO:0005737
A4F749	GO:0042026;GO:0005737;GO:0051082;GO:0005524
Q11KJ6	GO:0006457;GO:0051082;GO:0005524
Q9LJP2	GO:0016042;GO:0005576;GO:0016788;GO:0005773
Q0DG35	GO:0010181;GO:0051538;GO:0097054;GO:0016491;GO:0019676;GO:0050660;GO:0015930;GO:0005506;GO:0006537;GO:0009507;GO:0016040
Q9KBQ2	GO:0030145;GO:0005737;GO:0019569;GO:0008733
Q9GZL7	GO:0042273;GO:0000466;GO:0000463;GO:0005730;GO:0043021;GO:0005654;GO:0006364;GO:0051726;GO:0030687;GO:0007219;GO:0070545
Q9PBB2	GO:0042744;GO:0004096;GO:0046872;GO:0006979;GO:0020037
Q5LYE9	GO:0030956;GO:0016787;GO:0050567;GO:0005524;GO:0006412
Q4R380	GO:0051575;GO:0006260;GO:0005634;GO:0006287;GO:0003887;GO:0000724;GO:0003677;GO:0006303;GO:0046872;GO:0071897
Q8TE67	GO:1900029;GO:0003779;GO:0032587;GO:0007266;GO:0042634;GO:0035023;GO:0005737;GO:0005886
Q86C65	GO:0016242;GO:0031000;GO:0038202;GO:0006935;GO:0007049;GO:1903664;GO:0005634;GO:0010507;GO:0044877;GO:0005886;GO:0005524;GO:0031931;GO:0031156;GO:0005829;GO:0004674;GO:0031932
Q7RA60	GO:0006096;GO:0000287;GO:0000015;GO:0004634
P27735	GO:0004795;GO:0009088;GO:0030170
B1YJZ8	GO:0000049;GO:0005737;GO:0005524;GO:0004826;GO:0000287;GO:0006432
Q9FDS1	GO:0051289;GO:0050061
A9W8N8	GO:0003677;GO:0006351;GO:0032549;GO:0003899
A7NM80	GO:0034605;GO:0004176;GO:0043565;GO:0005737;GO:0005524;GO:0006515;GO:0004252
Q5PAS6	GO:0006096;GO:0005576;GO:0009986;GO:0000015;GO:0004634;GO:0000287
A7HDG8	GO:0046933;GO:0005524;GO:0042777
Q9UHV7	GO:0006357;GO:0030374;GO:0005634;GO:0042809;GO:0060261;GO:0016592;GO:0070328;GO:0005654;GO:0003713;GO:0016020;GO:0003712;GO:0042632;GO:0043433;GO:0046966;GO:0006367;GO:0045893;GO:0045944
Q3S2U1	GO:0016491;GO:0000166
Q9JVR5	GO:0046677;GO:0015562;GO:0008559;GO:0016887;GO:0005524;GO:0005887;GO:1990961
A6NEW6	
B0U8E7	GO:0065002;GO:0006605;GO:0005737;GO:0005886;GO:0017038;GO:0005524;GO:0046872
Q88X53	GO:0006420;GO:0005737;GO:0004814;GO:0005524
B0KH74	GO:0004165;GO:0006635;GO:0003857;GO:0004300;GO:0008692;GO:0036125
Q99MK8	GO:1904707;GO:0007507;GO:0010661;GO:0005739;GO:0005634;GO:0018105;GO:0033605;GO:0045907;GO:0045988;GO:0045121;GO:0043066;GO:0005737;GO:0043198;GO:0071364;GO:0005929;GO:0006468;GO:0004674;GO:0030424;GO:0031623;GO:0046718;GO:0045202;GO:1904058;GO:0031850;GO:0042699;GO:0002026;GO:0007217;GO:0016020;GO:0045744;GO:0003108;GO:0005524;GO:1900077;GO:0097756;GO:0005829;GO:0007186;GO:0031851;GO:2000117;GO:0043197;GO:0097110;GO:0051457;GO:0004672;GO:0031755;GO:1990869;GO:0004703;GO:1901081;GO:0019079;GO:0032755;GO:0014070;GO:0106072;GO:0071333;GO:0031625;GO:0016323;GO:0010801;GO:0048709;GO:0048146;GO:2000463;GO:0016324;GO:0060048;GO:0033137;GO:0047696;GO:0018107;GO:0001664;GO:0006979;GO:0046325;GO:0005901;GO:0002029
Q6MU82	GO:0003924;GO:0003746;GO:0005737;GO:0005525
Q5HBC7	GO:0050661;GO:0004324;GO:0050660
Q8K2Y0	GO:0003682;GO:0046872;GO:0006275;GO:0048026;GO:0000785;GO:0006513;GO:0004842;GO:0051865
B7KK78	GO:0006351;GO:0003899;GO:0003677;GO:0008270;GO:0000287
Q23122	GO:0006419;GO:0006400;GO:0005739;GO:0002161;GO:0000049;GO:0004813;GO:0016597;GO:0005524;GO:0008270
A7HCC4	GO:0006096;GO:0005576;GO:0009986;GO:0000015;GO:0004634;GO:0000287
A8FEJ8	GO:0004834
Q02ML8	GO:0004386;GO:0051607;GO:0005524;GO:0046872
G5EG17	GO:0006260;GO:0000724;GO:0005654;GO:0051276;GO:0005524;GO:0030915;GO:0000794;GO:0051321
O75001	GO:0003678;GO:0000790;GO:0005634;GO:0031261;GO:0006267;GO:0006270;GO:0005656;GO:0042555;GO:0043596;GO:0005524;GO:0003688;GO:0006268;GO:0097373;GO:0000727;GO:1902975;GO:0006271
B3QSJ7	GO:0034605;GO:0004176;GO:0043565;GO:0005737;GO:0005524;GO:0006515;GO:0004252
Q9LVW3	GO:0102580;GO:0042732;GO:0071395;GO:0071368;GO:1901038;GO:0009718;GO:0035252
B2I937	GO:0006096;GO:0005576;GO:0009986;GO:0000015;GO:0004634;GO:0000287
Q48245	GO:0005576;GO:0090729;GO:0009405;GO:0009986;GO:0042597;GO:0016021;GO:0009279
O94248	GO:0005509;GO:0016887;GO:0005730;GO:0005654;GO:0006364;GO:0005524;GO:0030687;GO:0000027
B0SD19	GO:0042744;GO:0004096;GO:0046872;GO:0006979;GO:0020037
Q3SLY4	GO:0009073;GO:0005737;GO:0009423;GO:0000166;GO:0046872;GO:0003856
Q7UFG7	GO:0006007;GO:0044262;GO:0006096;GO:0030145;GO:0005829;GO:0046537
Q766Z3	GO:0051539;GO:0006260;GO:0005634;GO:0071494;GO:0090305;GO:0003887;GO:0000724;GO:0003677;GO:0000166;GO:0046872;GO:0016035;GO:0042276;GO:0006974
Q9LZJ3	GO:0005768;GO:0046872;GO:0010411;GO:0033843;GO:0005802;GO:0000139;GO:0016021;GO:0006486;GO:0016758;GO:0005794;GO:0000271;GO:0009969;GO:0005829;GO:0005797;GO:0035252
A3DBQ5	GO:0006096;GO:0005576;GO:0009986;GO:0000015;GO:0004634;GO:0000287
Q3SPI3	GO:0009245;GO:0009029;GO:0005524
A3LS22	GO:0000462;GO:0005634;GO:0003724;GO:0005524;GO:0008186;GO:0003723
B3PP20	GO:0019464;GO:0004375
Q8P8J4	GO:0004055;GO:0006526;GO:0005737;GO:0005524;GO:0000053;GO:0000050
Q2YT47	GO:0006457;GO:0051082;GO:0005524
Q8TC41	GO:0006511;GO:0032436;GO:0046872;GO:0061630;GO:0005737;GO:0000209;GO:0016021;GO:0031624;GO:0005829;GO:0004842;GO:0000151
P00490	GO:0030170;GO:0102250;GO:0008184;GO:0005737;GO:0030980;GO:0005829;GO:0102499;GO:0031220;GO:0005980
A0JT07	GO:0042026;GO:0005737;GO:0051082;GO:0005524
P70670	GO:0051082;GO:0005634;GO:0005854;GO:0051451;GO:0003677;GO:0003713;GO:0005737;GO:0006612;GO:0017025
Q6D828	GO:0006457;GO:0051301;GO:0007049;GO:0005737;GO:0003755;GO:0015031
Q14966	GO:0005634;GO:0005654;GO:0008380;GO:0005737;GO:0016607;GO:0008270;GO:0003723;GO:0043231;GO:0003690
Q329P9	GO:0004457;GO:0010181;GO:0005886;GO:0019516
Q0K757	GO:0006457;GO:0051082;GO:0005524
O75976	GO:0070062;GO:0006518;GO:0004185;GO:0004181;GO:0016021;GO:0016485;GO:0005886;GO:0016020;GO:0008270;GO:0005615
Q13136	GO:0005925;GO:1903077;GO:0007160;GO:0014047;GO:0007165;GO:0048786;GO:0005737;GO:0050808;GO:0030425;GO:0051497;GO:0032991;GO:0005829;GO:0007269;GO:0030424
Q1J021	GO:0008878;GO:0005524;GO:0005978
Q03WI2	GO:0006457;GO:0051082;GO:0005524
Q53653	GO:0005576;GO:0007155;GO:0009405;GO:0016020;GO:0005618
B7NP97	GO:0004125;GO:0005737;GO:0001514;GO:0097056
P35354	GO:1990776;GO:0001516;GO:0033138;GO:0031915;GO:0008217;GO:0045907;GO:0008285;GO:0150077;GO:0032496;GO:0071260;GO:0090271;GO:0005737;GO:0005788;GO:0007612;GO:0019233;GO:0005783;GO:0031394;GO:0042803;GO:0050873;GO:0051384;GO:0051926;GO:0019899;GO:0045986;GO:0048661;GO:0090050;GO:0001525;GO:0030728;GO:0004601;GO:0046697;GO:0042633;GO:0043065;GO:0009750;GO:0034605;GO:0004666;GO:0051968;GO:0032227;GO:0071471;GO:0007566;GO:0032991;GO:0070542;GO:0071636;GO:0010575;GO:0090362;GO:0097756;GO:1902219;GO:0031622;GO:0032355;GO:0016702;GO:0035633;GO:0050727;GO:0005637;GO:0005789;GO:0005640;GO:0033280;GO:0007613;GO:0006954;GO:0090336;GO:0045429;GO:0043005;GO:0007568;GO:0019372;GO:0043154;GO:0019221;GO:0020037;GO:0034612;GO:0045987;GO:0010226;GO:0042307;GO:0071318;GO:0042759;GO:0034356;GO:0045786;GO:0071456;GO:0034644;GO:0071284;GO:0071498;GO:0030282;GO:0042493;GO:0046872;GO:0006979;GO:0005901;GO:0010042;GO:0019371
Q19V98	GO:0006351;GO:0003899;GO:0032549;GO:0003677;GO:0009507
Q0I7L8	GO:0006351;GO:0003899;GO:0003677;GO:0008270;GO:0000287
B4K9L4	GO:0047555;GO:0007165;GO:0005886;GO:0016020;GO:0046872;GO:0046068
A0QQ68	GO:0015604;GO:0006817;GO:0005887
Q7N7B3	GO:0080030
P36113	GO:0006511;GO:0032436;GO:0046872;GO:0061630;GO:0005737;GO:0000209;GO:0031624;GO:0016574;GO:0000151;GO:0036205
Q76NI1	GO:0032045;GO:0048814;GO:0007264;GO:0005088;GO:0043025;GO:0001934;GO:0030425;GO:0021707;GO:0043204;GO:0050773
A0JNB0	GO:0042802;GO:1904646;GO:0044325;GO:0050852;GO:0005634;GO:0050804;GO:0045121;GO:0003015;GO:0042177;GO:1900449;GO:0071560;GO:0005102;GO:0043123;GO:0019899;GO:0031234;GO:0010976;GO:0008360;GO:0001764;GO:0010629;GO:0044297;GO:0018108;GO:0042531;GO:0050798;GO:0030425;GO:0036120;GO:0005524;GO:0048156;GO:0005829;GO:0042127;GO:0002250;GO:0050966;GO:0048813;GO:0097718;GO:0046875;GO:0038083;GO:0004715;GO:0004713;GO:1905664;GO:0098685;GO:1901216;GO:1900182;GO:0007169;GO:0030154;GO:0014069;GO:0030900;GO:0043014;GO:0070851;GO:0045471;GO:1902951;GO:0005768;GO:0005884;GO:0001664;GO:0097386;GO:0046872;GO:0090314;GO:0045087;GO:0031397
B6QT52	GO:0017108;GO:0005739;GO:0006260;GO:0005730;GO:0006286;GO:0043137;GO:0008409;GO:0003677;GO:0005654;GO:0006303;GO:0000287;GO:0001302;GO:0035753;GO:0000734;GO:0005829
C5D4U1	GO:0006457;GO:0051082;GO:0005524
Q6BKP5	GO:0051539;GO:0045145;GO:0000002;GO:0005739;GO:0003677;GO:0046872
H7BZ55	
Q1GK49	GO:0003677;GO:0006351;GO:0032549;GO:0003899
Q9NJP2	GO:0035002;GO:0005272;GO:0016021
Q9PDT8	GO:0006096;GO:0005576;GO:0009986;GO:0000015;GO:0004634;GO:0000287
P08169	GO:0007041;GO:0005802;GO:0036143;GO:0051219;GO:0005537;GO:0005794;GO:0010008;GO:0038023;GO:0005768;GO:0030139;GO:0000139;GO:0009986;GO:0005520;GO:0005886;GO:0016021;GO:0005770
Q0VEE6	GO:0003677;GO:0005634;GO:0046872
Q62844	GO:1904646;GO:0044325;GO:0042608;GO:0003015;GO:1900449;GO:0043123;GO:0030425;GO:0005524;GO:0005829;GO:0050966;GO:0048813;GO:0046875;GO:0071944;GO:0038083;GO:1900182;GO:0043524;GO:0043014;GO:0048471;GO:0045471;GO:1903202;GO:0097386;GO:0050730;GO:0045087;GO:0031397;GO:0005739;GO:0045121;GO:0014068;GO:0043548;GO:0005102;GO:0031234;GO:0010976;GO:1904645;GO:0001764;GO:0018108;GO:0042610;GO:0042531;GO:0046777;GO:0005886;GO:0016020;GO:0036120;GO:0042127;GO:0043231;GO:0004713;GO:1905664;GO:2001240;GO:0071363;GO:0007169;GO:0030154;GO:0030900;GO:1905232;GO:0010730;GO:0071560;GO:0097038;GO:0006468;GO:0019899;GO:0008360;GO:0010629;GO:0044297;GO:0031802;GO:0035235;GO:0004672;GO:0004715;GO:0000304;GO:1902951;GO:0005768;GO:0044877;GO:0090314;GO:0042802;GO:0050852;GO:0005634;GO:0050804;GO:0042177;GO:0051428;GO:0042609;GO:0050798;GO:0048156;GO:0007166;GO:0042542;GO:0071375;GO:0097718;GO:0098685;GO:1901216;GO:0015631;GO:0014069;GO:1905430;GO:0070851;GO:2001056;GO:0005884;GO:0001664;GO:0042493;GO:0046872
Q8WYB5	GO:0016573;GO:0008134;GO:0046872;GO:0045892;GO:0042393;GO:0000790;GO:0005634;GO:0006334;GO:1990830;GO:0043966;GO:0000786;GO:0003677;GO:0005654;GO:0003712;GO:0006355;GO:0004402;GO:0045893;GO:0045944;GO:0016407;GO:0070776
B8GX12	GO:0034605;GO:0004176;GO:0043565;GO:0005737;GO:0005524;GO:0006515;GO:0004252
Q8C1F5	
Q6CPV1	GO:0005777;GO:0016887;GO:0043335;GO:0016562;GO:0005524;GO:0005829;GO:0001302
A0A098D1P1	GO:0016874;GO:0031177
Q25410	GO:0004714;GO:0046872;GO:0005524;GO:0016021;GO:0007169
A3DJL6	GO:0006433;GO:0002161;GO:0005737;GO:0005524;GO:0004827
B3MRI9	GO:0072657;GO:0004622;GO:0007272;GO:0005789;GO:0102545;GO:0051402;GO:0007608;GO:0045494;GO:0016042;GO:0005886;GO:0034349;GO:0034236;GO:0016021;GO:0046470;GO:0006643;GO:0061024;GO:2000480
A3CM30	GO:0000287;GO:0008966;GO:0005975
Q9Y2H2	GO:0031161;GO:2000145;GO:0043812;GO:0001921;GO:0042803;GO:0052833;GO:0030424;GO:0055037;GO:0072583;GO:0034596;GO:0043025;GO:0030425;GO:0043231;GO:0045334;GO:0008344;GO:0014898;GO:0048681;GO:0046856;GO:0005905;GO:0031901;GO:0006661;GO:0005769;GO:0033137;GO:0042532;GO:0051896;GO:0008934;GO:2001135;GO:0048015;GO:0034595;GO:0052832
Q8FTH8	GO:0004789;GO:0009229;GO:0009228;GO:0005524;GO:0008972;GO:0000287;GO:0008902
Q756K6	GO:0042802;GO:0046872;GO:0002143;GO:0070733;GO:0018192;GO:0001403;GO:0032447;GO:0005737;GO:0034599;GO:2000220;GO:0004792;GO:0005524;GO:0042292;GO:0007114;GO:0005829;GO:0016779
Q39EV9	GO:0006096;GO:0005576;GO:0009986;GO:0000015;GO:0004634;GO:0000287
O08999	GO:0005509;GO:0097435;GO:0008201;GO:0050436;GO:0062023;GO:0019838
Q91XQ0	GO:0036126;GO:0005874;GO:0030286;GO:0097228;GO:0036158;GO:0005930;GO:0005524;GO:0036157;GO:0007018;GO:0008569;GO:0051959;GO:0045505
F4K1J4	GO:0009908;GO:0005634;GO:0010452;GO:0009909;GO:0005737;GO:0010228;GO:0008168;GO:0051568
A7MMD8	GO:0003723;GO:0005737;GO:0006402;GO:0008859
A5USJ2	GO:0003924;GO:0003746;GO:0005737;GO:0005525
Q06506	GO:0030515;GO:0034511;GO:0032040;GO:0030686;GO:0005730;GO:0000447;GO:0005654;GO:0031167;GO:0000480;GO:0000472;GO:0031428
B5Z9V6	GO:0003676;GO:0006430;GO:0005737;GO:0004824;GO:0005524;GO:0000287
Q5FH87	GO:0006420;GO:0005737;GO:0004814;GO:0005524
Q5L5J6	GO:0002161;GO:0005737;GO:0004832;GO:0005524;GO:0006438
Q5R1P0	GO:0038023;GO:0015276;GO:0045211;GO:0045202;GO:0016594;GO:0035235;GO:0005886;GO:0042391;GO:0051290;GO:0043005;GO:0004972;GO:0014069;GO:0007268;GO:0005887;GO:0017146
A9BDA1	GO:0006457;GO:0051082;GO:0016887;GO:0046983;GO:0008270;GO:0005524
Q47DI1	GO:0006096;GO:0005576;GO:0009986;GO:0000015;GO:0004634;GO:0000287
Q2YQD8	GO:0009039;GO:0005737;GO:0016151;GO:0043419
A5GNA9	GO:0042026;GO:0005737;GO:0051082;GO:0005524
P0C6X7	GO:0042802;GO:0039694;GO:0003725;GO:0039502;GO:0019785;GO:0039520;GO:0003727;GO:0004197;GO:0032259;GO:0004483;GO:0039604;GO:0039722;GO:0071108;GO:1990380;GO:0004519;GO:0039648;GO:0039548;GO:0016540;GO:0039501;GO:0039714;GO:0004843;GO:0090503;GO:0039690;GO:0044220;GO:0004482;GO:0039595;GO:0005524;GO:0016021;GO:0039547;GO:0039644;GO:0006370;GO:0019082;GO:0039579;GO:0019083;GO:0033644;GO:0003724;GO:2000158;GO:0003968;GO:0008168;GO:0044172;GO:0070536;GO:0080009;GO:0003678;GO:0006351;GO:0001172;GO:0030430;GO:0000175;GO:0046983;GO:0008270;GO:0004386
Q91V24	GO:0030054;GO:0033344;GO:0044857;GO:1900223;GO:0010875;GO:0005737;GO:0005794;GO:0090554;GO:0090556;GO:0000139;GO:0001891;GO:0009986;GO:0005886;GO:0016020;GO:0034205;GO:0005524;GO:0016021;GO:0045332;GO:0043231;GO:0033700;GO:0045806;GO:1901076;GO:1902995;GO:0034188;GO:0006909;GO:0140328;GO:0032587;GO:0016887;GO:0007613;GO:0034504;GO:0031901;GO:0042985;GO:0150094;GO:1902991;GO:0038027;GO:0042626;GO:0034380;GO:1902430;GO:0005319;GO:0016324;GO:0070374;GO:0006869;GO:0050766;GO:0005548;GO:0097386;GO:2000010;GO:0018149
B4ED40	GO:0051539;GO:0016830;GO:0009229;GO:0009228;GO:0008270
Q9BX82	GO:0000978;GO:0006357;GO:0046872;GO:0005634;GO:0000981
Q81BX6	GO:0046101;GO:0006146;GO:0000034
A1JLV6	GO:0009380;GO:0009432;GO:0003677;GO:0006289;GO:0005737;GO:0009381
Q8Y4R7	GO:0006096;GO:0051156;GO:0006094;GO:0004347;GO:0005829;GO:0048029
P51559	GO:0030173;GO:0046872;GO:1902075;GO:0005634;GO:0005802;GO:0016486;GO:0016485;GO:0007635;GO:0040002;GO:0016020;GO:0016021;GO:0045887;GO:0004252
Q5RAJ5	GO:0051090;GO:0008134;GO:0007228;GO:0005634;GO:0045880;GO:0005737;GO:0060271;GO:0005524;GO:0046872;GO:0009791;GO:0004674
Q5KX35	GO:0051539;GO:0046429;GO:0019288;GO:0005506;GO:0016114
Q87J02	GO:0042744;GO:0004096;GO:0046872;GO:0006979;GO:0020037
Q89KZ0	GO:0008832;GO:0006203
P04165	GO:0046872;GO:0005743;GO:0008121;GO:0022904;GO:0016021;GO:0045275
Q9LEI9	GO:0006096;GO:0000287;GO:0000015;GO:0004634
F5HN72	GO:0009405;GO:0050448
A5D7B7	GO:1905368;GO:0030054;GO:0008239;GO:0042803;GO:1902362;GO:0097325;GO:0071850;GO:0001525;GO:0071438;GO:0009986;GO:0031258;GO:0016021;GO:0032587;GO:0010716;GO:0071158;GO:0010710;GO:0043542;GO:0002020;GO:0005178;GO:0045178;GO:0007155;GO:1900119;GO:0051603;GO:0045177;GO:0005615;GO:0060244;GO:0004252
A8MFY2	GO:0006096;GO:0005576;GO:0009986;GO:0000015;GO:0004634;GO:0000287
Q4UZ80	GO:0008152;GO:0047388;GO:0008882;GO:0000820;GO:0005524;GO:0000287
Q8NJN2	GO:0042744;GO:0004096;GO:0005737;GO:0046872;GO:0006979;GO:0020037
A1Y2K1	GO:0042802;GO:1904646;GO:0044325;GO:0050852;GO:0005634;GO:0050804;GO:0045121;GO:0003015;GO:0042177;GO:1900449;GO:0071560;GO:0005102;GO:0043123;GO:0019899;GO:0031234;GO:0010976;GO:0008360;GO:0001764;GO:0010629;GO:0044297;GO:0018108;GO:0042531;GO:0050798;GO:0030425;GO:0036120;GO:0005524;GO:0048156;GO:0005829;GO:0042127;GO:0002250;GO:0050966;GO:0048813;GO:0097718;GO:0046875;GO:0038083;GO:0004715;GO:0004713;GO:1905664;GO:0098685;GO:1901216;GO:1900182;GO:0007169;GO:0030154;GO:0014069;GO:0030900;GO:0043014;GO:0070851;GO:0045471;GO:1902951;GO:0005768;GO:0005884;GO:0001664;GO:0097386;GO:0046872;GO:0090314;GO:0045087;GO:0031397
Q84SM8	GO:0043693;GO:0010333;GO:0071395;GO:0016829;GO:0000287;GO:0009507
P03308	GO:0039694;GO:0062030;GO:0004197;GO:0075512;GO:0005198;GO:0003723;GO:0039525;GO:0018144;GO:0039690;GO:0044162;GO:0016020;GO:0039707;GO:0005524;GO:0019082;GO:0005216;GO:0003724;GO:0039618;GO:0006417;GO:0003968;GO:0044385;GO:0006351;GO:0030430;GO:0051259;GO:0039611;GO:0039520;GO:0019062
P11881	GO:0042802;GO:0097421;GO:0007204;GO:0044325;GO:2000347;GO:0042045;GO:0045121;GO:0015278;GO:0030658;GO:0005737;GO:0031094;GO:0070679;GO:0097060;GO:0005783;GO:0070059;GO:0071320;GO:0010976;GO:0001666;GO:0019855;GO:0043065;GO:0031088;GO:0051209;GO:0030176;GO:0043025;GO:0035091;GO:0019903;GO:0005886;GO:0008022;GO:0030425;GO:0098982;GO:0043231;GO:0005509;GO:0005637;GO:0005789;GO:0006816;GO:0005730;GO:0005955;GO:0050882;GO:0098793;GO:0030667;GO:0005635;GO:1901215;GO:0005220;GO:0014069;GO:0030659;GO:0032469;GO:0048471;GO:0030868;GO:0044877;GO:0051928;GO:0098794;GO:0032991;GO:0009791;GO:0016529;GO:0050849
O23760	GO:0032259;GO:0009809;GO:0046983;GO:0047763
B5ELX2	GO:0003677;GO:0006351;GO:0032549;GO:0003899
P10996	GO:0065003;GO:0009399;GO:0016163
B9JKI5	GO:0042744;GO:0004096;GO:0046872;GO:0006979;GO:0020037
Q7SQ98	GO:0015074;GO:0003964;GO:0003887;GO:0003677;GO:0004523;GO:0006310;GO:0044826;GO:0008270;GO:0046718;GO:0075713
B5YEC5	GO:0004367;GO:0046167;GO:0005975;GO:0009331;GO:0006650;GO:0046168;GO:0051287;GO:0008654
P26877	GO:0016042;GO:0004806;GO:0005576;GO:0046872
A1WB23	GO:1902560;GO:0003920;GO:0006163
Q5HB39	GO:0006420;GO:0005737;GO:0004814;GO:0005524
Q6RT24	GO:0007094;GO:0000779;GO:0051301;GO:0007079;GO:0051987;GO:0005634;GO:0019901;GO:0030496;GO:0051315;GO:0051984;GO:0005654;GO:0007059;GO:0007080;GO:0099606;GO:0043515;GO:0050793;GO:0008608;GO:0007052;GO:0005524;GO:0005694;GO:0005829;GO:0051233;GO:0015630;GO:0099607;GO:0005828;GO:0008017;GO:0051382;GO:0007275;GO:0030071;GO:0045860;GO:0000778;GO:0003777;GO:0005874;GO:0000278;GO:0045184;GO:0000940;GO:1990023;GO:0000775;GO:0007088;GO:0000776;GO:0051310;GO:0045842
O15230	GO:0043260;GO:0030155;GO:0005604;GO:0005201;GO:0001942;GO:0005634;GO:0001755;GO:0007229;GO:0005610;GO:0030324;GO:0005576;GO:0098609;GO:0043259;GO:0009888;GO:0001658;GO:0016331;GO:0034446;GO:0031594;GO:0062023;GO:0042127;GO:0045995;GO:0030334;GO:0070062;GO:0043083;GO:0001738;GO:0009887;GO:0007517;GO:0060271;GO:0007411;GO:0042475;GO:0072659;GO:0030198;GO:0019221;GO:0005178;GO:0060445;GO:0016477;GO:0005615
A8MX19	
A6UNY0	GO:0051301;GO:0007049;GO:0006260;GO:0003910;GO:0003677;GO:0051103;GO:0006310;GO:0005524;GO:0046872;GO:0071897
Q5JHB5	GO:0006096;GO:0008839;GO:0005737;GO:0050661;GO:0009089;GO:0051287;GO:0004365
Q54IZ9	GO:0003899;GO:0032549;GO:0006360;GO:0005666;GO:0003677;GO:0005736;GO:0046872;GO:0016539
O94967	GO:0005737;GO:0007275;GO:0005874
B9ME75	GO:1902560;GO:0003920;GO:0006163
Q4VZL0	GO:0015031;GO:0009706;GO:0016021
Q27GI3	GO:0022857;GO:0009506;GO:0005783;GO:0016021;GO:0005773;GO:0005618
Q0RF77	GO:0006520;GO:0044205;GO:0016597;GO:0004070;GO:0006207
F4IXW2	GO:0032012;GO:0005769;GO:0042742;GO:0016192;GO:0006955;GO:0005802;GO:0016032;GO:0031901;GO:0045087;GO:0005086;GO:0005829;GO:0006897;GO:0015031
Q748B3	GO:0008360;GO:0009252;GO:0007049;GO:0051301;GO:0019277;GO:0008760;GO:0005737;GO:0071555
P97927	GO:0045995;GO:0030155;GO:0005576;GO:0005604;GO:0030334;GO:0043083;GO:0120163;GO:0007155;GO:0001568;GO:0005102;GO:0031594;GO:0062023;GO:0050873
Q5U2R5	GO:0000164;GO:0005979;GO:0019903;GO:0005977;GO:0008157;GO:0042587;GO:0050196;GO:0005978;GO:2001069;GO:0043231;GO:0005981;GO:0019899
Q06274	GO:0005925;GO:0033627;GO:0009986;GO:0008305;GO:0005886;GO:0007229;GO:0046872
B8NYD8	GO:0045493;GO:0005576;GO:0009044
A4D2H0	GO:0005789;GO:0009306;GO:0070971;GO:0016021;GO:0006888;GO:0035459
Q9P2D8	GO:0005886;GO:0048149;GO:0016021;GO:0034220;GO:0035264
Q9ESE1	GO:0008104;GO:0031410;GO:0005802;GO:0019901;GO:0005764;GO:0007165;GO:1990830;GO:0051018;GO:0005886;GO:0016020;GO:0005783;GO:0016021;GO:0016197;GO:0005829
A1C6X5	GO:0005789;GO:0006888;GO:0015031;GO:0012507
Q2P6G8	GO:0006412;GO:0006464;GO:0016881;GO:0005524;GO:0046872
Q9JHI8	GO:0042554;GO:0010467;GO:0005739;GO:0005634;GO:0008285;GO:0043020;GO:0003015;GO:0005654;GO:0006952;GO:0014911;GO:0071560;GO:0072341;GO:0097038;GO:0071320;GO:2000379;GO:0051496;GO:0043406;GO:0001666;GO:0005925;GO:0016175;GO:1990782;GO:0006801;GO:0043065;GO:0072593;GO:0005886;GO:0000902;GO:0007569;GO:0005789;GO:0071944;GO:2000573;GO:0055007;GO:0045453;GO:0071333;GO:0048471;GO:0061098;GO:0050664;GO:0016324;GO:0070374;GO:0055114;GO:0001725;GO:0050667;GO:0071480;GO:0016174;GO:0051897
Q6ZN28	GO:0008083;GO:0005739;GO:0005634;GO:0051781;GO:0005737;GO:0045944
Q8BZM0	GO:0042802;GO:0048208;GO:0016055;GO:0031463;GO:0014029;GO:0014032;GO:0000139;GO:0030127;GO:0034451;GO:0030134;GO:0006513;GO:0043231;GO:0006888
A4IF98	GO:0031422;GO:0006260;GO:0009749;GO:0035264;GO:0000712;GO:0005654;GO:0000724;GO:0016604;GO:0000166;GO:0002023;GO:0042593
Q6A6H1	GO:0042773;GO:0048038;GO:0005886;GO:0016021;GO:0008137
Q7WZ32	GO:0042026;GO:0005737;GO:0005524
O94808	GO:0004360;GO:0006048;GO:1990830;GO:0006487;GO:0097367;GO:0006002;GO:0006541;GO:0005829;GO:0006112;GO:0006047
P56252	GO:0006096;GO:0000287;GO:0000015;GO:0004634
Q0V7M0	GO:0005634;GO:0006607;GO:0008139;GO:0005654;GO:0005737;GO:0061608
Q2GEZ6	GO:0006420;GO:0005737;GO:0004814;GO:0005524
A4IJ06	GO:0005085;GO:0005509;GO:0007264;GO:0005789;GO:0000139;GO:0005886;GO:0030154;GO:0005829
A4SYV9	GO:0009014;GO:0009089;GO:0050897;GO:0008270;GO:0019877
B5ZYS7	GO:0003677;GO:0006351;GO:0032549;GO:0003899
P11584	GO:0090129;GO:0045211;GO:0007391;GO:0007601;GO:0016328;GO:0007229;GO:0016339;GO:0046982;GO:0008360;GO:0005925;GO:0009925;GO:0007608;GO:0035099;GO:0007431;GO:0006930;GO:0005886;GO:0030425;GO:0034446;GO:0003344;GO:0005887;GO:0007157;GO:0007494;GO:0016340;GO:0007015;GO:0021551;GO:0031589;GO:0042734;GO:0033627;GO:0045214;GO:0048803;GO:0007160;GO:0007508;GO:0030336;GO:0007517;GO:0008305;GO:0051492;GO:0007411;GO:0007419;GO:0007298;GO:0007629;GO:0016203;GO:0016324;GO:0030718;GO:0005178;GO:0007417;GO:0016477;GO:0035001;GO:0035160;GO:0043034;GO:0008340;GO:0031252;GO:0007377;GO:0005927
Q8CRC6	GO:0019569;GO:0008741;GO:0005524
A8MWA6	
Q7Z2Y8	GO:0005525;GO:0005829;GO:0005634
Q8K1R7	GO:0005813;GO:0051301;GO:0007049;GO:0005634;GO:0019901;GO:0005737;GO:0005524;GO:0046872;GO:0004674
Q7V215	GO:0051539;GO:0046429;GO:0019288;GO:0005506;GO:0016114
Q9KS67	GO:0018298;GO:0009416;GO:0071949;GO:0003677;GO:0003904
B7MQ75	GO:0080030
Q4WT99	GO:0003676;GO:0005634;GO:0003724;GO:0005524;GO:0000398
A7Z7I1	GO:0006435;GO:0000049;GO:0004829;GO:0005737;GO:0005524;GO:0046872
Q58DL5	GO:0005085;GO:0043410;GO:0007264;GO:0005925;GO:0033138;GO:0045740;GO:0086100;GO:0005737;GO:0008286;GO:0043547;GO:0001784
Q1DHH9	GO:0005730;GO:0006364
A1KGG4	GO:0003924;GO:0003746;GO:0005737;GO:0005525
C3MQL5	GO:0046961;GO:0042777;GO:0033178;GO:0005524;GO:0046933
Q57IS0	GO:0042597;GO:0055085
Q3UW68	GO:0005509;GO:0006508;GO:0004198;GO:0043066;GO:0005737
Q2SUP3	GO:0051539;GO:0016830;GO:0009229;GO:0009228;GO:0008270
A6ZQG7	GO:0004674;GO:0005524
Q82GV2	GO:0051539;GO:0016829;GO:0044689;GO:0046872
Q8X097	GO:0006633;GO:0005524;GO:0046872;GO:0005829;GO:0006085;GO:0003878
Q0WKZ3	
O05945	GO:0008237;GO:0046872
P13392	GO:0030016;GO:0003774;GO:0016459;GO:0032982
Q99Y84	GO:0009380;GO:0016887;GO:0009432;GO:0003677;GO:0006289;GO:0005737;GO:0009381;GO:0008270;GO:0005524
P58330	GO:0005198;GO:0009420;GO:0005576;GO:0071973
P72663	GO:0019288;GO:0016114;GO:0005524;GO:0050515
P0C6U8	GO:0042802;GO:0039694;GO:0003725;GO:0039502;GO:0019785;GO:0004197;GO:0003727;GO:0039722;GO:0071108;GO:0039604;GO:0004519;GO:0039648;GO:0016740;GO:0039548;GO:0016540;GO:0039501;GO:0039714;GO:0039519;GO:0004843;GO:0039690;GO:0044220;GO:0039595;GO:0016021;GO:0039547;GO:0039644;GO:0019082;GO:0039579;GO:0019083;GO:0019079;GO:0033644;GO:0070536;GO:0030430;GO:0046983;GO:0008270;GO:0039520
Q02951	GO:0042025;GO:0075732;GO:0039620;GO:0046872;GO:0005198;GO:0046718
Q06BR2	GO:0008201;GO:0046914;GO:0005886;GO:0016021;GO:0030424
Q1D491	GO:0004222;GO:0030163;GO:0016021;GO:0004176;GO:0005886;GO:0005524;GO:0008270
A1WVG6	GO:0030170;GO:0019264;GO:0005737;GO:0004372;GO:0035999
Q24X61	GO:0003684;GO:0030983;GO:0005524;GO:0006298
B1LK21	GO:0004125;GO:0005737;GO:0001514;GO:0097056
A6VFQ9	GO:0051301;GO:0007049;GO:0006260;GO:0003910;GO:0003677;GO:0051103;GO:0006310;GO:0005524;GO:0046872;GO:0071897
Q18A92	
O41965	GO:0008234;GO:0042025;GO:0030430;GO:0004843;GO:0019033;GO:0039648
Q9XID5	GO:0006109;GO:0005634;GO:0005886;GO:0007275;GO:0043434;GO:0045927
Q6P1U0	GO:0051301;GO:0006260;GO:0005634;GO:0048478;GO:0033260;GO:0000077;GO:0007275;GO:0005657;GO:0030894;GO:0007095
B2RII6	GO:0034605;GO:0004176;GO:0043565;GO:0005737;GO:0005524;GO:0006515;GO:0004252
Q5U4U4	GO:0051301;GO:0006260;GO:0005634;GO:0048478;GO:0000077;GO:0007275;GO:0005657;GO:0030894;GO:0007095
A0JP86	GO:0009888;GO:0016477;GO:0005604;GO:0005201;GO:0034446;GO:0009887
Q9LSI9	GO:1900150;GO:0006952;GO:1900425;GO:0005886;GO:0000166;GO:0016021;GO:0005829;GO:0006468;GO:0009507
E6RCE9	GO:0000139;GO:0016757;GO:0042732;GO:0016021
P0C6E8	GO:0005576;GO:0004222;GO:0006915;GO:0090729;GO:0046872
Q19555	GO:0003682;GO:0051301;GO:0005634;GO:0000793;GO:0007062;GO:0000070;GO:0003677;GO:0008278;GO:0000785;GO:0051177
Q18788	GO:0005509;GO:0000139;GO:0016021;GO:0006491;GO:0005783;GO:0004571;GO:0006486;GO:0005975
Q12HI8	GO:0051539;GO:0016830;GO:0009229;GO:0009228;GO:0008270
B6F209	GO:0016853;GO:0016874;GO:0016491;GO:0032259;GO:0006633;GO:0008168;GO:0004315;GO:0031177
Q2W4Q8	GO:0008685;GO:0050518;GO:0046872;GO:0016114;GO:0019288
A9WT68	GO:0005525;GO:0005524
Q9LHE7	GO:0005634;GO:0004674;GO:0005737;GO:0000159;GO:0046872;GO:0009910;GO:0004721;GO:0006470
Q5RE62	GO:0005634;GO:0005509
A7IMB0	GO:0004457;GO:0010181;GO:0005886;GO:0019516
A8MXZ1	
Q6CPQ8	GO:0051097;GO:0048476;GO:0005634;GO:0006265;GO:0008821;GO:0000712;GO:0003677;GO:0004857;GO:0046872;GO:0000727
Q6GEG6	GO:0051539;GO:0006777;GO:0019008;GO:1904047;GO:0046872;GO:0005525;GO:0061798
Q99148	GO:0046872;GO:0046084;GO:0004637;GO:0005524;GO:0006189;GO:0006164;GO:0004641;GO:0005829
B0T138	GO:0006457;GO:0051082;GO:0005524
A0PW55	GO:0006096;GO:0005576;GO:0009986;GO:0000015;GO:0004634;GO:0000287
P45182	
Q7ZYJ9	GO:0006419;GO:0003676;GO:0005737;GO:0004813;GO:0005524;GO:0046872
Q87WQ0	GO:0000287;GO:0008966;GO:0005975
A6QFI1	GO:0045454;GO:0050660;GO:0003756;GO:0050451;GO:0050661
Q6W102	GO:0042744;GO:0004096;GO:0046872;GO:0006979;GO:0020037
Q4V348	GO:0000978;GO:0006357;GO:0005634;GO:0001228;GO:0046872
B1VPA3	GO:0051539;GO:0016830;GO:0009229;GO:0009228;GO:0008270
Q07973	GO:0001649;GO:0005739;GO:0033280;GO:0070561;GO:0030342;GO:0016491;GO:0055114;GO:0042359;GO:0005654;GO:0042369;GO:0005886;GO:0062180;GO:0005506;GO:0008403;GO:0070643;GO:0010430;GO:0062181;GO:0006766;GO:0005741;GO:0020037
Q836J6	GO:0000049;GO:0005737;GO:0005524;GO:0004826;GO:0000287;GO:0006432
Q99ML0	GO:0006457;GO:0016324;GO:0046872;GO:0044183;GO:1905505;GO:0003341;GO:0060090;GO:0036159;GO:0036158;GO:0005737;GO:0061512;GO:0034451;GO:0044458
B7HED2	GO:0006096;GO:0005576;GO:0009986;GO:0000015;GO:0004634;GO:0000287
Q6AQK1	GO:0030956;GO:0016787;GO:0050567;GO:0005524;GO:0006412
A4XKA4	GO:0006457;GO:0051082;GO:0005524
A2RSY6	GO:0005634;GO:0030534;GO:0000049;GO:0046872;GO:0002940;GO:0004809;GO:0008344
B6JPT1	GO:0003676;GO:0006430;GO:0005737;GO:0004824;GO:0005524;GO:0000287
Q93YU5	GO:0070062;GO:0009506;GO:0006893;GO:0006904;GO:0000145;GO:0006887;GO:0090522;GO:0005856;GO:0005886;GO:0006612;GO:0009524;GO:0048354;GO:0005829;GO:0060321;GO:0005618
Q5REE6	GO:0000466;GO:0000463;GO:0005730;GO:0043021;GO:0005654;GO:0051726;GO:0030687;GO:0007219;GO:0070545
O14682	GO:0016567;GO:0003779;GO:0016363;GO:0007399;GO:0000790;GO:0005634;GO:0031463;GO:0005730;GO:0010499;GO:0005654;GO:0017148;GO:0005737;GO:0005856;GO:0007275;GO:0043025;GO:0010976
Q9WYA1	GO:0005829;GO:0002098;GO:0030488;GO:0050660
Q83PU5	GO:0042597;GO:0055085
C3PHY1	GO:0003924;GO:0003746;GO:0043022;GO:0005886;GO:0045727;GO:0005525
P25648	GO:0000411;GO:0016592;GO:0003713;GO:0000122;GO:0045944
Q99ML4	GO:0005789;GO:0016021
Q15029	GO:0046540;GO:0003924;GO:0015030;GO:0005634;GO:0005525;GO:0035690;GO:0071013;GO:0005654;GO:0042220;GO:0016020;GO:0043231;GO:0016607;GO:0000398;GO:0071005;GO:0003723;GO:0005829;GO:0071007;GO:1990904;GO:0030623
A4FUD3	GO:0046540;GO:0003924;GO:0005634;GO:0071005;GO:0000398;GO:0071007;GO:0005525;GO:1990904;GO:0030623
Q9LR69	GO:0003723;GO:0043231;GO:0009451
P00952	GO:0061635;GO:0004831;GO:0000049;GO:0005737;GO:0042803;GO:0005524;GO:0032991;GO:0006437
Q0P5F7	GO:0042802;GO:2000786;GO:0016020;GO:0005776;GO:0005524;GO:0016309
Q06W39	GO:0006457;GO:0051082;GO:0009507;GO:0005524
Q0V3R6	GO:0048208;GO:0006914;GO:0005789;GO:0000139;GO:0070973;GO:0012507;GO:0007030;GO:0070971;GO:0070863;GO:0007029;GO:0015031
Q9FLT2	GO:0000824;GO:0005634;GO:0032958;GO:0009793;GO:0005737;GO:0006355;GO:0010264;GO:0102732;GO:0009555;GO:0008440;GO:0009749;GO:0016301;GO:0005524;GO:0019900;GO:0010183;GO:0052725;GO:0051766;GO:0047326;GO:0051765;GO:0000823;GO:0090406
Q4A173	GO:0019556;GO:0005737;GO:0004397;GO:0019557
P43071	GO:0046677;GO:0046898;GO:0016887;GO:0042626;GO:0005524;GO:0016021;GO:1990961
Q0AU94	GO:0006420;GO:0005737;GO:0004814;GO:0005524
B4NAL6	GO:0047555;GO:0007165;GO:0005886;GO:0016020;GO:0046872;GO:0046068
Q06732	GO:0000978;GO:0006357;GO:0005634;GO:0001228;GO:0046872
Q32E86	GO:0006400;GO:0016705
Q8K4Y7	GO:0005509;GO:0043262;GO:0005789;GO:0016020;GO:0030166;GO:0042803;GO:0045134;GO:0016021;GO:0032580;GO:0004382
C3NGV1	GO:0046961;GO:0042777;GO:0033178;GO:0005524;GO:0046933
O52582	GO:0045454;GO:0050660;GO:0003756;GO:0050451;GO:0050661
Q1WTV0	GO:0005737;GO:0006427;GO:0004821;GO:0005524
Q4WT65	GO:0016887;GO:0055085;GO:0015440;GO:0016020;GO:0005886;GO:0042626;GO:0005524;GO:0016021;GO:0000324
Q971B7	GO:0046961;GO:0042777;GO:0033178;GO:0005524;GO:0046933
Q7V9G2	GO:0006457;GO:0051082;GO:0005524
Q306W6	GO:0008234;GO:0020002;GO:0006370;GO:0006351;GO:0039694;GO:0042025;GO:0044176;GO:0046872;GO:0005525;GO:0044162;GO:0003968;GO:0003724;GO:0004651;GO:0016020;GO:0008174;GO:0005524;GO:0039523;GO:0003723;GO:0004652
Q8TUS2	GO:0046872;GO:0008452;GO:0003677;GO:0006314;GO:0004519;GO:0005525;GO:0006388;GO:0016539
Q5Z6G5	GO:0005681;GO:0046872;GO:0003724;GO:0005524;GO:0000398;GO:0003723
Q62245	GO:0048514;GO:0001942;GO:0048011;GO:0042129;GO:0061384;GO:1904693;GO:0061029;GO:0003209;GO:0005737;GO:0046579;GO:0046982;GO:0002260;GO:0007296;GO:2000973;GO:0060021;GO:0007264;GO:0051057;GO:0033081;GO:0005088;GO:0001782;GO:0035264;GO:0043025;GO:0005886;GO:0005829;GO:0007173;GO:0003344;GO:0005085;GO:0017124;GO:0007265;GO:0045742;GO:0014069;GO:0003007;GO:0003677
A1Z7A6	GO:1901981;GO:1903358;GO:0005634;GO:0043087;GO:1990386;GO:0005737;GO:0005886;GO:1903829;GO:0046872;GO:0005902;GO:0045177;GO:0005096;GO:0001745
D3ZFD0	GO:0005802;GO:0043066;GO:0005856;GO:0150051;GO:0005903;GO:0003774;GO:0071346;GO:0000139;GO:0048194;GO:0007030;GO:0005524;GO:0016459;GO:1903028;GO:0042641;GO:0050714;GO:0043030;GO:0045335;GO:0090161;GO:0031032;GO:0016477;GO:0090164;GO:0051015;GO:0043531
Q83949	
Q3AHM4	GO:0042026;GO:0005737;GO:0051082;GO:0005524
P16462	GO:0005509;GO:0005576;GO:0090729;GO:0009405;GO:0044179;GO:0009279
Q5ZJ27	GO:0007032;GO:0005813;GO:0007040;GO:0008017;GO:0031122;GO:0005874;GO:0070695;GO:0030705;GO:0008333;GO:0005737;GO:0045022;GO:0005829;GO:0051959;GO:0015031
Q47HM4	GO:0019380;GO:0008198;GO:0047070
P41820	GO:0046677;GO:0016887;GO:0140115;GO:0042626;GO:0005886;GO:0005524;GO:0016021;GO:1990961
Q99PG6	GO:0038023;GO:0050917;GO:0004930;GO:0008527;GO:0005887
Q7M7I2	GO:0042026;GO:0005737;GO:0051082;GO:0005524
P57782	GO:0005634;GO:1990239;GO:0030520;GO:0005496;GO:0071392;GO:0043565;GO:0008270;GO:0032355;GO:0004879;GO:0030284
A9MVI1	GO:0004125;GO:0005737;GO:0001514;GO:0097056
O59741	GO:0000978;GO:0006351;GO:0005634;GO:0000981;GO:1901522;GO:0008270;GO:0005829
C3KUC8	GO:0042026;GO:0005737;GO:0051082;GO:0005524
Q9ERZ0	GO:0005654;GO:0030154;GO:0007275;GO:0045667
Q6DAM0	GO:0051539;GO:0016830;GO:0009229;GO:0009228;GO:0008270
P42374	GO:0006457;GO:0051082;GO:0005524
Q13635	GO:0048745;GO:0001843;GO:0007224;GO:0021522;GO:0035108;GO:0001701;GO:0045606;GO:0030326;GO:0005119;GO:0060170;GO:0040015;GO:0030666;GO:0032880;GO:0060603;GO:0016021;GO:0060037;GO:0001709;GO:0071397;GO:0051782;GO:0009957;GO:0009887;GO:0009953;GO:0032526;GO:0048471;GO:0050680;GO:0010157;GO:0021532;GO:0044877;GO:0021997;GO:0005901;GO:0005113;GO:0060644;GO:0097421;GO:0030332;GO:0007420;GO:0005634;GO:0030496;GO:0061005;GO:0016485;GO:0072205;GO:0048568;GO:0010875;GO:0000122;GO:0045893;GO:0042593;GO:0008589;GO:0007346;GO:0044294;GO:0001658;GO:0005886;GO:0009612;GO:0060831;GO:0030850;GO:0043231;GO:0072203;GO:0032355;GO:0045879;GO:0008158;GO:0061053;GO:0015485;GO:0097108;GO:0035137;GO:0008201;GO:0071679;GO:0043616;GO:0014069;GO:0045668;GO:0072659;GO:0003007;GO:0044295;GO:0042493;GO:0043433;GO:0045177
Q9SC88	GO:0007020;GO:0005815;GO:0009506;GO:0005874;GO:0009624;GO:0043622;GO:0000922;GO:0005737;GO:0043015
P52451	GO:0039686;GO:0042025;GO:0006260
Q18245	GO:0005576
Q61790	GO:0005576;GO:0045954;GO:0050868;GO:0002270;GO:0032703;GO:0004888;GO:0045590;GO:0042289;GO:0016021;GO:0007166;GO:0050776;GO:0002250;GO:0009897
Q1E5T3	GO:0003678;GO:0007049;GO:0005634;GO:0003677;GO:0005524;GO:0006139
P0C6V9	GO:0039644;GO:0039694;GO:0019082;GO:0039502;GO:0039579;GO:0039520;GO:0004197;GO:0003727;GO:0032259;GO:0033644;GO:0003724;GO:0004519;GO:0003968;GO:0008168;GO:0044172;GO:0003678;GO:0006351;GO:0004843;GO:0004527;GO:0044220;GO:0039595;GO:0005524;GO:0016021;GO:0039648;GO:0008270
P30721	GO:0006457;GO:0051082;GO:0005524
A1D4C8	GO:1990748;GO:0004806;GO:0016042;GO:0006642;GO:0016021;GO:0005811
Q6PGF7	GO:0007032;GO:0008104;GO:0006893;GO:0000145;GO:0030426;GO:0006887;GO:0022617;GO:0017160;GO:0035091;GO:0005886;GO:0034613;GO:0031252;GO:0005829;GO:0048471;GO:0005770;GO:0015031
Q4WYF1	GO:0005634;GO:0000417;GO:0006336;GO:0007059
A8YXK3	GO:0003924;GO:0003746;GO:0005737;GO:0005525
Q89Z05	GO:0006096;GO:0005576;GO:0009986;GO:0000015;GO:0032889;GO:0004634;GO:0000287
P28920	GO:0005198;GO:0042025;GO:0039622
Q8ZBY6	GO:0003995;GO:0050660;GO:0005886;GO:0033539;GO:0004466
Q18237	GO:0006260;GO:0007062;GO:0000724;GO:0005524;GO:0030915;GO:0000794;GO:0010705
B1KIR6	GO:0042026;GO:0005737;GO:0051082;GO:0005524
O78485	GO:0006351;GO:0003899;GO:0032549;GO:0003677;GO:0009507
Q6QGH9	GO:0004386;GO:0006260;GO:0005524;GO:0003688
Q56586	GO:0055114;GO:0016655;GO:0006814
O13936	GO:0003711;GO:0006357;GO:0060195;GO:0000790;GO:0005634;GO:0006397;GO:0032968;GO:0003729;GO:0032044;GO:0006368
Q98NQ6	GO:0003697;GO:0008094;GO:0009432;GO:0006281;GO:0005737;GO:0006310;GO:0005524;GO:0003684
B2GBQ5	GO:0006457;GO:0051082;GO:0005524
B0TDI1	GO:0051539;GO:0003678;GO:0000724;GO:0005524;GO:0046872;GO:0003690;GO:0008409
Q49539	GO:0006457;GO:0051082;GO:0005524
Q5RKN4	GO:0005634;GO:0016491;GO:0050661;GO:0051287;GO:0035064
C4B4E5	GO:0006914;GO:0030259;GO:0016906;GO:0102205;GO:0102202;GO:0034045;GO:0102203;GO:0015031;GO:0005975
Q93ZH1	GO:0008017;GO:0005874
Q8VCA5	GO:0030141;GO:0009611;GO:0016021;GO:0005044;GO:0045967;GO:0004252;GO:0010468
Q6FUJ7	GO:0071004;GO:0071006;GO:0000349;GO:0071007;GO:0071008;GO:0005829;GO:0000974
A7ZN37	GO:0009380;GO:0009432;GO:0003677;GO:0006289;GO:0005737;GO:0009381
A0RP01	GO:0046677;GO:0015562;GO:0008559;GO:0016887;GO:0005524;GO:0005887;GO:1990961
Q6D6A4	GO:0006400;GO:0016705
A6L9J9	GO:0004640;GO:0000162
A7FFZ0	GO:0005737;GO:0006427;GO:0004821;GO:0005524
Q6S6S9	GO:0005198;GO:0042025;GO:0039622
A5GJR6	GO:0006782;GO:0005737;GO:0004853
O69251	GO:0009401;GO:0005737;GO:0016301;GO:0046872;GO:0008965
P03303	GO:0039694;GO:0042025;GO:0004197;GO:0039540;GO:0039657;GO:0005198;GO:0003723;GO:0039522;GO:0018144;GO:0044694;GO:0006260;GO:0039690;GO:0044162;GO:0016020;GO:0039707;GO:0005524;GO:0005216;GO:0003724;GO:0039618;GO:0003968;GO:0044385;GO:0006351;GO:0039664;GO:0051259;GO:0039611;GO:0075509;GO:0046872;GO:0039520;GO:0019062
Q96CM8	GO:0047760;GO:0005759;GO:0006631;GO:0006637;GO:0031956;GO:0005524;GO:0003996
Q7VR50	GO:0045239;GO:0004333;GO:0006099;GO:0006106
Q5F7J4	GO:0004642;GO:0046872;GO:0005737;GO:0005524;GO:0006189;GO:0006541
P48978	GO:0005576;GO:0004650;GO:0005975;GO:0071555;GO:0009835;GO:0005618
A2RD66	GO:0004521;GO:0006402;GO:0005886;GO:0016021;GO:0003723
P79208	GO:0001516;GO:0005637;GO:0004601;GO:0005640;GO:0005789;GO:0008217;GO:0006954;GO:0150077;GO:0004666;GO:0005737;GO:0046872;GO:0006979;GO:0051213;GO:0019371;GO:0020037
P44604	GO:0046983;GO:0005886;GO:0000155;GO:0005524;GO:0016021
A3PGI9	GO:0003677;GO:0006351;GO:0032549;GO:0003899
P00358	GO:1904408;GO:0006096;GO:0005739;GO:0005634;GO:0006915;GO:1990841;GO:0006094;GO:0072593;GO:0005737;GO:0005886;GO:0009277;GO:0050661;GO:0051287;GO:0004365;GO:0005829;GO:0005811
Q8C0D9	GO:0007098;GO:0005813;GO:0030054;GO:0019904;GO:0019901;GO:0005654;GO:0010457;GO:0034451;GO:0005829;GO:0033365
Q2GD91	GO:0006351;GO:0003899;GO:0003677;GO:0008270;GO:0000287
A9BP06	GO:0005525;GO:0005524
P62134	GO:0016887;GO:0008270;GO:0006302;GO:0005524
Q6ZQA0	GO:0008104;GO:0035855;GO:0042060;GO:0070889;GO:0019901;GO:0030220;GO:0016020;GO:0005783;GO:0005829;GO:0007596
Q5KWZ7	GO:0006457;GO:0051082;GO:0005524
Q5R6E0	GO:0003924;GO:0005634;GO:0071005;GO:0000398;GO:0071007;GO:0005525
Q45551	GO:0006457;GO:0051082;GO:0005524
A0A1E7MYN1	GO:0016491;GO:0017000;GO:0071949
A1AC65	GO:0009380;GO:0009432;GO:0003677;GO:0006289;GO:0005737;GO:0009381
P49792	GO:0005739;GO:0005634;GO:0006111;GO:0075733;GO:0033133;GO:0005642;GO:0060964;GO:0005737;GO:0051642;GO:0044615;GO:0003723;GO:0016925;GO:0006409;GO:0016032;GO:0016020;GO:0044614;GO:0005829;GO:0043231;GO:0043547;GO:0006457;GO:0019789;GO:0019083;GO:0006406;GO:1990723;GO:0031965;GO:0042405;GO:1900034;GO:0005635;GO:0005643;GO:0006110;GO:0008536;GO:0006607;GO:0044877;GO:0046872;GO:0043657;GO:0000413;GO:0001975
P15627	GO:0042025;GO:0003676;GO:0075732;GO:0039620;GO:0008270;GO:0005198;GO:0046718
Q8C3R1	GO:0006915;GO:0005634;GO:0030307;GO:0008283;GO:0005654;GO:0001934;GO:0005737;GO:0016477;GO:0051646;GO:0006006;GO:0010212;GO:0006974
P11362	GO:0042802;GO:0001759;GO:0043410;GO:0005634;GO:0048469;GO:0000165;GO:0005007;GO:0090272;GO:2000546;GO:2000830;GO:0001701;GO:0000122;GO:0014068;GO:0042803;GO:0030326;GO:0031410;GO:0006468;GO:1903465;GO:0010976;GO:0043406;GO:0045666;GO:0005576;GO:0045595;GO:0001764;GO:0001525;GO:0045597;GO:0018108;GO:0060117;GO:0005886;GO:0010518;GO:0046777;GO:0005524;GO:0010966;GO:0016021;GO:0005829;GO:0090722;GO:0070640;GO:0005887;GO:0043009;GO:0001501;GO:0002053;GO:0060045;GO:0035607;GO:0008201;GO:0004713;GO:0008284;GO:0042472;GO:0007605;GO:0060665;GO:0090080;GO:0030901;GO:0007275;GO:0007169;GO:0008543;GO:0021847;GO:0004714;GO:0017134;GO:0042169;GO:0002062;GO:0010863;GO:0033674;GO:0043536;GO:0048339;GO:0048378;GO:0048705;GO:0060484;GO:0042473;GO:0060445;GO:0001657;GO:0016477;GO:0042474;GO:1905564;GO:2001239;GO:0048015;GO:0043235;GO:0051897;GO:0001837
Q8N7K0	GO:0000977;GO:0006357;GO:0046872;GO:0005634;GO:0000981
P49053	GO:0016691;GO:0005576;GO:0046872
A5ITA8	GO:0006457;GO:0051082;GO:0005524
A1D373	GO:0071004;GO:1903241;GO:0003676;GO:1990447;GO:0003724;GO:0005524;GO:1990446
O00634	GO:0005604;GO:0008045;GO:0016358;GO:0009887;GO:0009888;GO:0005794;GO:0005102;GO:0007411
Q40002	GO:0033180;GO:0046933;GO:0046961;GO:0005524
B7UJC7	GO:0080030
Q2H7U1	GO:0042744;GO:0004096;GO:0005737;GO:0046872;GO:0006979;GO:0020037
Q8WV37	GO:0000978;GO:0006357;GO:0005634;GO:0000981;GO:0005654;GO:0046872;GO:0005829
Q6GET8	GO:0004139;GO:0005737;GO:0016052;GO:0009264;GO:0046386
P02340	GO:0007507;GO:0045861;GO:0042149;GO:0000981;GO:0010332;GO:0019901;GO:0090575;GO:0000733;GO:0005654;GO:0043066;GO:0002244;GO:1990144;GO:0046982;GO:0006357;GO:0042826;GO:0043065;GO:0043153;GO:0043525;GO:1903800;GO:0019903;GO:0050821;GO:0007050;GO:0008022;GO:0005524;GO:0005829;GO:0070266;GO:0006978;GO:0007569;GO:0000790;GO:0005730;GO:0009411;GO:0043565;GO:0070245;GO:0002020;GO:0060218;GO:0032526;GO:0001102;GO:0045930;GO:0045471;GO:0090399;GO:0006915;GO:0002309;GO:0060333;GO:0045787;GO:0001228;GO:0051974;GO:1900119;GO:1905856;GO:0009303;GO:0090343;GO:0009792;GO:0031065;GO:0005813;GO:0001085;GO:0043523;GO:0005739;GO:0061419;GO:0010666;GO:1990841;GO:0090200;GO:0048568;GO:0006289;GO:0006355;GO:0050731;GO:0031571;GO:0007179;GO:0045893;GO:0090403;GO:0000978;GO:0043621;GO:0030330;GO:0051087;GO:0042127;GO:0002931;GO:0003682;GO:0048539;GO:0001836;GO:0006977;GO:0003730;GO:0035690;GO:0051402;GO:0005669;GO:0005667;GO:0071158;GO:0006606;GO:2000772;GO:0034613;GO:0031625;GO:0045944;GO:0097252;GO:0001094;GO:0033077;GO:0051262;GO:0035861;GO:0071494;GO:0003677;GO:0007406;GO:0005657;GO:0071480;GO:0033552;GO:0006302;GO:0006914;GO:0035033;GO:0072717;GO:0047485;GO:0001701;GO:0048147;GO:0019899;GO:0034103;GO:0051721;GO:0042060;GO:0071850;GO:0010629;GO:0016032;GO:0065003;GO:0048662;GO:0034605;GO:2000378;GO:0035264;GO:0001221;GO:2000269;GO:0006983;GO:0043504;GO:0031497;GO:0071479;GO:0010038;GO:0097371;GO:0016605;GO:0008134;GO:0070243;GO:0045899;GO:0051276;GO:0007265;GO:0001756;GO:0002326;GO:0002687;GO:1901525;GO:0003700;GO:0060411;GO:1902108;GO:1902895;GO:0002039;GO:0007417;GO:0030971;GO:0002360;GO:0034644;GO:1903205;GO:0062100;GO:0008340;GO:0032991;GO:1990248;GO:0010165;GO:0051453;GO:0042802;GO:0042981;GO:1904024;GO:0036003;GO:0042771;GO:0005634;GO:0009299;GO:0034614;GO:0035794;GO:0008285;GO:1990440;GO:0005737;GO:0000122;GO:2000379;GO:0005783;GO:0070059;GO:0035035;GO:2001244;GO:0006974;GO:0005507;GO:0008156;GO:0016363;GO:0007623;GO:0043516;GO:2000279;GO:0010628;GO:0005759;GO:0008104;GO:0000976;GO:0097718;GO:0001046;GO:0007369;GO:0031965;GO:0021549;GO:0030512;GO:1903799;GO:0000785;GO:0072331;GO:0000977;GO:0048512;GO:0033209;GO:1902253;GO:0030308;GO:0043200;GO:0031000;GO:0009651;GO:0045892;GO:0072332;GO:0010224;GO:0042493;GO:0051726;GO:0006979;GO:0055093
Q8XL08	GO:0000272;GO:0030246;GO:0102166;GO:0102571;GO:0102167
O95255	GO:0016324;GO:0005789;GO:0016887;GO:0007601;GO:0005654;GO:0016328;GO:0055085;GO:0005886;GO:0016020;GO:0042493;GO:0005524;GO:0016021;GO:0005215;GO:0042626;GO:0016323
B8J198	GO:0034605;GO:0004176;GO:0043565;GO:0005737;GO:0005524;GO:0006515;GO:0004252
F4I7I0	GO:0009058;GO:0046686;GO:0001666;GO:0005739;GO:0004021;GO:0005634;GO:0030170;GO:0071456;GO:0019481;GO:0005524
Q6P280	GO:0006357;GO:0001227;GO:0000790;GO:0000981;GO:0000122;GO:0046872;GO:0000977
Q82IZ2	GO:0006096;GO:0055114;GO:0005737;GO:0050661;GO:0051287;GO:0004365;GO:0006006
Q8P000	GO:0004521;GO:0006402;GO:0005886;GO:0016021;GO:0003723
Q7MY36	GO:0008534;GO:0006289;GO:0008270;GO:0140078;GO:0003684;GO:0006284
Q62H59	GO:0015416;GO:0005886;GO:0016887;GO:0005524
Q6DHP6	GO:0005638;GO:0005521
Q5UPK9	
C1CYT5	GO:0000049;GO:0005737;GO:0005524;GO:0004826;GO:0000287;GO:0006432
C1CZP1	GO:0042026;GO:0005737;GO:0051082;GO:0005524
B4SSW3	GO:0051539;GO:0002935;GO:0070040;GO:0000049;GO:0005737;GO:0046872;GO:0019843;GO:0070475
P36915	GO:0003924;GO:0005634;GO:0005525;GO:0007165;GO:0002456;GO:0005615;GO:0005198;GO:0006974
Q51ZN8	GO:0005789;GO:0034045;GO:0015031;GO:0030242
P33156	GO:0003697;GO:0008094;GO:0009432;GO:0006281;GO:0005737;GO:0006310;GO:0005524;GO:0003684
Q64NJ8	GO:0006351;GO:0003899;GO:0003677;GO:0008270;GO:0000287
Q556W2	GO:0031288;GO:0042626;GO:0031152;GO:0005524;GO:0016021
Q9S775	GO:0048364;GO:0009736;GO:0045892;GO:0009733;GO:0051301;GO:0005634;GO:0006338;GO:0003677;GO:0009739;GO:2000023;GO:0005524;GO:0046872;GO:0004386;GO:0009788
Q2TYT2	GO:0045493;GO:0005576;GO:0009044
Q2G015	GO:0005576;GO:0007155;GO:0070051;GO:0009405;GO:0016020;GO:0001968;GO:0098630;GO:0005618
A4T341	GO:0006782;GO:0050661;GO:0008883
Q9CDG1	GO:0003924;GO:0003746;GO:0005737;GO:0005525
B4S487	GO:0006096;GO:0005576;GO:0009986;GO:0000015;GO:0004634;GO:0000287
Q7TU18	GO:0019464;GO:0008483;GO:0004047
Q2FTH4	GO:0051301;GO:0007049;GO:0006260;GO:0003910;GO:0003677;GO:0051103;GO:0006310;GO:0005524;GO:0046872;GO:0071897
P27036	GO:0005576;GO:0046872;GO:2001070;GO:0004556;GO:0043895;GO:0005975
Q6GMV2	GO:0032259;GO:0008168;GO:0046872
P23631	GO:0005576;GO:0044218;GO:0090729;GO:0006887;GO:0016021
Q9EQT1	GO:0071230;GO:0072126;GO:0014068;GO:0070301;GO:0071560;GO:0048661;GO:0043406;GO:0005161;GO:0016020;GO:0036120;GO:0008083;GO:0071673;GO:0048008;GO:0031954;GO:0008284;GO:0007275;GO:2000439;GO:0030335;GO:0070851;GO:0048146;GO:0070374;GO:0005615;GO:0050730;GO:0051781
P28903	GO:0008998;GO:0009265;GO:0031250;GO:0006260;GO:0032567;GO:0032556;GO:0015949;GO:0008270;GO:0005524;GO:0051065;GO:0032564
A6W7W9	GO:0051539;GO:0002935;GO:0070040;GO:0000049;GO:0005737;GO:0046872;GO:0019843;GO:0070475
I1S4T3	GO:0005634;GO:0003700;GO:0048315;GO:0030435
Q0QLE9	GO:0043792;GO:1901848;GO:0046872
P45554	GO:0006457;GO:0051082;GO:0005524
A2RP72	GO:0003924;GO:0003746;GO:0005737;GO:0005525
Q1I3R5	GO:0042597;GO:0030246;GO:0009250;GO:0003824
Q0SZL9	GO:0042597;GO:0055085
Q03938	GO:0003700;GO:0000978;GO:0005634;GO:0000981;GO:0008270;GO:0006355
A1UR49	GO:0046961;GO:0045261;GO:0005886;GO:0005524;GO:0046933
Q6H805	GO:0000160;GO:0003700;GO:0009736;GO:0005634;GO:0003677
A9BAY7	GO:0102752;GO:0003844;GO:0043169;GO:0005978;GO:0004553
B0UGP0	GO:0003697;GO:0008094;GO:0009432;GO:0006281;GO:0005737;GO:0006310;GO:0005524;GO:0003684
Q9N0V3	GO:0031998;GO:0055091;GO:0042632;GO:0046618;GO:0055088;GO:0055037;GO:0016567;GO:0008559;GO:0120189;GO:0015126;GO:0009986;GO:0005886;GO:0055038;GO:0005524;GO:0016021;GO:0015432;GO:0017144;GO:0006631;GO:0015722;GO:0016887;GO:0046691;GO:0015721;GO:0005768;GO:0016324;GO:0006855;GO:1904251;GO:0008206;GO:0015125
A9ACX9	GO:0051539;GO:0016830;GO:0009229;GO:0009228;GO:0008270
Q96AK3	GO:0047844;GO:0000932;GO:0016554;GO:0005634;GO:0045869;GO:0005737;GO:0051607;GO:0070383;GO:0004126;GO:0008270;GO:0003723;GO:0045087;GO:0080111;GO:0010529
P54896	GO:0006526;GO:0046983;GO:0005737;GO:0003942;GO:0051287
Q9SKU6	GO:0005739
A5U5H8	GO:0004366;GO:0016024;GO:0005886;GO:0102420
Q7Z4K8	GO:0099612;GO:1990769;GO:1904115;GO:0001764;GO:0048490;GO:0044304;GO:0043194;GO:0005856;GO:1901953;GO:0030517;GO:0008270;GO:0001578;GO:1903827;GO:0007409
Q5YPG3	GO:0003924;GO:0003746;GO:0005737;GO:0005525
A1BDQ5	GO:0006260;GO:0003677;GO:0006281;GO:0046872;GO:0003911
Q12F85	GO:0006782;GO:0050661;GO:0008883
P41357	GO:0019012;GO:0004482;GO:0030430;GO:0005524;GO:0003968
Q5L898	GO:0006351;GO:0003899;GO:0003677;GO:0008270;GO:0000287
C1DLP4	GO:0003924;GO:0005737;GO:0042274;GO:0046872;GO:0005525;GO:0019843
Q6P4W5	GO:0005525;GO:0042127;GO:0005730;GO:0005634
Q9QYE7	GO:0008305;GO:0050798;GO:0007229;GO:0046872;GO:0034113;GO:0044877
P0C6F5	GO:0019082;GO:0039579;GO:0039502;GO:0019079;GO:0039520;GO:0004197;GO:0003727;GO:0033644;GO:0016740;GO:0039548;GO:0004843;GO:0044220;GO:0039595;GO:0008270;GO:0016021;GO:0039648
D4A615	GO:0035101;GO:0042393;GO:0031297;GO:0000724;GO:0016604;GO:0005737;GO:0005662;GO:0043596;GO:0042555
Q9TGM3	GO:0005739
Q5DTW2	GO:0003682;GO:0045892;GO:0042393;GO:0005634;GO:0010629;GO:0003714;GO:0005654;GO:0016604;GO:0016235;GO:0043231;GO:0016607;GO:0005829
P28937	GO:0020002;GO:0016020;GO:0019033;GO:0006355
A7MBH5	GO:0007368;GO:1902017;GO:0003341;GO:0036158;GO:0005930;GO:0005929;GO:0005814;GO:0036064
P09732	GO:0039694;GO:0046872;GO:0003725;GO:0039502;GO:0042025;GO:0019031;GO:0039564;GO:0004483;GO:0075512;GO:0003724;GO:0019062;GO:0005198;GO:0003968;GO:0039654;GO:0005576;GO:0055036;GO:0046983;GO:0044220;GO:0004482;GO:0039563;GO:0044167;GO:0005524;GO:0016021;GO:0019028;GO:0004252
G5EFE7	GO:0046872;GO:0046921;GO:0008424;GO:0033578;GO:0036065;GO:0036071;GO:0046702;GO:0006487;GO:0008417;GO:0016021;GO:0032580
Q9Z2B1	GO:0045092;GO:0071351;GO:0045954;GO:0006954;GO:0061809;GO:0042008;GO:0008283;GO:0035655;GO:0070301;GO:0032635;GO:0032609;GO:0004908;GO:0035744;GO:0050135;GO:0051092;GO:0042119
O54924	GO:0007032;GO:0008104;GO:0006893;GO:0000145;GO:0030426;GO:0006887;GO:0022617;GO:0017160;GO:0035091;GO:0034613;GO:0031252;GO:0005829;GO:0048471;GO:0005770;GO:0015031
Q0CCY3	GO:0006633;GO:0004315;GO:0031177
P13632	GO:0000160;GO:0008134;GO:0043565;GO:0005737;GO:0005524;GO:0006355
Q6P5C7	GO:0000978;GO:0006357;GO:0005634;GO:0001228;GO:0046872
O81767	GO:0008270
Q9XZ08	GO:0030210;GO:0045880;GO:0030513;GO:0005794;GO:0005783;GO:0090263;GO:0016055;GO:0006024;GO:0000139;GO:0016021;GO:0015012;GO:0005789;GO:0030201;GO:0001888;GO:0007275;GO:0015014;GO:0016757;GO:0006044;GO:0046872;GO:0006486;GO:0008375
O31784	GO:0016788;GO:0006633;GO:0005737;GO:0004315;GO:0031177
P55012	GO:0051879;GO:0015079;GO:1902476;GO:0042995;GO:0015081;GO:0019901;GO:0006883;GO:0006972;GO:0016328;GO:0008511;GO:0015377;GO:0035865;GO:0010818;GO:0061044;GO:0046873;GO:0009925;GO:0055064;GO:0044297;GO:0050910;GO:0035264;GO:0043025;GO:0035725;GO:0005886;GO:0098659;GO:0051087;GO:0055075;GO:0016021;GO:0005829;GO:0150003;GO:1904464;GO:0006813;GO:0015378;GO:0030321;GO:0070634;GO:0045795;GO:0008519;GO:0035633;GO:0098719;GO:0030644;GO:1990869;GO:0071944;GO:0006814;GO:0060763;GO:0043005;GO:0055078;GO:0016323;GO:0030659;GO:0060444;GO:0098658;GO:0016324;GO:0006821;GO:1990573;GO:0030007;GO:1904450;GO:0007214;GO:0015696;GO:0015379;GO:0006884
Q2J717	GO:0051539;GO:0046429;GO:0019288;GO:0005506;GO:0016114
C7ZBE4	GO:0009405;GO:0016874;GO:0031177;GO:0016853
Q6K5F8	GO:0004693;GO:0005634;GO:0008353;GO:0007346;GO:0005524;GO:0006468;GO:0010468
Q9FRI5	GO:0003723;GO:0043231;GO:0009451;GO:0008270
Q9UBB6	GO:0048168;GO:0043025;GO:0016020;GO:0030425;GO:0010008;GO:0045453;GO:0098794;GO:0005829;GO:0031175;GO:0043204
Q00767	GO:0042026;GO:0005737;GO:0051082;GO:0005524
Q8TB96	GO:0070062;GO:0016021
B9KCH0	GO:0006457;GO:0051082;GO:0005524
A9BFH2	GO:0000049;GO:0005737;GO:0005524;GO:0004826;GO:0000287;GO:0006432
P77668	GO:0051539;GO:0008137;GO:0048038;GO:0046872
Q3SYV7	GO:0003700;GO:0000978;GO:0006357;GO:0000790;GO:0046872
Q89WC9	GO:0006285;GO:0034039;GO:0003906;GO:0006289;GO:0019104;GO:0008270;GO:0140078;GO:0003684;GO:0006284
Q32AT3	GO:0042597;GO:0055085
P24298	GO:0045722;GO:0070062;GO:0032869;GO:0004021;GO:0030170;GO:0005829;GO:0008652;GO:0042594;GO:0042853
Q4KMD7	GO:0006378;GO:0003730;GO:0005634;GO:0006397;GO:0005730;GO:0016180;GO:0050265;GO:0098789;GO:0005737;GO:0016607;GO:0005524;GO:0008270;GO:0003723;GO:0004652;GO:0016779
P93115	GO:0009247;GO:0046509;GO:0031969
P19696	GO:0020002;GO:0046761;GO:0019064;GO:0055036;GO:0019031;GO:0075512;GO:0046789;GO:0016021;GO:0039654;GO:0019062
A0K648	GO:0051539;GO:0016830;GO:0009229;GO:0009228;GO:0008270
Q2YB05	GO:0003677;GO:0006351;GO:0032549;GO:0003899
B8GMN9	GO:0065002;GO:0006605;GO:0005737;GO:0005886;GO:0017038;GO:0005524;GO:0046872
Q2J833	GO:0006520;GO:0044205;GO:0016597;GO:0004070;GO:0006207
Q5F3U0	GO:0000122;GO:0070822
Q8BI67	GO:0015030;GO:0000978;GO:0006357;GO:0006398;GO:0005634;GO:0001228;GO:0005654;GO:0046872
P16785	GO:0008234;GO:0042025;GO:0030430;GO:0004843;GO:0019033;GO:0039648
Q64M78	GO:0003676;GO:0003723;GO:0005634;GO:0000398
Q5R8G9	GO:0003677;GO:0005634;GO:0046872
B8ZU90	GO:0051539;GO:0016830;GO:0009229;GO:0009228;GO:0008270
Q6S6Q7	GO:0020002;GO:0016020;GO:0019033;GO:0006355
Q5KSL6	GO:0004143;GO:0046834;GO:0030168;GO:0007205;GO:0046486;GO:0035556;GO:0005737;GO:0005886;GO:0046339;GO:0005524;GO:0046872;GO:0006979;GO:0003951
P53594	GO:0006099;GO:0004775;GO:0050074;GO:0005524;GO:0000287
C0LGE0	GO:0005886;GO:0046777;GO:0005524;GO:0016021;GO:0004674
P39119	GO:0004108;GO:0006099;GO:0005975
Q5SSZ7	GO:0006511;GO:0016567;GO:0060173;GO:0016055;GO:0060828;GO:0061630;GO:0038018;GO:0072089;GO:0090090;GO:2000051;GO:0046872;GO:2000095;GO:0004842;GO:0005109;GO:0005887;GO:0030178
P48243	GO:0015424;GO:0016887;GO:0005886;GO:0005524
Q20EZ8	GO:0016887;GO:0031969;GO:0005524;GO:0016021
Q03408	GO:0016987;GO:0003899;GO:0003677;GO:0001216;GO:0006352
Q7TSG1	GO:0007098;GO:0005813;GO:0022027;GO:0030953;GO:0010825;GO:0008283;GO:0045724;GO:1904951;GO:0005737;GO:0022008;GO:0008022;GO:0032880;GO:0005814;GO:0032886;GO:0021987;GO:1903724;GO:0000226
A0R3B8	GO:0006096;GO:0005576;GO:0009986;GO:0000015;GO:0004634;GO:0000287
Q9SS97	
P73067	GO:0016744;GO:0052865;GO:0009228;GO:0008661;GO:0019288;GO:0030976;GO:0000287;GO:0016114;GO:0005829
Q1D401	GO:0006096;GO:0005576;GO:0009986;GO:0000015;GO:0004634;GO:0000287
P02549	GO:0000165;GO:0030097;GO:0015629;GO:0006888;GO:0030424;GO:0002260;GO:0051693;GO:0008360;GO:0031235;GO:0014731;GO:0005829;GO:0007015;GO:0005509;GO:0005200;GO:0007411;GO:0008091;GO:0007009;GO:0006779;GO:0032437;GO:0042102;GO:0051015;GO:0032092
Q23716	GO:0003924;GO:0003746;GO:0005737;GO:0005525
Q8PHK1	GO:0006412;GO:0006464;GO:0016881;GO:0005524;GO:0046872
A7EQA8	GO:0032508;GO:0006351;GO:0042393;GO:0016887;GO:0043618;GO:0006338;GO:0003677;GO:0042766;GO:0006281;GO:0031011;GO:0043044;GO:0005524
Q9ZMP8	GO:0003676;GO:0006430;GO:0005737;GO:0004824;GO:0005524;GO:0000287
B0S1N3	GO:0005737;GO:0030170;GO:0004372;GO:0035999;GO:0019264
A2RJ76	GO:0004828;GO:0016260;GO:0097056;GO:0006434;GO:0005737;GO:0005524
A7KAM6	GO:0006914;GO:0034045
P02991	GO:0003924;GO:0003746;GO:0009507;GO:0005525
Q59556	GO:0006265;GO:0003677;GO:0005737;GO:0005694;GO:0005524;GO:0034335;GO:0006261
Q01401	GO:0005982;GO:0102752;GO:0019252;GO:0003844;GO:0009501;GO:0005737;GO:0043169;GO:0005978;GO:0004553;GO:0009507;GO:0005975
P93805	GO:0004614;GO:0005829;GO:0000287;GO:0006006;GO:0005975
Q5T3U5	GO:0005765;GO:0016887;GO:0055085;GO:0005886;GO:0016020;GO:0042626;GO:0005524;GO:0016021
B1VKH4	GO:0003677;GO:0006351;GO:0008270;GO:0003899;GO:0000287;GO:0009507
Q6DAY3	GO:0004457;GO:0010181;GO:0005886;GO:0019516
A0K8N1	GO:0006096;GO:0005576;GO:0009986;GO:0000015;GO:0004634;GO:0000287
B8IP29	GO:0003697;GO:0008094;GO:0009432;GO:0006281;GO:0005737;GO:0006310;GO:0005524;GO:0003684
P59667	GO:0006325;GO:0003700;GO:0005819;GO:0005815;GO:0005739;GO:0005634;GO:0071385;GO:1990239;GO:0004883;GO:0043565;GO:0005737;GO:0016607;GO:0008270;GO:0071383;GO:0045944;GO:0004879;GO:0005496
Q5BLZ2	GO:0010008;GO:0005811
O35345	GO:0060135;GO:1903902;GO:0005634;GO:0006607;GO:0008139;GO:0075506;GO:0019079;GO:1900017;GO:0005654;GO:0006606;GO:0005737;GO:0030682;GO:0043657;GO:0061608;GO:0045944
Q2K9M4	GO:0003677;GO:0006351;GO:0032549;GO:0003899
Q24307	GO:0006511;GO:0070936;GO:0022416;GO:0005634;GO:0043027;GO:0031398;GO:0005737;GO:0043066;GO:0004842;GO:0016567;GO:0006964;GO:0061630;GO:0070534;GO:0005829;GO:0089720;GO:0043281;GO:0043154;GO:0031625;GO:0048471;GO:1990001;GO:0050829;GO:0061057;GO:0008270;GO:0045087
Q6ZR08	GO:0005874;GO:0030286;GO:0005737;GO:0005929;GO:0005524;GO:0007018;GO:0008569
Q747C7	GO:0006457;GO:0051082;GO:0009408;GO:1990220;GO:0051085;GO:0005524;GO:0042026
B4JLX2	GO:0004622;GO:0007399;GO:0005789;GO:0102545;GO:0051402;GO:0016042;GO:0034349;GO:0016021;GO:0046470;GO:0006643;GO:0061024
B8DF43	GO:0051539;GO:0003678;GO:0000724;GO:0005524;GO:0046872;GO:0003690;GO:0008409
P93804	GO:0004614;GO:0005829;GO:0000287;GO:0006006;GO:0005975
Q55GB1	GO:0031288;GO:0016887;GO:0031152;GO:0042626;GO:0005524;GO:0016021
Q9VH20	GO:0001188;GO:0070860;GO:0005730;GO:0001164;GO:0046872;GO:0005668;GO:0042790
B0G189	GO:0003924;GO:0005759;GO:0005743;GO:0005739;GO:0043022;GO:0045727;GO:0006412;GO:0005525
Q8BLS7	
P0A953	GO:0005829;GO:0004315;GO:0008610;GO:0006633
A6NJQ4	
Q492V1	GO:0000049;GO:0005737;GO:0005524;GO:0004826;GO:0000287;GO:0006432
Q3S2U6	GO:0016491;GO:0032259;GO:0006633;GO:0008168;GO:0004315;GO:0031177
Q9MUP8	GO:0005524;GO:0009570;GO:0004222;GO:0004176
A7E3Q8	GO:0005509;GO:0051017;GO:0005884;GO:0005737;GO:0051015;GO:0051639;GO:0032432
B3PPU4	GO:0003697;GO:0008094;GO:0009432;GO:0006281;GO:0005737;GO:0006310;GO:0005524;GO:0003684
B9JZ87	GO:0006457;GO:0051082;GO:0005524
Q94EE9	GO:1901695;GO:0030170;GO:0006520;GO:0016831;GO:0005737;GO:0004837
P05653	GO:0009330;GO:0006265;GO:0003677;GO:0003918;GO:0005737;GO:0005694;GO:0005524;GO:0006261
P19332	GO:0051879;GO:0007628;GO:0044304;GO:0019901;GO:0032387;GO:0010288;GO:0046785;GO:0000226;GO:0048675;GO:0008088;GO:0030425;GO:0005829;GO:0007409;GO:2001020;GO:0051028;GO:0034399;GO:0030673;GO:0034185;GO:0030182;GO:0005874;GO:0006915;GO:0030426;GO:0097386;GO:0007420;GO:0036464;GO:0045121;GO:0071813;GO:0030424;GO:0010976;GO:0050848;GO:0001764;GO:0045298;GO:1900454;GO:0005886;GO:0051087;GO:1990000;GO:0007611;GO:0031110;GO:0045773;GO:0017124;GO:0050808;GO:0051258;GO:0043005;GO:0048312;GO:1903748;GO:0010033;GO:0003677;GO:0097435;GO:0033673;GO:0019899;GO:0070507;GO:0051721;GO:0010629;GO:0044297;GO:0005930;GO:0010506;GO:0031072;GO:0099609;GO:0097418;GO:0032930;GO:1904428;GO:0009898;GO:0044877;GO:0031116;GO:0007416;GO:1903829;GO:0008631;GO:0042802;GO:0005634;GO:0036477;GO:0005737;GO:0010917;GO:0005576;GO:0043025;GO:0015630;GO:0051260;GO:0008017;GO:0007565;GO:0007613;GO:0060632;GO:1900034;GO:1901216;GO:0014069;GO:0047497;GO:0007584;GO:1902474;GO:0007017;GO:0044295;GO:0090258;GO:0031175
Q9W5D0	GO:0005856
Q5MZ23	GO:0003677;GO:0006351;GO:0032549;GO:0003899
A8GTQ7	GO:0004828;GO:0016260;GO:0097056;GO:0006434;GO:0005737;GO:0005524
A6Q421	GO:0006457;GO:0051082;GO:0005524
Q8IWZ3	GO:0003723;GO:0005737;GO:0045087
Q5HHM8	GO:0005576;GO:0007155;GO:0009405;GO:0016020;GO:0005618
O61308	GO:0000777;GO:0005819;GO:0051301;GO:0005815;GO:0005737;GO:0051321
F4JSG3	GO:0003697;GO:0007004;GO:0051321;GO:0000724;GO:0005662;GO:0006281;GO:0006289;GO:0043565;GO:0006268;GO:0008270;GO:0000723;GO:0003684;GO:0043047;GO:0006261
A8GVH8	GO:0065002;GO:0006605;GO:0005737;GO:0005886;GO:0017038;GO:0005524;GO:0046872
O64705	
Q54410	GO:0045148;GO:0005576;GO:0006508
Q9BL02	GO:0005634;GO:0000981;GO:0000139;GO:0000122;GO:0048193;GO:0000977
A0RD64	GO:0019805;GO:0006569;GO:0034354;GO:0008198;GO:0043420;GO:0000334
Q8R366	GO:2000145;GO:0043209;GO:0005886;GO:0016021;GO:0043231;GO:0030424;GO:0045202
F7EA39	GO:0003700;GO:0008134;GO:0001217;GO:0060718;GO:0005634;GO:0000981;GO:0090575;GO:0070365;GO:0003677;GO:0032877;GO:0043565;GO:0000122;GO:0033301;GO:0051726;GO:0002040;GO:0045944;GO:0032466
D4GYH4	GO:0046872;GO:0005886;GO:0016757;GO:0016021;GO:0045232;GO:0004576;GO:0006486
Q5RCC2	GO:0071005;GO:0016607;GO:0000398
B9KCR7	GO:0042026;GO:0005737;GO:0051082;GO:0005524
P14563	GO:0003677;GO:0000287;GO:0006351;GO:0003899
A0JNB1	GO:0000978;GO:0006357;GO:0005634;GO:0001228;GO:0046872
Q8N6R0	GO:0032259;GO:0008168
B2HDI5	GO:0006096;GO:0005576;GO:0009986;GO:0000015;GO:0004634;GO:0000287
P0CY98	GO:0006457;GO:0051082;GO:0005524
Q6FMB5	GO:0002143;GO:0000049;GO:0032447;GO:0002098;GO:0005829;GO:0016779;GO:0034227
Q9FX99	GO:0004674;GO:0005886;GO:0005524;GO:0016021;GO:0006468
Q9TL05	GO:0006351;GO:0003899;GO:0003677;GO:0008270;GO:0000287;GO:0009507
Q2TAR3	GO:0007399;GO:0005634;GO:0003677;GO:0046872;GO:0030154
A7GDK3	GO:0005737;GO:0006096;GO:0004459
P19698	GO:0020002;GO:0046761;GO:0019064;GO:0055036;GO:0019031;GO:0075512;GO:0046789;GO:0016021;GO:0039654;GO:0019062
Q8ETY5	GO:0003924;GO:0003746;GO:0005737;GO:0005525
A4JFY5	GO:0006096;GO:0005576;GO:0009986;GO:0000015;GO:0004634;GO:0000287
Q9SS87	GO:0010088;GO:0042803;GO:0043621
Q4WJS4	GO:0016042;GO:0004806;GO:0016021
O64758	GO:0006511;GO:0030665;GO:0005509;GO:0005768;GO:0005802;GO:0000139;GO:0016021;GO:0061630;GO:0016020;GO:0006896;GO:0017119;GO:0006623;GO:0031902
Q31HC3	
Q3AAM5	GO:0006308;GO:0009318;GO:0008855;GO:0003676;GO:0005737
Q3SWP3	GO:0042744;GO:0004096;GO:0046872;GO:0006979;GO:0020037
P44800	GO:0004622;GO:0102545;GO:0006629;GO:0016298;GO:0005886;GO:0016020
Q9UKG9	GO:0051791;GO:0033540;GO:0005782;GO:0005777;GO:0006625;GO:0006631;GO:0006635;GO:0009437;GO:0015936;GO:0006091;GO:0043231;GO:0008458;GO:0005829;GO:0015908
B1IKX1	GO:0005737;GO:0006096;GO:0004459
Q0HZ78	GO:0042744;GO:0004096;GO:0046872;GO:0006979;GO:0020037
Q9NQ36	GO:0005509;GO:0005576;GO:0008289;GO:0009986;GO:0007275;GO:0005615
Q89A23	GO:0005886;GO:0022857;GO:0016021
Q6BPU6	GO:0006891;GO:0000139;GO:0017119;GO:0015031
A5GT82	GO:0004823;GO:0006429;GO:0002161;GO:0005737;GO:0005524
Q1RI36	GO:0065002;GO:0006605;GO:0005737;GO:0005886;GO:0017038;GO:0005524;GO:0046872
Q8PH13	GO:0051539;GO:0016830;GO:0009229;GO:0009228;GO:0008270
Q03744	GO:0009405;GO:0090729;GO:0005102;GO:0030435
A9KHY1	GO:0000049;GO:0005737;GO:0005524;GO:0004826;GO:0000287;GO:0006432
D9N1A1	GO:0016491;GO:0009405;GO:0006633;GO:0032259;GO:0008168;GO:0004315;GO:0031177
Q110V4	GO:0006096;GO:0005576;GO:0009986;GO:0000015;GO:0004634;GO:0000287
C5B137	GO:0046294;GO:0006730;GO:0016810;GO:0005737;GO:0046872
Q57QK2	GO:0006400;GO:0016705
Q1RAM7	GO:0009380;GO:0009432;GO:0003677;GO:0006289;GO:0005737;GO:0009381
Q6R7F3	
P0C7X0	
Q8P6P1	GO:0016879;GO:0004363;GO:0005737;GO:0005524;GO:0046872
Q96NJ3	GO:0000978;GO:0006357;GO:0005634;GO:0000981;GO:0046872
Q46WT0	GO:0006782;GO:0050661;GO:0008883
B2V8F1	GO:0042026;GO:0005737;GO:0051082;GO:0005524
Q8DGW9	GO:0006402;GO:0006396;GO:0005737;GO:0004654;GO:0003723;GO:0000287
Q8CWX1	GO:0000049;GO:0005737;GO:0005524;GO:0004826;GO:0000287;GO:0006432
B0R8D3	GO:0003677;GO:0006351;GO:0003899
Q71X61	GO:0006094;GO:0006096;GO:0005737;GO:0004347
Q10415	GO:0005759;GO:0006508;GO:0004222;GO:0006879;GO:0005739;GO:0006518;GO:0006627;GO:0046872
B1IZZ1	GO:0009380;GO:0009432;GO:0003677;GO:0006289;GO:0005737;GO:0009381
P79269	GO:0006325;GO:0003700;GO:0005819;GO:0005815;GO:0005739;GO:0005634;GO:0071385;GO:1990239;GO:0004883;GO:0043565;GO:0005737;GO:0016607;GO:0008270;GO:0071383;GO:0045944;GO:0004879;GO:0005496
Q9N285	GO:0005743;GO:0016021
P38630	GO:0051301;GO:0000278;GO:0005634;GO:0006272;GO:0003677;GO:0005663;GO:0006281;GO:0005524;GO:0006298;GO:0003689
Q0D1N9	GO:0006633;GO:0016788;GO:0004315;GO:0031177
Q46I76	GO:0006457;GO:0051082;GO:0005524
B6I9D2	GO:0006400;GO:0016705
Q9FCD7	GO:0045148;GO:0005576;GO:0006508
Q8I113	GO:0046872;GO:0018105;GO:0005634;GO:0005516;GO:0060625;GO:0009931;GO:0035095;GO:0035556;GO:0005737;GO:0046777;GO:0008340;GO:0005524
Q8MLZ5	GO:0007614;GO:0007616;GO:0046580;GO:0007165;GO:0005737;GO:0008306;GO:0005096
Q026Q2	GO:0034605;GO:0004176;GO:0043565;GO:0005737;GO:0005524;GO:0006515;GO:0004252
Q96PQ6	GO:0000978;GO:0006357;GO:0005634;GO:0000981;GO:0046872
Q5AW25	GO:0005576;GO:0010411;GO:0030246;GO:0061634;GO:0004553
A8ESZ8	GO:0009039;GO:0005737;GO:0016151;GO:0043419
E9Q7G0	GO:0030953;GO:0005813;GO:0055048;GO:0051301;GO:0031023;GO:0099738;GO:1904778;GO:0005634;GO:0051984;GO:0000922;GO:0035371;GO:0030513;GO:0016328;GO:0005654;GO:0007059;GO:0005794;GO:0036449;GO:0071955;GO:0045618;GO:1902846;GO:0061673;GO:0051011;GO:0051798;GO:0016363;GO:0000139;GO:0043025;GO:0035091;GO:0070840;GO:0008022;GO:0030425;GO:0005694;GO:0005829;GO:0051010;GO:0019897;GO:0008017;GO:0097718;GO:1905720;GO:0032388;GO:0034499;GO:0097575;GO:0055028;GO:0005876;GO:0015631;GO:0001578;GO:0072686;GO:0090235;GO:0031616;GO:0097427;GO:0034067;GO:0070861;GO:0019904;GO:0090161;GO:0097431;GO:0006622;GO:0044877;GO:1990023;GO:0005938;GO:0000132;GO:0031116;GO:1905820;GO:1905832;GO:0060236;GO:0032991;GO:0051321;GO:1902365
Q7YR35	GO:0005525;GO:0003924
Q99J87	GO:1900246;GO:0032728;GO:0039534;GO:1900245;GO:0003725;GO:0009615;GO:0003727;GO:0003677;GO:0003724;GO:0005737;GO:0039536;GO:0009617;GO:0045824;GO:0005524;GO:0008270;GO:0045088;GO:0051607;GO:0045087;GO:0032480;GO:0032481
A4FY19	GO:0051301;GO:0007049;GO:0006260;GO:0003910;GO:0003677;GO:0051103;GO:0006310;GO:0005524;GO:0046872;GO:0071897
Q7P1H8	GO:0051539;GO:0016830;GO:0009229;GO:0009228;GO:0008270
Q498T9	GO:0098656;GO:0005225;GO:0005789;GO:0034214;GO:0045444;GO:0005737;GO:0005886;GO:0015810;GO:0005783;GO:0034702;GO:0005887;GO:0015734;GO:0071470
Q182Y6	GO:0050511;GO:0008360;GO:0009252;GO:0007049;GO:0030259;GO:0051301;GO:0071555;GO:0005886;GO:0051991;GO:0005975
Q6IQ97	GO:0005634;GO:0003729;GO:0045292;GO:0016607;GO:0008270;GO:0003723;GO:0000381
F4HSQ2	GO:0005576;GO:0004252
Q9SMH5	GO:0044458;GO:0005874;GO:0030286;GO:0072594;GO:0045503;GO:0005868;GO:0005886;GO:0007275;GO:0097014;GO:0005524;GO:0031514;GO:0007018;GO:0008569;GO:0003774;GO:0030990
Q9QZK2	GO:0005085;GO:0043410;GO:0005925;GO:0007264;GO:0033138;GO:0045740;GO:0086100;GO:0002089;GO:0005737;GO:0019900;GO:0008286;GO:0043547;GO:0001784
Q66H33	GO:0005634;GO:0043065;GO:0006915
A2Q7T1	GO:0042744;GO:0004096;GO:0005737;GO:0046872;GO:0006979;GO:0020037
Q5UQX5	
Q54KA7	GO:0031589;GO:0032012;GO:0031154;GO:0006935;GO:0005764;GO:0030036;GO:0005086;GO:0005829;GO:0043327
O13939	GO:0030665;GO:0030123;GO:0016192;GO:0005634;GO:0006886;GO:0005794;GO:0006896;GO:0005829
O45583	GO:0042351;GO:0008446;GO:0042350;GO:0005737;GO:0019673
A5W985	GO:0003723;GO:0031119;GO:0106029
Q1KVQ9	GO:0031969;GO:0016021
P26876	GO:0005576;GO:0015628;GO:0004806;GO:0016298;GO:0016042;GO:0046872;GO:0043952
B2JJF7	GO:0051539;GO:0016830;GO:0009229;GO:0009228;GO:0008270
Q751D1	GO:0005634;GO:0005730;GO:0003724;GO:0006364;GO:0005524;GO:0003723
P49327	GO:0016296;GO:0042802;GO:0046949;GO:0031325;GO:0102131;GO:0005794;GO:0003723;GO:0008144;GO:0006084;GO:0004315;GO:0045296;GO:0004313;GO:0045540;GO:0004316;GO:0005886;GO:0016020;GO:0005829;GO:0031177;GO:0070062;GO:0001649;GO:0006631;GO:0016295;GO:0070402;GO:0042470;GO:0042587;GO:0102132;GO:0004320;GO:0008659;GO:0004314;GO:0004317;GO:0006633;GO:0030879;GO:0071353;GO:0047117;GO:0047451;GO:0008693
P24543	GO:0003697;GO:0008094;GO:0009432;GO:0006281;GO:0005737;GO:0006310;GO:0005524;GO:0003684
Q8IZF6	GO:0004930;GO:0007189;GO:0016021;GO:0007166;GO:0005887;GO:0007186
Q92347	GO:0030688;GO:0030686;GO:0005634;GO:0005730;GO:0000447;GO:0000056;GO:0000480;GO:0006364;GO:0003723;GO:0000472
A5WH82	GO:0030170;GO:0019264;GO:0005737;GO:0004372;GO:0035999
Q94AM9	GO:0010494;GO:0034063;GO:0003729;GO:0003723;GO:0010603
Q9R1V6	GO:0004222;GO:0098978;GO:0099061;GO:0014037;GO:0042063;GO:0005886;GO:0022011;GO:0016021;GO:0099645;GO:0030424;GO:0008344
Q3A8C2	GO:0006457;GO:0051082;GO:0005524
Q2KJJ0	GO:0046540;GO:0006403;GO:0043021;GO:0071013;GO:0003713;GO:0071005;GO:0016607;GO:0000398;GO:0005682;GO:0003723;GO:0050681;GO:0000244;GO:0045944
A7A063	GO:0016887;GO:0042626;GO:0005524;GO:0016021
A6M1T6	GO:0030145;GO:0005737;GO:0019569;GO:0008733
Q44233	GO:0009341;GO:0004565;GO:0006012
P27710	GO:0004640;GO:0004049;GO:0000162;GO:0004425;GO:0006541
A6Q6Q7	GO:0002098;GO:0050660;GO:0005737
O15146	GO:0045211;GO:0001934;GO:2000541;GO:0008582;GO:0046777;GO:0007528;GO:0005524;GO:0031594;GO:0038062;GO:0005887;GO:0010628;GO:0007613;GO:0004713;GO:0007275;GO:0007169;GO:0030154;GO:0004714;GO:0005518;GO:0033674;GO:0046872;GO:0043235;GO:0071340
P42702	GO:0004923;GO:0004896;GO:0070062;GO:0070120;GO:0048861;GO:0007166;GO:0038165;GO:0019955;GO:0008284;GO:0005127;GO:0019221;GO:0005886;GO:0034097;GO:0043235;GO:0001959;GO:0019838;GO:0005887;GO:0009897
P40507	GO:0043629;GO:0071039;GO:0071035;GO:0003676;GO:0071037;GO:0005730;GO:0031499;GO:0071036;GO:0005737;GO:0008270;GO:0071031;GO:0071038
A6LPP0	GO:0006433;GO:0002161;GO:0005737;GO:0005524;GO:0004827
C0ZB48	GO:0006457;GO:0051082;GO:0005524
Q0C454	GO:0006457;GO:0031072;GO:0051082;GO:0006260;GO:0009408;GO:0005737;GO:0008270;GO:0005524
P56955	GO:0009405;GO:0090729;GO:0030435
Q717C2	GO:0038023;GO:0050917;GO:1903767;GO:0004930;GO:0050916;GO:0033041;GO:0005887
Q1XDH2	GO:0006457;GO:0051082;GO:0009507;GO:0005524
Q9WUR6	GO:0005813;GO:0005739;GO:0005634;GO:0000981;GO:1990841;GO:0000733;GO:0006289;GO:0005737;GO:0005783;GO:2001244;GO:0006974;GO:0000978;GO:0005507;GO:0043065;GO:0043153;GO:0005524;GO:0016605;GO:0005759;GO:0007049;GO:0007569;GO:0005730;GO:0048512;GO:0045944;GO:0030308;GO:0097252;GO:0045892;GO:0051262;GO:0003677
A8AKP9	GO:0080030
B2A2I8	GO:0006428;GO:0004822;GO:0002161;GO:0000049;GO:0005737;GO:0005524;GO:0008270
A1SEK2	GO:0006351;GO:0003899;GO:0003677;GO:0008270;GO:0000287
Q92N95	GO:0006526;GO:0044205;GO:0005524;GO:0006541;GO:0006207;GO:0004088
C1DCC3	GO:0006096;GO:0005576;GO:0009986;GO:0000015;GO:0004634;GO:0000287
Q08AM6	GO:0038023;GO:0042802;GO:0033674;GO:0000306;GO:0016032;GO:0000139;GO:0007165;GO:0031901;GO:0043231;GO:0005774;GO:0005783;GO:0006661;GO:0010008;GO:0005829;GO:0070772;GO:0031902
Q06SE7	GO:0006351;GO:0003899;GO:0032549;GO:0003677;GO:0009507
Q9Z618	GO:0006260;GO:0005737;GO:0008408;GO:0003887
Q5MBG2	GO:0004354;GO:0006520
P96722	GO:0004518
Q39KC4	GO:0009073;GO:0005737;GO:0009423;GO:0000166;GO:0046872;GO:0003856
C6E6X4	
Q85FR6	GO:0006351;GO:0003899;GO:0003677;GO:0046872;GO:0009507
O70237	GO:1990837;GO:0000978;GO:0001085;GO:0006357;GO:0051572;GO:0016363;GO:0051574;GO:0005634;GO:0045646;GO:0001228;GO:0005654;GO:0005667;GO:0000122;GO:0005886;GO:0007275;GO:1903706;GO:0046872;GO:0030854
P16374	GO:0000978;GO:0006357;GO:0005634;GO:0001228;GO:0046872
Q3JZM1	GO:0030956;GO:0016787;GO:0050567;GO:0005524;GO:0006412
Q9NR16	GO:0005576;GO:0016021;GO:0005044;GO:0009897
Q60ZN5	GO:0007155;GO:0016021
Q7NA96	GO:0008360;GO:0009252;GO:0000902;GO:0009103;GO:0006048;GO:0003977;GO:0071555;GO:0005737;GO:0000287;GO:0009245;GO:0019134
P45891	GO:0005737;GO:0000281;GO:0005524;GO:0005856
Q6NI37	GO:0006308;GO:0009318;GO:0008855;GO:0003676;GO:0005737
Q3IDM2	GO:0006096;GO:0005576;GO:0009986;GO:0000015;GO:0004634;GO:0000287
Q49W03	GO:0006096;GO:0005576;GO:0009986;GO:0000015;GO:0004634;GO:0000287
P11029	GO:0010628;GO:0009743;GO:0046872;GO:0050692;GO:0003989;GO:0097066;GO:0006810;GO:2001295;GO:0006633;GO:0005737;GO:0005102;GO:0005524;GO:0004075;GO:0046966;GO:0065008;GO:0070542;GO:0032810;GO:0045893;GO:0009374;GO:0040029
P21239	GO:0042026;GO:0009507;GO:0005524
Q5Z0Z9	GO:0006420;GO:0005737;GO:0004814;GO:0005524
A6UKC3	GO:0042744;GO:0004096;GO:0046872;GO:0006979;GO:0020037
Q6G554	GO:0006457;GO:0051082;GO:0005524
Q96K75	GO:0000978;GO:0006357;GO:0046872;GO:0005634;GO:0000981
Q07217	GO:0005743;GO:0008203;GO:0006700;GO:0005506;GO:0008386;GO:0020037
Q16787	GO:0030155;GO:0005604;GO:0005201;GO:0007229;GO:0005783;GO:0005198;GO:0005610;GO:0005576;GO:0098609;GO:0009888;GO:0031581;GO:0062023;GO:0045995;GO:0030334;GO:0070062;GO:0001738;GO:0009887;GO:0007411;GO:0030198;GO:0035987;GO:0008544;GO:0005178;GO:0016477
Q54YP4	GO:0007032;GO:0035542;GO:0005768;GO:0042144;GO:0046872;GO:0016192;GO:0006904;GO:0006886;GO:0007033;GO:0005774;GO:0030674;GO:0030897
A0A1W6BT46	GO:0016874;GO:0031177
B8DVC2	GO:0044208;GO:0004019;GO:0005737;GO:0005525;GO:0000287
Q27171	GO:0005874;GO:0030286;GO:0005737;GO:0005524;GO:0007018;GO:0008569
A1WXU7	GO:0006402;GO:0006396;GO:0005737;GO:0004654;GO:0003723;GO:0000287
K9JHZ4	GO:0005634;GO:0003677;GO:0007275;GO:0005694;GO:0008270;GO:0080111;GO:0070579;GO:0006211;GO:0006325
Q86YD7	
Q8T675	GO:0031288;GO:0042626;GO:0031152;GO:0005524;GO:0016021
Q57TG8	GO:0006457;GO:0051082;GO:0030288;GO:0050821;GO:0042277;GO:0043165;GO:0003755;GO:0060274
Q9QZD4	GO:0042802;GO:0005634;GO:1905768;GO:1990841;GO:0047485;GO:0070522;GO:0006289;GO:0004520;GO:0003684;GO:0000784;GO:1990599;GO:0061819;GO:0000712;GO:0000724;GO:0006281;GO:0008022;GO:0000109;GO:0006296;GO:0000723;GO:0000014;GO:0009650;GO:0003697;GO:0010506;GO:0009411;GO:0033683;GO:0006303;GO:1904357;GO:0000110;GO:1905765;GO:0001094;GO:0000781;GO:0006295;GO:0034644;GO:0032205;GO:1901255
P53276	GO:0033553;GO:0000462;GO:0006409;GO:0034511;GO:0032040;GO:0030686;GO:0005730;GO:0000049;GO:0045943;GO:0034455
P32542	GO:0004190;GO:0015074;GO:0004533;GO:0003964;GO:0003677;GO:0004523;GO:0006310;GO:0044826;GO:0008270;GO:0046718;GO:0075713
B7LN53	GO:0005737;GO:0008914;GO:0030163
Q00094	GO:0004674;GO:0005524
A7GTK1	GO:0016887;GO:0004519;GO:0045910;GO:0005524;GO:0006298;GO:0030983
B5YGX0	GO:0009252;GO:0006048;GO:0004615;GO:0005829;GO:0008966;GO:0000287;GO:0005975
Q96LX8	GO:1990837;GO:0000978;GO:0006357;GO:0005634;GO:0001228;GO:0046872
Q8DMV6	GO:0009039;GO:0005737;GO:0016151;GO:0043419
A2BZA6	GO:0004642;GO:0005737;GO:0005524;GO:0006189;GO:0000287
Q3ZYV1	GO:0006457;GO:0051082;GO:0005524
P70682	GO:0001516;GO:0005637;GO:0004601;GO:0005640;GO:0005789;GO:0008217;GO:0006954;GO:0150077;GO:0004666;GO:0005737;GO:0046872;GO:0006979;GO:0051213;GO:0019371;GO:0020037
A2X1N2	GO:0000160;GO:0003700;GO:0009736;GO:0005634;GO:0003677
Q3APW3	GO:0000049;GO:0005737;GO:0005524;GO:0004826;GO:0000287;GO:0006432
Q68VW6	GO:0004828;GO:0016260;GO:0097056;GO:0006434;GO:0005737;GO:0005524
Q9ZCG5	GO:0004828;GO:0016260;GO:0097056;GO:0006434;GO:0005737;GO:0005524
P38485	GO:0005198;GO:0039617;GO:0005525;GO:0046740;GO:0003677;GO:0044219;GO:0003723
Q9SGY1	GO:0005739;GO:0016887;GO:0055085;GO:0042626;GO:0005524;GO:0016021
Q46901	GO:0003677;GO:0051607;GO:0032991;GO:0008270;GO:0003723
B0TKB2	GO:0006260;GO:0003677;GO:0006281;GO:0046872;GO:0003911
Q8PSR0	GO:0005886;GO:0005524
Q8NP26	GO:0000287;GO:0016779;GO:0005524
Q9UK13	GO:0000978;GO:0046872;GO:0006355;GO:0000790;GO:0000981
A8FST7	GO:0003684;GO:0030983;GO:0005524;GO:0006298
Q6CXL5	GO:0005737;GO:0008180
Q62413	GO:0004714;GO:0033674;GO:0005005;GO:0005654;GO:0043235;GO:0007275;GO:0005524;GO:0007411;GO:0007169;GO:0043005;GO:0005887
Q84TD8	GO:0009908;GO:0030154
B8ZSC2	GO:0003924;GO:0003746;GO:0005737;GO:0005525
Q9NZB2	GO:0005634;GO:0016020;GO:0005886;GO:0003723;GO:0005829
Q82VV5	GO:0000049;GO:0005737;GO:0005524;GO:0004826;GO:0000287;GO:0006432
P38970	GO:0009594;GO:0004672;GO:0005634;GO:0035556;GO:0045807;GO:0005737;GO:0005886;GO:0005524;GO:0034613;GO:0004674;GO:0006468;GO:0006470;GO:0030003
P41813	GO:0003700;GO:0003682;GO:0001085;GO:0000976;GO:0005634;GO:0032968;GO:0006338;GO:0061186;GO:0043565;GO:0003713;GO:0090282;GO:0003712;GO:0090419;GO:0003688;GO:2000221;GO:0005829;GO:1903468;GO:0032298;GO:0071930
D4GYI2	GO:0006072;GO:0010181;GO:0019563;GO:0052591;GO:0009331;GO:0050660;GO:0005886
Q9XYD3	GO:0002119;GO:0040034;GO:0006357;GO:0005634;GO:0000981;GO:0019538;GO:0000122;GO:0046872;GO:0000977;GO:0018991;GO:0009792
P31961	GO:0051539;GO:0004456;GO:0046872;GO:0046177;GO:0009255;GO:0016836;GO:0005829
A0ZSK3	GO:0044179;GO:0090729;GO:0005576
P38370	GO:0030246;GO:0009279
C5FZT5	GO:0017108;GO:0005739;GO:0006260;GO:0005730;GO:0006286;GO:0043137;GO:0008409;GO:0003677;GO:0005654;GO:0006303;GO:0000287;GO:0001302;GO:0035753;GO:0000734;GO:0005829
Q9UKZ4	GO:0033138;GO:0005634;GO:0008285;GO:0005737;GO:0005856;GO:0005794;GO:0042803;GO:0005783;GO:0050839;GO:0046982;GO:0030838;GO:0043406;GO:0005576;GO:0016363;GO:0006955;GO:0006359;GO:0051491;GO:0048666;GO:0005886;GO:0016607;GO:0005887;GO:0007157;GO:0008201;GO:0043005;GO:0048471;GO:0007399;GO:0007218;GO:0090316
P11869	GO:0022857;GO:0031969;GO:0016021
A4J049	GO:0008759;GO:0009245;GO:0103117;GO:0046872
Q9LV01	GO:0016567;GO:0009873
Q9SV36	GO:0005871;GO:0048364;GO:0005819;GO:0003777;GO:0008017;GO:0008574;GO:0005874;GO:0030705;GO:0016887;GO:0032886;GO:0009524;GO:0005524;GO:0007018
P04694	GO:0042802;GO:0006572;GO:0009058;GO:0006559;GO:0004838;GO:0006103;GO:0005739;GO:0030170;GO:0006520;GO:0014070;GO:0046689;GO:0006536;GO:0016597;GO:0051384;GO:0006979
Q98DD1	GO:0006457;GO:0051082;GO:0005524
Q8E5U3	GO:0000049;GO:0005737;GO:0005524;GO:0004826;GO:0000287;GO:0006432
Q48F92	GO:0003684;GO:0030983;GO:0005524;GO:0006298
B1VXY2	GO:0018339;GO:0051539;GO:0006400;GO:0005737;GO:0046872;GO:0103039
P47108	GO:0016072;GO:0042254;GO:0005730;GO:0006364
A1KLH6	GO:0004366;GO:0016024;GO:0005886;GO:0102420
A6WXJ1	GO:0005737;GO:0002949;GO:0005506;GO:0061711
Q83I86	GO:0009073;GO:0005737;GO:0009423;GO:0003866
P40604	GO:0006629;GO:0016298;GO:0019867
Q70CP7	GO:0006096;GO:0000287;GO:0000015;GO:0004634
B7N251	GO:0004457;GO:0010181;GO:0005886;GO:0019516
P0AG80	GO:0030288;GO:0001407;GO:0015794
Q9P0L1	GO:0000978;GO:0006357;GO:0005634;GO:0000981;GO:0046872
B9MJZ1	GO:0006457;GO:0051082;GO:0005524
P70335	GO:1990776;GO:0035509;GO:0043410;GO:0018105;GO:0048598;GO:0017049;GO:0007266;GO:0032091;GO:0061157;GO:0106003;GO:0140058;GO:1900223;GO:0001726;GO:0005737;GO:0005856;GO:0030027;GO:0032956;GO:1902992;GO:0005814;GO:0007249;GO:0004674;GO:0006468;GO:0070507;GO:0010494;GO:0045664;GO:0030866;GO:0019828;GO:1903140;GO:0000139;GO:0051894;GO:1900242;GO:0097746;GO:0005886;GO:0010508;GO:0030036;GO:0005524;GO:0007010;GO:0022614;GO:1903347;GO:0072518;GO:0010628;GO:0030334;GO:0050900;GO:0003383;GO:1905205;GO:0032059;GO:0050901;GO:1901888;GO:0043524;GO:0032970;GO:0010613;GO:0016525;GO:0072659;GO:1902430;GO:0045616;GO:0006915;GO:0071559;GO:0031032;GO:0110061;GO:0000281;GO:0051451;GO:0018107;GO:0007159;GO:0046872;GO:0032060;GO:0031175
A5I1Z6	GO:0005737;GO:0006096;GO:0004459
P04114	GO:0010884;GO:0033344;GO:0034382;GO:0007283;GO:0034360;GO:0034364;GO:0050750;GO:0071356;GO:0042159;GO:0032496;GO:0001701;GO:0005737;GO:0005788;GO:0010008;GO:0042632;GO:0042953;GO:0070971;GO:0030317;GO:0035473;GO:0043202;GO:0010269;GO:0030669;GO:0009743;GO:0045540;GO:0005576;GO:0008203;GO:0043025;GO:0034379;GO:0042627;GO:0005886;GO:0034374;GO:0031983;GO:0009566;GO:0005829;GO:0002224;GO:0042158;GO:0034371;GO:0032355;GO:0043231;GO:0043687;GO:0010628;GO:0030301;GO:0050900;GO:0061024;GO:0034359;GO:0034383;GO:0010744;GO:0070062;GO:0005789;GO:0034378;GO:0008201;GO:0009615;GO:0034363;GO:0019433;GO:0071379;GO:0034361;GO:0120020;GO:0005790;GO:0006898;GO:0005543;GO:0005769;GO:0010886;GO:0031904;GO:0007399;GO:0048844;GO:0071682;GO:0034447;GO:0034362;GO:0044267;GO:0001523;GO:0006642;GO:0005615;GO:0009791;GO:0005811
K7WIZ6	GO:0016799;GO:0046443;GO:0009644;GO:0008835;GO:0008703;GO:0009231;GO:0050661;GO:0009658;GO:0004159;GO:0009507;GO:1901135
Q8R2H4	GO:0042802;GO:0048208;GO:0016055;GO:0031463;GO:0014029;GO:0014032;GO:0000139;GO:0030127;GO:0030134;GO:0006513;GO:0006888
B6IQ27	GO:0003883;GO:0005524;GO:0046872;GO:0006541;GO:0044210
C1FMZ1	GO:0005737;GO:0006096;GO:0004459
P17473	GO:0044095;GO:0039695;GO:0010628;GO:0003677;GO:0042025;GO:0045893;GO:0050434
Q96IZ5	GO:0005689;GO:0030626;GO:0000398;GO:0097157
A0Q994	GO:0004106;GO:0004664;GO:0042803;GO:0009094
A4G8E6	GO:0004823;GO:0006429;GO:0002161;GO:0005737;GO:0005524
B5ENA8	GO:0046872;GO:0000049;GO:0005737;GO:0005524;GO:0006431;GO:0004825
O70355	GO:0001817;GO:0050852;GO:0050860;GO:0042102;GO:0005102;GO:0016021;GO:0032743;GO:0050776;GO:0009897
E1V8I1	GO:0051538;GO:0097054;GO:0004355;GO:0046872;GO:0006541
Q91ZS8	GO:0042802;GO:0003725;GO:0005634;GO:0008285;GO:0060384;GO:0005654;GO:0005737;GO:0003726;GO:0003723;GO:0044387;GO:0045202;GO:0021618;GO:0006396;GO:0035264;GO:0050884;GO:0016556;GO:0060415;GO:0021610;GO:0021965;GO:0005829;GO:0016553;GO:0006382;GO:0061744;GO:0008251;GO:0006397;GO:0005730;GO:0030336;GO:0007274;GO:0097049;GO:0051726;GO:0046872;GO:0050685;GO:0045070
Q3UDE2	GO:0005819;GO:0005815;GO:0005634;GO:0030496;GO:1990889;GO:0007346;GO:0006464;GO:0005737;GO:0005524;GO:0015631;GO:0060339;GO:0045087
Q64729	GO:0007507;GO:0060982;GO:0018105;GO:0043066;GO:0043627;GO:1905075;GO:0060412;GO:0001525;GO:0043065;GO:0043393;GO:0030307;GO:0051491;GO:0005524;GO:0030199;GO:0010718;GO:0048179;GO:0016361;GO:0060317;GO:0035556;GO:0048185;GO:0048701;GO:0016323;GO:0042118;GO:1905007;GO:0046332;GO:0006915;GO:0005024;GO:0018107;GO:0060978;GO:2001237;GO:0043235;GO:0005901;GO:0001837;GO:0048538;GO:0005114;GO:0007165;GO:0045121;GO:0008584;GO:0005102;GO:0008354;GO:0006355;GO:0003223;GO:0007179;GO:0045893;GO:0060021;GO:0048870;GO:0005886;GO:0016020;GO:0046777;GO:0001822;GO:0001501;GO:0048663;GO:0003222;GO:0008284;GO:0071363;GO:0031625;GO:0016324;GO:0007399;GO:0048844;GO:1902894;GO:0002088;GO:0050431;GO:0048762;GO:0060017;GO:0001701;GO:0071560;GO:0051272;GO:0070723;GO:0006468;GO:0070411;GO:0060391;GO:0032331;GO:0009986;GO:0060389;GO:0060037;GO:0005025;GO:0060043;GO:2001235;GO:0004672;GO:0032924;GO:0010862;GO:0005768;GO:0045602;GO:0010717;GO:1902895;GO:0048705;GO:0031396;GO:0044877;GO:0001938;GO:0005923;GO:0032991;GO:0009791;GO:0051897;GO:0000186;GO:1905223;GO:0010468;GO:0005634;GO:0004674;GO:0051496;GO:0001937;GO:0010628;GO:0001824;GO:0043542;GO:0009952;GO:0030335;GO:0046872
A8ZV51	GO:0003677;GO:0006351;GO:0032549;GO:0003899
A4T6L5	GO:0006096;GO:0005576;GO:0009986;GO:0000015;GO:0004634;GO:0000287
P12785	GO:0016296;GO:0042802;GO:0005737;GO:0102131;GO:0005794;GO:0004312;GO:0006084;GO:0004315;GO:0004313;GO:0004316;GO:0005886;GO:0005829;GO:0031177;GO:0008610;GO:0016295;GO:0042470;GO:0042587;GO:0102132;GO:0004320;GO:0008659;GO:0004314;GO:0004317;GO:0006633;GO:0030879;GO:0071353;GO:0047117;GO:0047451;GO:0008693
Q70LM5	GO:0017000;GO:0016874;GO:0031177;GO:0016853
C5E3S7	GO:0031965;GO:0016021
Q8JVB9	
P96041	GO:0006419;GO:0006400;GO:0002161;GO:0000049;GO:0005737;GO:0004813;GO:0016597;GO:0005524;GO:0008270
Q6P8U6	GO:0046872;GO:0006629;GO:0004806;GO:0016298;GO:0016042;GO:0030299;GO:0005615;GO:0009791;GO:0061365
Q5Z8Q9	GO:0070212;GO:0003950;GO:0005634;GO:0005730;GO:1990404;GO:0003677;GO:0006302
Q3ZX11	GO:0006096;GO:0005576;GO:0009986;GO:0000015;GO:0004634;GO:0000287
Q3K1I9	GO:0000049;GO:0005737;GO:0005524;GO:0004826;GO:0000287;GO:0006432
B7NPB4	GO:0004457;GO:0010181;GO:0005886;GO:0019516
P12954	GO:0032508;GO:1990986;GO:0042262;GO:0005634;GO:0032079;GO:0043138;GO:0003677;GO:0006303;GO:0006281;GO:0045910;GO:0005524;GO:2000042;GO:0000725;GO:0008047
Q96PE6	GO:0000978;GO:0006357;GO:0005634;GO:0000981;GO:0046872
A0L4Z2	GO:0006457;GO:0051082;GO:0005524
Q8NDP4	GO:0006357;GO:0001227;GO:0000790;GO:0000981;GO:0000122;GO:0046872;GO:0000977
A6NKC0	
A0A1U9YI12	GO:0016887;GO:0042626;GO:0005886;GO:0005524;GO:0016021
B8N4P0	GO:0005576;GO:0008233;GO:0046872
Q18FU7	GO:0002101;GO:0005737;GO:0016879;GO:0005524
P80595	GO:0102487;GO:0102488;GO:0102491;GO:0102490;GO:0102489;GO:0102485;GO:0005524;GO:0016021;GO:0102486
Q99MM4	GO:0007005;GO:0005739;GO:0045824;GO:0034097;GO:0008270
Q86V71	GO:0000978;GO:0006357;GO:0046872;GO:0005634;GO:0000981
A4X148	GO:0006457;GO:0051082;GO:0005524
B6YTJ4	GO:0000049;GO:0005737;GO:0005524;GO:0004826;GO:0000287;GO:0006432
P08678	GO:0006171;GO:0005739;GO:0005789;GO:0007188;GO:0005737;GO:0005886;GO:0007265;GO:0005524;GO:0005829;GO:0000287;GO:0007186;GO:0016791;GO:0004016
Q5HHR0	GO:0009380;GO:0016887;GO:0009432;GO:0003677;GO:0006289;GO:0005737;GO:0009381;GO:0005524
C0MBD7	GO:0009380;GO:0009432;GO:0003677;GO:0006289;GO:0005737;GO:0009381;GO:0005524;GO:0004386
P17120	GO:0003777;GO:0008017;GO:0008574;GO:0051301;GO:0005634;GO:0051228;GO:0005876;GO:0000073;GO:0005737;GO:0005524;GO:0090307;GO:0007018
O86365	GO:0016798;GO:0030246;GO:0005975
B4J5B3	GO:0032447;GO:0000049;GO:0002098;GO:0005829;GO:0016779;GO:0034227
Q9ZLW1	GO:0008233;GO:0016887;GO:0009376;GO:0043335;GO:0005524
Q7W993	GO:0008152;GO:0047388;GO:0008882;GO:0000820;GO:0005524;GO:0000287
A2AF47	GO:0005085;GO:0007264;GO:0001782;GO:0051491;GO:0002315;GO:0017048;GO:0005089;GO:0043547
C5CC67	GO:0003924;GO:0003746;GO:0005737;GO:0005525
Q5QY69	GO:0051392;GO:0002101;GO:0000049;GO:0005737;GO:0005524;GO:0051391
Q7XV13	GO:0016702;GO:0016165;GO:0034440;GO:0046872;GO:0031408
Q6S6U0	GO:0003677;GO:0039695;GO:0045893;GO:0042025
P28925	GO:0003677;GO:0039695;GO:0045893;GO:0042025
P77199	GO:0019867
Q9XSR1	GO:0000978;GO:0006357;GO:0005634;GO:0000981;GO:0046872
A5F546	GO:0006412;GO:0016740;GO:0003735;GO:0019843;GO:0015934
C6E4W6	GO:0005525;GO:0005524
E4USI8	GO:0070006;GO:0046872
A6VPZ6	GO:0004851;GO:0043115;GO:0009236;GO:0032259;GO:0051266;GO:0051287;GO:0019354
P52342	GO:0042025;GO:0006260;GO:0003887;GO:0003677;GO:0000166;GO:0039693
A8E4V2	GO:0005737;GO:0005856
Q9LVC6	GO:0051014;GO:0005737;GO:0005856;GO:0051015;GO:0007010;GO:0051693
B1HR71	GO:0006146;GO:0000034
A4FPY4	GO:0006782;GO:0050661;GO:0008883
Q8YPL2	GO:0006007;GO:0006096;GO:0005737;GO:0030145;GO:0046537
Q4UK39	GO:0006065;GO:0003979;GO:0051287;GO:0000271
Q8HZR1	GO:0004601;GO:0005789;GO:0008217;GO:0006954;GO:0004666;GO:0046872;GO:0006979;GO:0051213;GO:0019371;GO:0020037
P9WFP5	GO:0052572;GO:0016226
C5I9X1	GO:0005829;GO:0016620
Q3YT10	GO:0009014;GO:0009089;GO:0050897;GO:0008270;GO:0019877
Q12120	GO:0032259;GO:0047146;GO:0005773;GO:0045122
Q96EG3	GO:0042802;GO:0000978;GO:0006357;GO:0005634;GO:0000981;GO:0046872
F4IFN6	GO:0051539;GO:0008622;GO:0000278;GO:0006287;GO:0008310;GO:0006272;GO:0003887;GO:0003677;GO:0006297;GO:0000166;GO:0008270;GO:0045004
O42721	GO:0005504;GO:0030446;GO:0031505;GO:0005576;GO:0030445;GO:0009277;GO:0005199
Q9ULV4	GO:0007165;GO:0010633;GO:0016328;GO:0030027;GO:0001755;GO:0010008;GO:0044387;GO:0015629;GO:0045202;GO:0001932;GO:0005925;GO:0016600;GO:0051893;GO:0010632;GO:0016197;GO:0051895;GO:0001933;GO:1900024;GO:0007015;GO:0006909;GO:0032587;GO:0090148;GO:0042383;GO:1900027;GO:0010762;GO:1900025;GO:0097750;GO:0048365;GO:0045184;GO:0090630;GO:0005938;GO:0016477;GO:0030017;GO:2000394;GO:0051015;GO:0140285
Q6P0Q8	GO:0048515;GO:0008017;GO:0018105;GO:0035556;GO:0005737;GO:0005886;GO:0019902;GO:0005524;GO:0007010;GO:0000287;GO:0004674;GO:0006468;GO:0015630;GO:0032655
Q9M1K2	GO:0090406;GO:0016324;GO:0010118;GO:0009827;GO:0046488;GO:0009860;GO:0005886;GO:0007164;GO:0005524;GO:0016308;GO:0005829;GO:0006897;GO:0009846
Q2LVL0	GO:0016887;GO:0005886;GO:0005524;GO:0016021;GO:0034040
P9WI60	GO:0004366;GO:0016024;GO:0005886;GO:0102420
P48457	GO:0031505;GO:0000082;GO:0097720;GO:0005516;GO:0005955;GO:0005737;GO:0033192;GO:0004723;GO:0046872
Q2N5Q7	GO:0003677;GO:0006351;GO:0032549;GO:0003899
Q9ZCQ4	GO:0045239;GO:0004333;GO:0006099;GO:0006106
B9FXV5	GO:0003743;GO:0016281;GO:0003729
P27657	GO:0046872;GO:0006629;GO:0004806;GO:0016298;GO:0016042;GO:0030299;GO:0033993;GO:0043434;GO:0005615;GO:0009791;GO:0061365
P00924	GO:0006096;GO:0005739;GO:0005737;GO:0000015;GO:0005886;GO:0032889;GO:0004634;GO:0000287;GO:0000324;GO:1904408;GO:0005829
P59973	GO:0016226
B7KGG9	GO:0006082;GO:0008776;GO:0005737;GO:0005524;GO:0000287;GO:0006085
B1MVW8	GO:0003677;GO:0006351;GO:0032549;GO:0003899
Q88A79	GO:0018189;GO:0004222;GO:0008270
A6L4M4	GO:0046961;GO:0045261;GO:0005886;GO:0005524;GO:0046933
P29376	GO:0010666;GO:0007165;GO:0043066;GO:0006468;GO:0010976;GO:0045664;GO:0014065;GO:0071300;GO:0005886;GO:0016020;GO:0005524;GO:0042127;GO:0005887;GO:0004672;GO:0004713;GO:0008283;GO:0007275;GO:0007169;GO:0004714;GO:0033674;GO:0043235
Q9SAH3	GO:0004674;GO:0005886;GO:0005524;GO:0016021;GO:0006468
P52290	GO:0071944;GO:0001403;GO:0003993;GO:0009277;GO:0007124
Q7N8L0	GO:0003924;GO:0000103;GO:0070814;GO:0005524;GO:0005525;GO:0004781
Q9UEG4	GO:0000978;GO:0006357;GO:0005634;GO:0001228;GO:0046872
Q2UMC1	GO:0005576;GO:0008233;GO:0046872
Q28VY6	GO:0003684;GO:0030983;GO:0005524;GO:0006298
P72394	GO:0008878;GO:0005524;GO:0005978
Q0TJ18	GO:0006400;GO:0016705
C6KTD2	GO:0019904;GO:0042800;GO:0035097;GO:0046872;GO:0051568;GO:0045893
Q8BYH8	GO:0003678;GO:0005634;GO:0003677;GO:0005737;GO:0005524;GO:0006325
A0A0G2JXN2	GO:0099612;GO:1990769;GO:1904115;GO:0001764;GO:0048490;GO:0044304;GO:0000226;GO:0043194;GO:0005856;GO:1901953;GO:0030517;GO:0008270;GO:0001578;GO:1903827;GO:0007409
B0R0D7	GO:0007015;GO:0032587;GO:0090148;GO:0097750;GO:0005938;GO:0016477;GO:0030027;GO:0001755;GO:0010008;GO:0051015;GO:0016197;GO:0015629;GO:0140285
Q0P8T1	GO:0044781;GO:0016051;GO:0016829;GO:0016765
O97930	GO:0000978;GO:0006357;GO:0005634;GO:0000981;GO:0005667;GO:0005783;GO:0005829
Q8C398	GO:0032216;GO:0005789;GO:0006506;GO:0016021;GO:0072659
P0A375	GO:0009405;GO:0090729;GO:0005102;GO:0030435
P03162	GO:0090502;GO:0006260;GO:0003964;GO:0003887;GO:0003677;GO:0004523;GO:0046872
Q97FP8	GO:0006094;GO:0006096;GO:0005737;GO:0004347
Q69014	GO:0039694;GO:0006351;GO:0018144;GO:0030430;GO:0006260;GO:0004197;GO:0003968;GO:0003724;GO:0005524;GO:0003723;GO:0019028
A1KI36	GO:0046872;GO:0004149;GO:0008683;GO:0006099;GO:0050439;GO:0030976;GO:0004591
B8FNT7	GO:0042026;GO:0005737;GO:0051082;GO:0005524
B0SCC0	GO:0042026;GO:0005737;GO:0051082;GO:0005524
B1W463	GO:0006526;GO:0044205;GO:0005524;GO:0046872;GO:0004088
Q02171	GO:0030016;GO:0003774;GO:0016459;GO:0032982
Q7NGP0	GO:0000049;GO:0005737;GO:0005524;GO:0004826;GO:0000287;GO:0006432
Q8PHZ5	GO:0005524;GO:0004363;GO:0046872
Q4WZ44	GO:0044550;GO:0019184;GO:0016874;GO:0009405;GO:0005737;GO:0019748;GO:0031177;GO:0043041
Q80XJ3	GO:0005813;GO:0051301;GO:0007049;GO:0097431;GO:0030496;GO:1990023;GO:0007346;GO:0005737;GO:0072686;GO:0019900
A1XIP9	GO:0039694;GO:0006351;GO:0018144;GO:0006260;GO:0004197;GO:0003968;GO:0003724;GO:0033644;GO:0005524;GO:0016021;GO:0003723
Q5NRM4	GO:0004851;GO:0043115;GO:0009236;GO:0032259;GO:0051266;GO:0051287;GO:0019354
A8GFF9	GO:0003700;GO:0019217;GO:0000062;GO:0006631;GO:0003677;GO:0005737
Q2U059	GO:0008926;GO:0019594
O60547	GO:0042802;GO:0042351;GO:0070062;GO:0070401;GO:0008446;GO:0005737;GO:0019673;GO:0007219;GO:0005829
A1CUJ5	GO:0005773;GO:0004185
P0CM78	GO:0051731;GO:0005634;GO:0005730;GO:0006396;GO:0000448;GO:0006364;GO:0005524
A8A670	GO:0004457;GO:0010181;GO:0005886;GO:0019516
A1T4L5	GO:0003924;GO:0003746;GO:0005737;GO:0005525
Q98AV7	GO:0051539;GO:0005737;GO:0008987;GO:0046872;GO:0009435
P14137	GO:0033327;GO:0005739;GO:0010332;GO:0071356;GO:0008584;GO:0071560;GO:0071372;GO:0043627;GO:0071320;GO:0051412;GO:0044344;GO:0010212;GO:0051591;GO:0046686;GO:0021766;GO:0030061;GO:0008203;GO:0018894;GO:0043279;GO:0061370;GO:0017085;GO:0007617;GO:0008386;GO:0071236;GO:0043204;GO:0042542;GO:0071375;GO:0006082;GO:0018879;GO:0015485;GO:0018963;GO:0046677;GO:0060014;GO:0071222;GO:0034698;GO:0034650;GO:0014070;GO:0021549;GO:0033591;GO:0033197;GO:0043434;GO:0020037;GO:0043200;GO:0060992;GO:0007584;GO:0005743;GO:0009651;GO:0006704;GO:0010033;GO:0014037;GO:0060135;GO:0071347;GO:0071371;GO:0018958;GO:0006700;GO:0033595;GO:0042493;GO:0048545;GO:0005506;GO:0006694;GO:0071276
A6GXW3	GO:0019464;GO:0008483;GO:0004047
Q00657	GO:0042995;GO:0019901;GO:0001726;GO:0050731;GO:0006929;GO:0001525;GO:0048771;GO:0097178;GO:0009986;GO:0005886;GO:0031258;GO:0005887;GO:0015026;GO:0048008;GO:0006954;GO:0008283;GO:0035556;GO:0007169;GO:0016322;GO:0000187;GO:0010226;GO:0005518;GO:0016324;GO:0008347;GO:0010977
Q3Z6P1	GO:0006457;GO:0051082;GO:0005524
P25549	GO:0042597;GO:0004065;GO:0046872
A8L3U5	GO:0006420;GO:0005737;GO:0004814;GO:0005524
P54482	GO:0051539;GO:0016114;GO:0005506;GO:0046429;GO:0019288
Q9LJJ5	GO:0016887;GO:0009651;GO:0005524
P78612	GO:0042318;GO:1900198;GO:0071467;GO:1900376;GO:0005737;GO:0015031
Q42560	GO:0006102;GO:0003994;GO:0005507;GO:0047780;GO:0051539;GO:0009506;GO:1990641;GO:0005739;GO:0006101;GO:0006099;GO:0005886;GO:0005829;GO:0048046;GO:0048027;GO:0005773
Q9D952	GO:0045104;GO:0030057;GO:0030216;GO:0042060;GO:0045111;GO:0005737;GO:0016020;GO:0019215;GO:0031424;GO:0005198;GO:0005829;GO:0018149;GO:0001533
Q72I01	GO:0003924;GO:0003746;GO:0005737;GO:0005525
Q9Z913	GO:0006541;GO:0003922;GO:0005524;GO:0016462
Q9ZDD6	GO:0003755
Q55428	GO:0000049;GO:0008033;GO:0000166;GO:0046872;GO:0016779
P0CO80	GO:0032865;GO:0008289;GO:0000002;GO:1990456;GO:0030176;GO:0045040;GO:0005783;GO:0070096;GO:0015914
Q048Y4	GO:0003684;GO:0030983;GO:0005524;GO:0006298
P14056	GO:0004672;GO:0033138;GO:0005739;GO:0032006;GO:0004709;GO:0032434;GO:0035556;GO:0043066;GO:0005524;GO:0046872;GO:0005829;GO:0004674;GO:0006468
Q7T3S3	GO:0008045;GO:0030206;GO:0047756;GO:0016051;GO:0000139;GO:0007517;GO:0030166;GO:0016021;GO:0008146
Q9P7K9	GO:0005634;GO:0005829;GO:0005737;GO:0004029
A7GL00	GO:0030170;GO:0005737;GO:0006782;GO:0042286;GO:0008483
Q5X4I9	GO:0006541;GO:0003922;GO:0005524;GO:0016462
O06979	GO:0004673;GO:0046777;GO:0000155;GO:0005524;GO:0009927;GO:0005887
Q1IBP0	GO:0009039;GO:0005737;GO:0016151;GO:0043419
Q0KK59	GO:0030534;GO:0048149;GO:0035264;GO:0016021
Q61909	GO:0042802;GO:0006351;GO:0045892;GO:0045599;GO:0016363;GO:0046872;GO:0005634;GO:0051101;GO:0017053;GO:0003714;GO:0005654;GO:0045444;GO:0006355;GO:0010977
P10287	GO:0030054;GO:0022405;GO:0032773;GO:0007156;GO:0005737;GO:1902910;GO:0051796;GO:0045296;GO:0090263;GO:0042060;GO:0032912;GO:0098609;GO:0005912;GO:0031424;GO:0005886;GO:0016021;GO:0016342;GO:0010628;GO:0005509;GO:0001895;GO:0043568;GO:0048023;GO:0042493;GO:0010838;GO:0098742;GO:0060901
Q4P209	GO:0004672;GO:0005634;GO:0006281;GO:0006468;GO:0006325
P92969	GO:0003677;GO:0006390;GO:0034245;GO:0003899
A1RNY7	GO:0018339;GO:0051539;GO:0006400;GO:0005737;GO:0046872;GO:0103039
P43864	GO:0034605;GO:0004176;GO:0043565;GO:0005737;GO:0005524;GO:0006515;GO:0004252
Q9ESP5	GO:0000981;GO:0008285;GO:0021895;GO:0000122;GO:0006355;GO:0021853;GO:0045893;GO:0045666;GO:0000978;GO:0016358;GO:0048664;GO:0003682;GO:0000976;GO:0021797;GO:0001227;GO:0000790;GO:0043697;GO:0050767;GO:0043565;GO:0030900;GO:0045665;GO:1902667;GO:0001228;GO:0021537;GO:0021902;GO:0046872;GO:0007413;GO:0007626;GO:0021542
A1S6Q9	GO:0051539;GO:0016830;GO:0009229;GO:0009228;GO:0008270
Q77Z83	GO:0003677;GO:0016032;GO:0042025;GO:0006355
Q58EX2	GO:0007156;GO:0010842;GO:0005886;GO:0007416;GO:0045216;GO:0016021;GO:0060219;GO:0045202
P08838	GO:0009401;GO:0005737;GO:0016301;GO:0046872;GO:0008965
Q9Z429	GO:0006935;GO:0007165;GO:0004888;GO:0005886;GO:0016021
B1LFA2	GO:1905887;GO:0016887;GO:0042626;GO:0005886;GO:0005524;GO:0016021
Q2JW99	GO:0065002;GO:0006605;GO:0042651;GO:0005737;GO:0005886;GO:0017038;GO:0005524
Q7Q373	GO:0071568;GO:0005789;GO:0032434;GO:1990592;GO:0034976
Q9X783	GO:0006308;GO:0009318;GO:0008855;GO:0003676;GO:0005737
Q9UPN3	GO:0005737;GO:0005856;GO:0005794;GO:0005198;GO:0003723;GO:0015629;GO:0045296;GO:0045104;GO:0016055;GO:0042060;GO:0003779;GO:0051011;GO:0051893;GO:0005886;GO:0016020;GO:0010632;GO:0032886;GO:0005509;GO:0030334;GO:0045773;GO:0032587;GO:0016887;GO:0043001;GO:0030177;GO:0150011;GO:0005874;GO:0051015
Q2RKZ1	GO:0004823;GO:0006429;GO:0002161;GO:0005737;GO:0005524
Q11KP9	GO:0042744;GO:0004096;GO:0046872;GO:0006979;GO:0020037
Q8CDA1	GO:0031161;GO:2000145;GO:0043812;GO:0001921;GO:0005737;GO:0042803;GO:0052833;GO:0030424;GO:0055037;GO:0072583;GO:0034596;GO:0043025;GO:0030425;GO:0043231;GO:0045334;GO:0008344;GO:0014898;GO:0048681;GO:0046856;GO:0005905;GO:0005769;GO:0033137;GO:0042532;GO:0051896;GO:0008934;GO:2001135;GO:0048015;GO:0034595;GO:0052832
Q4L818	GO:0004645;GO:0006206;GO:0046872;GO:0006213;GO:0016154
Q04538	GO:0039694;GO:0003725;GO:0039502;GO:0042025;GO:0019031;GO:0039564;GO:0004483;GO:0075512;GO:0005198;GO:0005576;GO:0044220;GO:0004482;GO:0005524;GO:0016021;GO:0019028;GO:0003724;GO:0003968;GO:0039654;GO:0055036;GO:0046983;GO:0039563;GO:0044167;GO:0046872;GO:0039520;GO:0019062;GO:0004252
Q98902	GO:0045773;GO:0044295;GO:0007155;GO:0005886;GO:0016021
A4IR31	GO:0006457;GO:0051082;GO:0005524
Q3SZL0	GO:0005634;GO:0006954;GO:0043565;GO:0008270;GO:0045087;GO:0004879
Q4WLW5	GO:1900781;GO:0019184;GO:0016874;GO:0000036;GO:0009405;GO:0005737;GO:0019748;GO:0031410;GO:0031177
O23826	GO:0005819;GO:0008017;GO:0008574;GO:0005874;GO:0005737;GO:0005524;GO:0007018
Q5AI86	GO:0016282;GO:0001732;GO:0002183;GO:0035690;GO:0003743;GO:0003723;GO:0033290;GO:0071541
Q8CVS2	GO:0042597;GO:0004222;GO:0046872
Q9FKP4	GO:0009903;GO:0003777;GO:0008017;GO:0005874;GO:0031022;GO:0005886;GO:0005524;GO:0007018;GO:0005829;GO:0009904
A8ADB3	GO:0051392;GO:0002101;GO:0000049;GO:0005737;GO:0005524;GO:0051391
P27865	GO:0003697;GO:0008094;GO:0009432;GO:0006281;GO:0005737;GO:0006310;GO:0005524;GO:0003684
Q2J4P8	GO:0042026;GO:0005737;GO:0051082;GO:0005524
Q8RWT8	GO:0048481;GO:0007005;GO:0005739;GO:0004828;GO:0097056;GO:0006434;GO:0000049;GO:0070158;GO:0005524;GO:0009658;GO:0005829;GO:0009507
B3LVW5	GO:0047555;GO:0005634;GO:0007165;GO:0005737;GO:0005886;GO:0016020;GO:0046872;GO:0046068
Q6YQV9	GO:0003924;GO:0003746;GO:0005737;GO:0005525
Q0C7E3	GO:0031902;GO:0005794;GO:0015031;GO:0016021
Q8C7Q4	GO:0035198;GO:0030332;GO:0005634;GO:0035773;GO:0045292;GO:0005654;GO:0005737;GO:0046626;GO:0003723;GO:0046822;GO:0032922;GO:0010494;GO:0042593;GO:0002192;GO:0046685;GO:0043153;GO:0003729;GO:0097158;GO:0016607;GO:0045727;GO:0005829;GO:0097167;GO:0035883;GO:0002190;GO:0045947;GO:0005730;GO:0097157;GO:0032055;GO:0051149;GO:0031016;GO:0048471;GO:0035278;GO:0036002;GO:0017148;GO:0008270;GO:0003730;GO:0000381;GO:0010468
B1YT09	GO:0006096;GO:0005576;GO:0009986;GO:0000015;GO:0004634;GO:0000287
A1KHP8	GO:0006308;GO:0009318;GO:0008855;GO:0003676;GO:0005737
Q46HB7	
P36916	GO:0005525;GO:0003924;GO:0006974
A6LJ30	GO:0042026;GO:0005737;GO:0051082;GO:0005524
A9W9U3	GO:0003852;GO:0019439;GO:0008701;GO:0030145;GO:0005829;GO:0009098
Q03VW4	GO:0000287;GO:0008966;GO:0005975
B7UP69	GO:0006400;GO:0016705
P52854	GO:0003924;GO:0003746;GO:0005737;GO:0005525
Q8LLE5	
Q5JTZ9	GO:0006419;GO:0006400;GO:0005739;GO:0002161;GO:0000049;GO:0004813;GO:0016597;GO:0005524;GO:0008270;GO:0070143
Q6C835	GO:0005634;GO:0005730;GO:0003724;GO:0006364;GO:0005524;GO:0003723;GO:0042254
Q9R1L5	GO:0008017;GO:0018105;GO:0007420;GO:0035556;GO:0005856;GO:0005737;GO:0043005;GO:0004674;GO:0006468;GO:0030424;GO:0043025;GO:0005886;GO:0016020;GO:0030425;GO:0005524;GO:0007010;GO:0000287
Q06106	GO:0034462;GO:0030686;GO:0005634;GO:0005730;GO:0071014;GO:0003729;GO:0000447;GO:0005737;GO:0000480;GO:0042134;GO:0071028;GO:1990904;GO:0016973;GO:0000472;GO:2000815
M3A326	GO:0006633;GO:0004315;GO:0031177
Q99KW3	GO:0120044;GO:0007015;GO:0051301;GO:0007049;GO:0005815;GO:0032420;GO:0005634;GO:0030496;GO:0120043;GO:0051017;GO:1900026;GO:0007605;GO:0005737;GO:0032437;GO:0051015;GO:0031625;GO:0015629;GO:0060088
Q63068	GO:0015030;GO:0005813;GO:0005634;GO:0006408;GO:0015643;GO:0043025;GO:0005737;GO:0003723;GO:0015031
Q6D8E2	GO:0003746;GO:0005737
Q8C0W1	GO:0046872
O80528	GO:0035407;GO:0072354;GO:0000278;GO:0005634;GO:0035402;GO:0035556;GO:0005737;GO:0005856;GO:0009524;GO:0072355;GO:0005694;GO:0005524;GO:0004674;GO:0048471
Q9HFE8	GO:0016573;GO:0006357;GO:1903508;GO:0005634;GO:0006338;GO:0070209;GO:0003712;GO:0000124;GO:0006355;GO:0010674
Q0UI02	GO:0032259;GO:0004497;GO:0008171;GO:0071949
Q6CME1	GO:1904263;GO:0035859;GO:0097042;GO:0046872
Q8TUM4	GO:0005829;GO:0016149;GO:1990825;GO:0018444
Q92817	GO:0045104;GO:0030057;GO:0030216;GO:0042060;GO:0070062;GO:0008544;GO:0045111;GO:0005737;GO:0016020;GO:0019215;GO:0070268;GO:0005198;GO:0005829;GO:0045296;GO:0018149;GO:0001533
Q5E7G5	GO:0006419;GO:0000049;GO:0005737;GO:0004813;GO:0005524;GO:0008270
Q02759	GO:0034116;GO:0051120;GO:1901074;GO:0005737;GO:0030838;GO:0035358;GO:0006646;GO:0031234;GO:0046456;GO:2001303;GO:0019369;GO:0042060;GO:0071277;GO:0019395;GO:0016165;GO:0050473;GO:0051122;GO:0005886;GO:0016020;GO:0034440;GO:0005829;GO:0010811;GO:0016702;GO:0001503;GO:0050727;GO:0006629;GO:0005546;GO:0002820;GO:0043277;GO:0043651;GO:0019372;GO:0042383;GO:0045794;GO:0070374;GO:0035963;GO:0004052;GO:0019870;GO:0030282;GO:0005506;GO:0042391;GO:0047977;GO:0034976;GO:0005811
Q9SRX9	GO:0009627;GO:0042742;GO:0005634;GO:0009751;GO:0009626;GO:0010337;GO:0005886;GO:0009697;GO:0010167;GO:0016607;GO:0046872;GO:0004842;GO:0080021
Q8NHY3	GO:0060296;GO:0008017;GO:0008093;GO:0001965;GO:0005737;GO:0005886;GO:0007026;GO:0045745;GO:0051015;GO:0001578;GO:0051764;GO:0036064;GO:1904825;GO:0031110;GO:0000226
Q9GLP1	GO:0031091;GO:0005507;GO:0005576;GO:0007596;GO:0008015
P0CV30	GO:0009405;GO:0020002;GO:0005576;GO:0016020
Q4U0G1	GO:0005828;GO:0000777;GO:0007020;GO:0043515;GO:0005815;GO:0007049;GO:0031023;GO:0051010;GO:0051301;GO:0005794;GO:0005881;GO:0034453
Q8WTE7	GO:0004984;GO:0007165;GO:0042048;GO:0007608;GO:0005886;GO:0016021;GO:0050911;GO:0005549
A3BXL8	GO:0042626;GO:0005524;GO:0016021
B3EER8	GO:0009317;GO:0016743;GO:0003989;GO:0006633;GO:0005524;GO:2001295
O49561	GO:0009686;GO:0052635;GO:0009685;GO:0046872;GO:0051213
Q6FS70	GO:0004535;GO:0003676;GO:0006397;GO:0006301;GO:0031251;GO:0046872;GO:0000289
A0JNA2	GO:0005886;GO:0016021
Q96SE7	GO:0000978;GO:0006357;GO:0046872;GO:0005634;GO:0000981
Q6ZN57	GO:0000978;GO:0006357;GO:0005634;GO:0000981;GO:0046872
A3DGF8	GO:0009039;GO:0005737;GO:0016151;GO:0043419
Q8WML3	GO:0016573;GO:0008134;GO:0045892;GO:0006334;GO:0043966;GO:0000786;GO:0003677;GO:0046872;GO:0004402;GO:0045893;GO:0016407;GO:0070776
Q54RD6	GO:0004721;GO:0005886;GO:1905742;GO:0046872
Q28107	GO:0031091;GO:0005507;GO:0005576;GO:0007596;GO:0008015
B0TZJ8	GO:0019464;GO:0008483;GO:0004047
A8SEE7	GO:0016887;GO:0009570;GO:0005524
O88544	GO:0030054;GO:0008021;GO:0016607;GO:0008180;GO:0000338;GO:0005829
Q45VK7	GO:0060976;GO:0007507;GO:0008569;GO:0045880;GO:0016485;GO:0021522;GO:0009953;GO:0005868;GO:0005794;GO:0060271;GO:0030326;GO:0031514;GO:0007018;GO:0045505;GO:0051959;GO:0030900;GO:0007368;GO:0030182;GO:0030286;GO:0005874;GO:0005886;GO:0007030;GO:0005930;GO:0005524;GO:0001822;GO:0035721;GO:1905515;GO:0045177;GO:0061512
A5U1U6	GO:0046872;GO:0004149;GO:0008683;GO:0006099;GO:0050439;GO:0030976;GO:0004591
B0KJB2	GO:0000287;GO:0000162;GO:0004048
A1A9V1	GO:0006400;GO:0016705
Q5PPN7	GO:0031305;GO:0062157;GO:0071805;GO:0034705;GO:0062156
Q5TM68	GO:0005634;GO:0006281;GO:0007049;GO:0005694
G3FEX6	GO:0039694;GO:0003725;GO:0039502;GO:0042025;GO:0019031;GO:0039564;GO:0004483;GO:0075512;GO:0005198;GO:0005576;GO:0044220;GO:0004482;GO:0005524;GO:0016021;GO:0019028;GO:0003724;GO:0003968;GO:0039654;GO:0039574;GO:0055036;GO:0046983;GO:0039563;GO:0044167;GO:0046872;GO:0039520;GO:0019062;GO:0004252
P19735	GO:0046540;GO:0071001;GO:0000398;GO:0000244;GO:0071013
Q8DU81	GO:0006541;GO:0003922;GO:0005524;GO:0016462
Q8XBV9	GO:0009366;GO:0016788;GO:0047527;GO:0005886;GO:0005524;GO:0005829;GO:0009239;GO:0016779;GO:0031177;GO:0043041
Q8N4N8	GO:0005813;GO:0005819;GO:0051301;GO:0007019;GO:0045171;GO:0005524;GO:0005829;GO:0015630;GO:0051983;GO:0005871;GO:0008017;GO:0016887;GO:0005730;GO:0072686;GO:0007018;GO:0006890;GO:0000777;GO:0003777;GO:0005874;GO:0019886;GO:0051310
O88818	GO:0005509;GO:0051017;GO:0051015;GO:0005737
A7ZE26	GO:0016773;GO:0033785;GO:0097171;GO:0033786;GO:0005524
Q0RDR2	GO:0051539;GO:0046429;GO:0019288;GO:0005506;GO:0016114
Q7V1I9	GO:0009380;GO:0009432;GO:0003677;GO:0006289;GO:0005737;GO:0009381
Q9Y570	GO:0051721;GO:0019901;GO:0005654;GO:0051723;GO:0019903;GO:0000086;GO:0019888;GO:0051722;GO:0045296;GO:0006482;GO:0004864
Q6GI31	GO:0009253;GO:0005576;GO:0033925;GO:0008745;GO:0071555;GO:0004040
B5XNL5	GO:0051539;GO:0046429;GO:0019288;GO:0005506;GO:0016114
Q9ZIQ0	GO:0003697;GO:0008094;GO:0009432;GO:0006281;GO:0005737;GO:0006310;GO:0005524;GO:0003684
Q66675	GO:0043657;GO:0075733;GO:0019033
P67424	GO:0009380;GO:0016887;GO:0009432;GO:0003677;GO:0006289;GO:0005737;GO:0009381;GO:0005524
Q9PKY3	GO:0051539;GO:0046429;GO:0019288;GO:0005506;GO:0016114
Q9FMM3	GO:0042742;GO:0000932;GO:0030371;GO:0002237;GO:0009737;GO:0060548;GO:0003729;GO:0009536;GO:0012501;GO:0031347;GO:0051607;GO:0005829;GO:0002229;GO:0050832
Q8JU62	GO:0039624;GO:0004482;GO:0004484;GO:0005524;GO:0005525
Q6CU64	GO:0005886;GO:0072659
O58677	GO:0006196;GO:0015977;GO:0016984;GO:0016491;GO:0000287
Q02XG6	GO:0004828;GO:0016260;GO:0097056;GO:0006434;GO:0005737;GO:0005524
P14336	GO:0039694;GO:0003725;GO:0039502;GO:0042025;GO:0019031;GO:0039564;GO:0004483;GO:0075512;GO:0005198;GO:0005576;GO:0044220;GO:0004482;GO:0005524;GO:0016021;GO:0019028;GO:0003724;GO:0003968;GO:0039654;GO:0055036;GO:0046983;GO:0039563;GO:0044167;GO:0046872;GO:0039520;GO:0019062;GO:0004252
P37659	GO:0005886;GO:0030244;GO:0016021;GO:0003824
K0E4D7	GO:0031177;GO:0016874;GO:0016853
P06835	GO:0008422;GO:0102483;GO:0030245
Q2JS69	GO:0051539;GO:0046429;GO:0019288;GO:0005506;GO:0016114
Q0RD93	GO:0006420;GO:0005737;GO:0004814;GO:0005524
B1X0G3	GO:0051539;GO:0006777;GO:0019008;GO:1904047;GO:0046872;GO:0005525;GO:0061798
Q8QZR1	GO:0042802;GO:0006572;GO:0009058;GO:0006559;GO:0004838;GO:0006103;GO:0005739;GO:0030170;GO:0006520;GO:0014070;GO:0046689;GO:0006536;GO:0016597;GO:0051384;GO:0006979
A6UUG9	GO:0004000;GO:0090613;GO:0006556;GO:0046872;GO:0050270
Q1PFB9	GO:0040008;GO:0005634;GO:0009826;GO:0009860;GO:0005737;GO:0005886;GO:0016301;GO:0005524;GO:0004674;GO:0006468
P54495	GO:0004340;GO:0005737;GO:0006096;GO:0005524
Q4KE22	GO:0032259;GO:0009086;GO:0003871;GO:0008270
Q99NG0	GO:0003678;GO:0005634;GO:0019901;GO:0016887;GO:0003677;GO:0003712;GO:0005524;GO:0016607;GO:0045944
B1AX39	GO:0003676;GO:0005829;GO:0005730;GO:0008270
P39142	GO:0004645;GO:0006206;GO:0009032;GO:0046872;GO:0005829;GO:0006213;GO:0016154
Q8RWE9	GO:0022857;GO:0009506;GO:0016021
P49955	GO:0071004;GO:0003729;GO:0000245;GO:0005686;GO:0000398;GO:0071013
B8FUN6	GO:0003677;GO:0045892
E3W203	GO:0000287;GO:0010333
Q89VE8	GO:0005737;GO:0004585;GO:0016597;GO:0019240;GO:0042450
C0QVZ4	GO:0003924;GO:0003746;GO:0005737;GO:0005525
P15424	GO:0005759;GO:0000963;GO:0000373;GO:0005739;GO:0000372;GO:0005634;GO:0006397;GO:0003729;GO:0003724;GO:0033592;GO:0006417;GO:0006364;GO:0005524;GO:0003723;GO:0006392;GO:0034337
A8ZRW3	GO:0006457;GO:0051082;GO:0005524
Q65EF7	GO:0000105;GO:0005737
Q6FXE3	GO:0005759;GO:0003870;GO:0030170;GO:1902117;GO:0006782
B7MTI7	GO:0006400;GO:0016705
B2SNG3	GO:0051539;GO:0016830;GO:0009229;GO:0009228;GO:0008270
Q0VGE8	GO:0000978;GO:0006357;GO:0005634;GO:0000981;GO:0046872
Q5KQL9	GO:0003677;GO:0003682;GO:0005634;GO:0003886
A0A0H3LKL4	GO:0043731;GO:0019439;GO:0071949
Q9SLG9	GO:0090406;GO:0016324;GO:0009827;GO:0046488;GO:0009860;GO:0016308;GO:0005524;GO:0005829;GO:0009846
Q5ZKK5	GO:0036126;GO:0007283;GO:0005874;GO:0000922;GO:0005737;GO:0007275;GO:0005814;GO:0030154
A3MS62	GO:0051301;GO:0007049;GO:0006260;GO:0003910;GO:0003677;GO:0051103;GO:0006310;GO:0005524;GO:0046872;GO:0071897
O83540	GO:0046933;GO:0005524;GO:0042777
Q5CZA5	GO:0000978;GO:0006357;GO:0046872;GO:0005634;GO:0000981
G5EGM1	GO:0034769;GO:0004222;GO:0008237;GO:0031012;GO:0016021;GO:0009986;GO:0030574;GO:0008270;GO:0005615;GO:0016323;GO:0030198
Q32J22	GO:0080030
G5E8Z2	GO:0006366;GO:0051059;GO:0006357;GO:0007283;GO:2000648;GO:0005669;GO:0005667;GO:0003677;GO:0005654;GO:0005737;GO:0048477;GO:0046982;GO:0001650;GO:0006367
P9WMS6	GO:0006541;GO:0003922;GO:0005524;GO:0016462
O56860	GO:0075521;GO:0042025;GO:0044163;GO:0003677;GO:0044220;GO:0019013;GO:0003723;GO:0046718;GO:0019076
Q9Y2H9	GO:0008017;GO:0018105;GO:0007420;GO:0035556;GO:0005856;GO:0005737;GO:0043005;GO:0004674;GO:0006468;GO:0030424;GO:0043025;GO:0005886;GO:0030425;GO:0005524;GO:0007010;GO:0000287
O64967	GO:0042282;GO:0016126;GO:0005789;GO:0004420;GO:0015936;GO:0008299;GO:0031966;GO:0016021;GO:0005778;GO:0042170
O74759	GO:0016573;GO:0042393;GO:0043972;GO:0044154;GO:0005737;GO:0008270;GO:0070647;GO:0006974;GO:0070776;GO:0036410;GO:0033100
Q8NCM8	GO:0045880;GO:0016485;GO:0021522;GO:0005868;GO:0005794;GO:0005929;GO:0030326;GO:0031514;GO:0045177;GO:0051959;GO:0003774;GO:0030286;GO:0005886;GO:0007030;GO:0035721;GO:0005524;GO:0001822;GO:0005930;GO:0045505;GO:1905515;GO:0060976;GO:0070062;GO:0009953;GO:0060271;GO:0007018;GO:0030900;GO:0035735;GO:0007368;GO:0005874;GO:0097542;GO:0061512;GO:0008569
O55519	GO:0016032;GO:0030430;GO:0039624
Q8K4B0	GO:0005634;GO:0001103;GO:0005654;GO:0005737;GO:0000122;GO:0005794;GO:1902499;GO:0005783;GO:0010212;GO:0019899;GO:0032922;GO:0000978;GO:0042826;GO:0043153;GO:0045475;GO:0005829;GO:0043231;GO:0003682;GO:0016581;GO:0016575;GO:0003714;GO:0005635;GO:0040029;GO:0033363;GO:0005874;GO:0003713;GO:0043161;GO:0008270;GO:0006302
Q8XD86	GO:0003678;GO:0003677;GO:0006281;GO:0006310;GO:0005524
A8H566	GO:0051539;GO:0016830;GO:0009229;GO:0009228;GO:0008270
Q04GY7	GO:0003678;GO:0008408;GO:0000724;GO:0005524;GO:0003690
A1AHE2	GO:0004457;GO:0010181;GO:0005886;GO:0019516
P34498	GO:0005681;GO:0040022;GO:0003724;GO:0005524;GO:0000398;GO:0003723
Q02108	GO:0038023;GO:0008074;GO:0006182;GO:0008217;GO:0060087;GO:0010750;GO:0005525;GO:0007263;GO:0004383;GO:0008015;GO:0020037
Q5UQL9	
B0R5F0	GO:0004812;GO:0050567;GO:0005737;GO:0005524;GO:0006412
Q0CW83	GO:0005737;GO:0030435;GO:0046872
Q69ZR2	GO:0060708;GO:0046872;GO:0003170;GO:0001892;GO:0003281;GO:0001779;GO:1903077;GO:0001843;GO:0048856;GO:0061630;GO:0070534;GO:0035904;GO:0060707;GO:0051865
Q2KHZ9	GO:0005759;GO:0046949;GO:0004361;GO:0000062;GO:0050660;GO:0033539;GO:0006568
Q5V1C1	GO:0019556;GO:0019557;GO:0005737;GO:0050480;GO:0008270;GO:0005506
B7ULG1	GO:0004457;GO:0010181;GO:0005886;GO:0019516
Q9JZ20	GO:0000920;GO:0004222
Q4WAZ6	GO:0004497;GO:0016705;GO:0005506;GO:0016021;GO:1902086;GO:0016114;GO:0020037
Q63633	GO:0060996;GO:1902476;GO:0019901;GO:0007612;GO:0043198;GO:0045202;GO:0006811;GO:0055064;GO:0051452;GO:0032590;GO:0035264;GO:0043025;GO:0005886;GO:0055075;GO:0016021;GO:0043204;GO:0006813;GO:0005887;GO:0008519;GO:0030644;GO:0071944;GO:0006873;GO:0043005;GO:0040040;GO:0007268;GO:1990573;GO:0006821;GO:0015108;GO:0042493;GO:0006971;GO:0015696;GO:0015379;GO:0006884
Q4YCF6	GO:0008289;GO:0009566;GO:0005887;GO:0007342
Q6L3Z4	GO:0009626;GO:0005737;GO:0016020;GO:0005524;GO:0043531
E0ZS48	GO:0006807;GO:0009039;GO:0016151;GO:0043419
P05824	GO:0043590;GO:0009411;GO:0036298;GO:0009432;GO:0000724;GO:0005524;GO:0005829;GO:0000725;GO:0010212;GO:0010165;GO:0006302;GO:0009314;GO:0006974
Q9SRH9	GO:0045892;GO:0005634;GO:0016575;GO:0003714;GO:0000118;GO:0000122;GO:0000785
Q98DN7	GO:0003677;GO:0045892
F5HFD2	
Q8XZG4	GO:0006541;GO:0003922;GO:0005524;GO:0016462
P54719	GO:0016887;GO:0055085;GO:0042626;GO:0005886;GO:0005524;GO:0016021
A7NFI9	GO:0006096;GO:0005576;GO:0009986;GO:0000015;GO:0004634;GO:0000287
Q6IE81	GO:0043981;GO:0005634;GO:0005654;GO:0005737;GO:0090090;GO:0036064;GO:0000123;GO:0043983;GO:0030308;GO:0006915;GO:2000134;GO:0043966;GO:0003713;GO:0005886;GO:0016607;GO:0005694;GO:0046872;GO:0005829;GO:0043982
B0JJJ8	GO:0051539;GO:0046429;GO:0019288;GO:0005506;GO:0016114
B5EFP3	GO:0003677;GO:0006351;GO:0032549;GO:0003899
Q6NSJ2	GO:0019899
A1TAC7	GO:0046677;GO:0050071;GO:0006629;GO:0006430;GO:0003677;GO:0005737;GO:0004824;GO:0005886;GO:0005524;GO:0016021;GO:0000287
Q54J98	GO:0005737;GO:0005096;GO:0007165
Q5S007	GO:0016242;GO:0044325;GO:1904469;GO:1901727;GO:0007005;GO:0018105;GO:0032091;GO:0044753;GO:0021756;GO:0005654;GO:0005798;GO:0042803;GO:0030672;GO:1901214;GO:0005525;GO:0060079;GO:2000172;GO:0004722;GO:0030276;GO:0030425;GO:0031647;GO:0005524;GO:0005829;GO:0090140;GO:0032436;GO:0003924;GO:0022028;GO:0005789;GO:1904713;GO:0035556;GO:0004708;GO:0035640;GO:0036479;GO:0005902;GO:0035751;GO:0016234;GO:0030426;GO:0018107;GO:0009267;GO:0097487;GO:0042391;GO:0031966;GO:0000287;GO:0006897;GO:0032092;GO:0000149;GO:0070997;GO:0005739;GO:0043068;GO:0051966;GO:0040012;GO:0007165;GO:0000165;GO:0045121;GO:0060628;GO:0001934;GO:0070971;GO:0046039;GO:0070973;GO:0030424;GO:0090263;GO:1903206;GO:0003779;GO:0034211;GO:0005886;GO:0007528;GO:0046777;GO:0043231;GO:1990909;GO:0043204;GO:0001933;GO:0005741;GO:0060161;GO:0070585;GO:0090394;GO:0005764;GO:0006606;GO:0034613;GO:0035564;GO:0043005;GO:0048312;GO:1901215;GO:0034260;GO:1902692;GO:0060070;GO:0060159;GO:0060828;GO:0034599;GO:0016310;GO:0005615;GO:0048812;GO:0010977;GO:0006914;GO:0007283;GO:1900244;GO:1902823;GO:1903215;GO:0140058;GO:0031398;GO:1902902;GO:0031410;GO:0006468;GO:0039706;GO:1905279;GO:0000139;GO:0032839;GO:0043195;GO:0072593;GO:0007030;GO:0010508;GO:0016301;GO:0005096;GO:1902803;GO:0010506;GO:0071287;GO:1903125;GO:0004672;GO:0019722;GO:0061001;GO:0051770;GO:0017048;GO:1990904;GO:1903980;GO:0007029;GO:1902236;GO:0000187;GO:0005768;GO:1903351;GO:0098794;GO:0008340;GO:0000186;GO:0042802;GO:0005802;GO:0051900;GO:1904887;GO:0030159;GO:0005737;GO:0005794;GO:0044754;GO:0005783;GO:0021772;GO:1902499;GO:0004674;GO:0043406;GO:0017075;GO:0099400;GO:0043025;GO:0032473;GO:2000300;GO:0005759;GO:0007040;GO:0070062;GO:0008017;GO:0014041;GO:0051018;GO:0015631;GO:0071407;GO:1905289;GO:0035641;GO:0005743;GO:0010955;GO:0010738;GO:1903217;GO:0051646;GO:0006979
Q084N8	GO:0004834
A9BRF0	GO:0006097;GO:0004474;GO:0006099;GO:0005737;GO:0046872
Q91V14	GO:0060996;GO:1902476;GO:0019901;GO:0007612;GO:0043198;GO:0045202;GO:0006811;GO:0055064;GO:0051452;GO:0032590;GO:0035264;GO:0043025;GO:0005886;GO:0055075;GO:0016021;GO:0043204;GO:0006813;GO:0005887;GO:0008519;GO:0030644;GO:0071944;GO:0006873;GO:0043005;GO:0040040;GO:0007268;GO:1990573;GO:0006821;GO:0015108;GO:0042493;GO:0006971;GO:0015696;GO:0015379;GO:0006884
Q75AS0	GO:0005737
O08764	GO:0046982;GO:0097237
B5FM34	GO:0016567;GO:0005576;GO:0009405;GO:0043657;GO:0004842
B1L9P0	GO:0002098;GO:0050660;GO:0005737
Q15034	GO:0005829;GO:0004842;GO:0031410
Q53G59	GO:0042802;GO:0048208;GO:0016055;GO:0031463;GO:0014029;GO:0014032;GO:0000139;GO:0030127;GO:0043231;GO:0034451;GO:0030134;GO:0090090;GO:0006513;GO:0005829;GO:0006888
Q7YS91	GO:0005759;GO:0005739;GO:0016071;GO:0044528;GO:0090615
Q9ESJ0	GO:0046827;GO:0005049;GO:0005654;GO:0005737;GO:0005643;GO:0005829;GO:0006611
Q5E881	GO:0003677;GO:0004386;GO:0005524;GO:0006355
A1UF44	GO:0052865;GO:0009228;GO:0008661;GO:0030976;GO:0000287;GO:0016114
B0TRP7	GO:0051539;GO:0016830;GO:0009229;GO:0009228;GO:0008270
Q2TW34	GO:0042744;GO:0004096;GO:0005737;GO:0046872;GO:0006979;GO:0020037
Q6PEE2	GO:0000184;GO:0003723;GO:0005829;GO:0048471;GO:0006446;GO:0008494
A5VSI3	GO:0055129;GO:0004350;GO:0005737;GO:0050661
B0RP37	GO:0051539;GO:0016830;GO:0009229;GO:0009228;GO:0008270
C0SUT9	GO:0046872;GO:0005634;GO:0006338;GO:0035097;GO:0034647;GO:0006355;GO:0032452;GO:0051213
Q3UQN2	GO:0042802;GO:0072583;GO:0005905;GO:0005546;GO:0030136;GO:0001786;GO:0010324;GO:0005737;GO:0005886;GO:0005856;GO:0035091;GO:0048268;GO:0048488;GO:0098835;GO:0072659;GO:0008092
Q45KJ4	GO:0010587;GO:0005730;GO:0031123;GO:0008270;GO:0031054;GO:0003723
P30140	GO:0051539;GO:0036355;GO:0009229;GO:0009228;GO:0005506;GO:0006974
Q54CV3	GO:0006893
Q17YS1	GO:0003676;GO:0006430;GO:0005737;GO:0004824;GO:0005524;GO:0000287
Q9U6V9	GO:0006952;GO:0004415;GO:0005975
Q8R2V3	GO:0010385;GO:0003682;GO:0000978;GO:0006357;GO:0005634;GO:0010216;GO:0001228;GO:0046872;GO:0071517;GO:2000653
C0QL01	GO:0006094;GO:0006096;GO:0005737;GO:0004347
Q4UMT4	GO:0045239;GO:0004333;GO:0006099;GO:0006106
Q01299	GO:0039694;GO:0003725;GO:0039502;GO:0042025;GO:0019031;GO:0039564;GO:0004483;GO:0075512;GO:0005198;GO:0005576;GO:0044220;GO:0004482;GO:0005524;GO:0016021;GO:0019028;GO:0003724;GO:0003968;GO:0039654;GO:0055036;GO:0046983;GO:0039563;GO:0044167;GO:0046872;GO:0039520;GO:0019062;GO:0004252
B9S2H4	GO:0016757;GO:0016021
Q1IG00	GO:0000287;GO:0000162;GO:0004048
O74286	GO:0006096;GO:0000287;GO:0000015;GO:0004634
Q7VSM2	GO:0003991;GO:0005737;GO:0042450;GO:0005524
A4IQZ4	GO:0051539;GO:0046429;GO:0019288;GO:0005506;GO:0016114
F4K4C5	GO:0005871;GO:0003777;GO:0008017;GO:0008574;GO:0005874;GO:0030705;GO:0016887;GO:0005524;GO:0007018
Q768S4	GO:0050714;GO:0046872;GO:0017158;GO:0017137;GO:0006887;GO:0006886;GO:0030658;GO:0005737;GO:0030141;GO:0030667;GO:0032024;GO:0042493;GO:0045744;GO:0030274;GO:0042593
Q47DK8	GO:0006541;GO:0003922;GO:0005524;GO:0016462
A6UEY0	GO:0006457;GO:0051082;GO:0005524
A8J6X7	GO:0005516;GO:0003341;GO:0060271;GO:0005930
Q6NSJ5	GO:0098656;GO:0005225;GO:0005789;GO:0055085;GO:0005737;GO:0005886;GO:0015810;GO:0034702;GO:0005887;GO:0071470
P79457	GO:0003682;GO:0000978;GO:0007507;GO:0071558;GO:0086003;GO:0051864;GO:0000790;GO:0005634;GO:0003007;GO:0045184;GO:0048568;GO:0043565;GO:0001701;GO:0046872;GO:0032991;GO:0031490;GO:0044666;GO:0031935;GO:0060070;GO:0010468
Q9H582	GO:0003700;GO:0046872;GO:0005634;GO:0003677;GO:0006355;GO:0001226
Q65RI4	GO:0005509;GO:0042128;GO:0042597;GO:0005506;GO:0042279;GO:0020037
Q2RHR4	GO:0051539;GO:0016829;GO:0009228;GO:0009236;GO:0046872
P38939	GO:2001070;GO:0004556;GO:0103025;GO:0051060;GO:0046872;GO:0005975
Q54K96	GO:0045892;GO:0051864;GO:0005634;GO:0034720;GO:0005730;GO:0032453;GO:0005506;GO:0016706;GO:0070544
O60229	GO:0048013;GO:0007165;GO:0035023;GO:0005654;GO:0035176;GO:0015629;GO:0004674;GO:0006468;GO:0046959;GO:0060137;GO:0016192;GO:0061003;GO:0043065;GO:0007528;GO:0005524;GO:0051056;GO:0005829;GO:0043547;GO:0007186;GO:0008344;GO:0060125;GO:0005085;GO:0070062;GO:0042711;GO:0007613;GO:0035556;GO:0007595;GO:0005089;GO:0007399;GO:0046872
Q9NYQ6	GO:0001736;GO:0001942;GO:0001843;GO:0007266;GO:0004930;GO:0005654;GO:0007156;GO:0032956;GO:0060488;GO:0042060;GO:0090179;GO:0001764;GO:0098609;GO:0005886;GO:0016021;GO:0060490;GO:0060489;GO:0048105;GO:0005509;GO:0060071;GO:0042472;GO:0009952;GO:0090251;GO:0042249;GO:0007417;GO:0045176;GO:0007626
P23112	GO:0003924;GO:0003746;GO:0005737;GO:0005525
Q13085	GO:0042802;GO:0046949;GO:0045540;GO:0006853;GO:0031325;GO:0003989;GO:0001894;GO:0051289;GO:2001295;GO:0019538;GO:0071380;GO:0006633;GO:0005524;GO:0046872;GO:0001650;GO:0015629;GO:0006084;GO:0055088;GO:0005829
O89046	GO:0042802;GO:0034316;GO:2000393;GO:0034315;GO:0005737;GO:0030027;GO:0008092;GO:0042060;GO:0031529;GO:0005886;GO:0030036;GO:0036120;GO:0005829;GO:0070528;GO:0071933;GO:0007015;GO:1902463;GO:0071944;GO:0051017;GO:0090135;GO:0048471;GO:0035767;GO:0071672;GO:0044877;GO:0001725;GO:0005884;GO:0016477;GO:2000394;GO:0051015;GO:0031252
A4VRF3	GO:0006281;GO:0003911;GO:0006260
Q10W70	GO:0051539;GO:0046429;GO:0019288;GO:0005506;GO:0016114
Q43727	GO:0009051;GO:0004345;GO:0005777;GO:0050661;GO:0009570;GO:0006006;GO:0009507
Q6V4S5	GO:0007156;GO:0010842;GO:0005886;GO:0007416;GO:0016021;GO:0060219;GO:0045202
Q8JN60	GO:0039694;GO:0006351;GO:0018144;GO:0030430;GO:0004197;GO:0003968;GO:0003724;GO:0005524;GO:0003723;GO:0019028
B8H9H0	GO:0000287;GO:0016779;GO:0005524
B2GIL1	GO:0003924;GO:0003746;GO:0005737;GO:0005525
B5RFJ0	GO:0051539;GO:0016830;GO:0009229;GO:0009228;GO:0008270
Q14449	GO:0050900;GO:0007165;GO:0030971;GO:0005737;GO:0005886;GO:0043231;GO:0010008;GO:0030674;GO:0005829;GO:0008286;GO:0046627
A1C9L6	GO:0004622;GO:0005789;GO:0102545;GO:0016042;GO:0016021;GO:0046470
Q94C69	GO:0032508;GO:0005739;GO:0005634;GO:0009409;GO:0009826;GO:0003729;GO:0003677;GO:0005737;GO:0008270;GO:0009631
P04514	GO:0003723;GO:0016032;GO:0006417;GO:0030430
P62288	GO:0005819;GO:0051301;GO:0005634;GO:0005516;GO:0005737;GO:0007051
Q9DGD1	GO:0000139;GO:0016021;GO:0046872;GO:0047253;GO:0006486
Q39442	GO:0000325;GO:0009555;GO:0009506;GO:0046961;GO:0033180;GO:0005886;GO:0005794;GO:0005774;GO:0005524;GO:0007030;GO:0002020;GO:0046933;GO:0009941;GO:0005618
A1REM5	GO:0042744;GO:0004096;GO:0046872;GO:0006979;GO:0020037
Q56A40	GO:0003146;GO:0007368;GO:0005576;GO:0060287;GO:0035082;GO:0003341;GO:0003351;GO:0005737;GO:0060271;GO:0005929;GO:0048793;GO:0001947;GO:0003143;GO:0070286
B0TL21	GO:0006635;GO:0003857;GO:0004300;GO:0005737;GO:0051287;GO:0008692
Q9SV83	GO:0004674;GO:0005886;GO:0009611;GO:0005524;GO:0006468
Q5P6L3	GO:0051539;GO:0016830;GO:0009229;GO:0009228;GO:0008270
B9LQL7	GO:0005525;GO:0003924;GO:0003743
A2TC45	GO:0008701;GO:0019439;GO:0030145
Q63259	GO:0005634;GO:0035773;GO:0030658;GO:0030141;GO:0043627;GO:0035335;GO:0051020;GO:0051591;GO:0030507;GO:1904692;GO:0045202;GO:0019932;GO:0009749;GO:0000302;GO:0043025;GO:0005886;GO:0016020;GO:0001553;GO:0016021;GO:0030073;GO:0043204;GO:0044389;GO:0008134;GO:0045944;GO:0019221;GO:0005768;GO:0043679;GO:0032868;GO:1990502
Q0BW82	GO:0006457;GO:0051082;GO:0005524
P09487	GO:0071407;GO:0004035;GO:0046677;GO:0033280;GO:0065010;GO:0031012;GO:0031225;GO:0003006;GO:0016462;GO:0005886;GO:0046872;GO:0016311;GO:0031214;GO:0001958
Q3ZWJ9	GO:0006541;GO:0009236;GO:0042242;GO:0005524
A2QBZ0	GO:0005789;GO:0006888;GO:0015031;GO:0012507
Q99MY8	GO:0003682;GO:0001501;GO:0048733;GO:1903709;GO:1903699;GO:0005654;GO:0061038;GO:0042800;GO:0005794;GO:0030317;GO:0051568;GO:0043409;GO:0045944;GO:0050728;GO:0002674;GO:0043124;GO:0097676;GO:0007338;GO:0046975;GO:0003677;GO:0046974;GO:0032635;GO:0005923;GO:0005694;GO:0046872;GO:0009791;GO:0046697;GO:0010468
A4R2R1	GO:0005737
Q9H2X9	GO:0060996;GO:1902476;GO:0019901;GO:0007612;GO:0045202;GO:0006811;GO:0055064;GO:0035264;GO:0043025;GO:0005886;GO:0055075;GO:0016021;GO:0005887;GO:0030644;GO:0071944;GO:0006873;GO:0043005;GO:0040040;GO:1990573;GO:0015108;GO:0042493;GO:0006971;GO:0007268;GO:0015379;GO:0006884
Q65128	
Q3IPX9	GO:0003677;GO:0006281;GO:0003913;GO:0018298
Q58G59	GO:0005871;GO:0007368;GO:0003777;GO:0008017;GO:0005874;GO:0016887;GO:0005737;GO:0005929;GO:0005524;GO:0007018;GO:0035301;GO:0045879;GO:0035845
Q87JS8	GO:0006527;GO:0008792;GO:0008295;GO:0046872
C8VQ61	GO:2001307;GO:1900815;GO:0016491;GO:0044550
A8GCZ9	GO:0006400;GO:0016705
Q6NRM6	GO:0003678;GO:0006260;GO:0005634;GO:0000724;GO:0003677;GO:0097362;GO:0005524;GO:0006974
P50021	GO:0006457;GO:0051082;GO:0005524
P84613	GO:0009405;GO:0090729;GO:0005102;GO:0030435
Q2FR18	GO:0004812;GO:0050567;GO:0005737;GO:0005524;GO:0006412
Q6MEN1	GO:0000049;GO:0006424;GO:0005737;GO:0005524;GO:0008270;GO:0004818
A7MNF6	GO:0004457;GO:0010181;GO:0005886;GO:0019516
Q8FZW2	GO:0009039;GO:0005737;GO:0016151;GO:0043419
A3PYK6	GO:0052865;GO:0009228;GO:0008661;GO:0030976;GO:0000287;GO:0016114
Q66I21	GO:0047102;GO:0001889;GO:0097053;GO:0005737
B1LY43	GO:0003677;GO:0006351;GO:0032549;GO:0003899
Q8SRD2	GO:0003924;GO:0007020;GO:0031122;GO:0005874;GO:0005737;GO:0005816;GO:0005525;GO:0000930
C3K053	GO:0004457;GO:0010181;GO:0005886;GO:0019516
Q7WEW1	GO:0003991;GO:0005737;GO:0042450;GO:0005524
Q8YJ78	GO:0055129;GO:0004350;GO:0005737;GO:0050661
Q5ZIV1	GO:0042802;GO:0046855;GO:0046856;GO:0005634;GO:0004725;GO:0031901;GO:0048666;GO:0031642;GO:0032288;GO:0052629;GO:0005774;GO:0004438;GO:0060304;GO:0005829
A5F497	GO:0051539;GO:0004160;GO:0009099;GO:0009097;GO:0046872
Q7ZV90	GO:0032508;GO:0000002;GO:0005739;GO:0005634;GO:0006260;GO:0003677;GO:0006281;GO:0006310;GO:0043139;GO:0005657;GO:0005524;GO:0000723
Q8SSH5	GO:0030234;GO:0005634;GO:0000502;GO:0005737;GO:0042176
O14513	GO:0035371;GO:0007019;GO:0001578
Q7CPK0	GO:0042597;GO:0055085
Q6GI67	GO:0070395;GO:0047228;GO:0009246;GO:0005886;GO:0009247
Q73P50	GO:0006096;GO:0005576;GO:0009986;GO:0000015;GO:0004634;GO:0000287
B3Q9R8	GO:0005737;GO:0030145;GO:0070006
Q9PJK0	GO:0003676;GO:0004815;GO:0050560;GO:0005737;GO:0006422;GO:0005524
F7J220	GO:0030659;GO:0006909;GO:0016021;GO:0005044;GO:0045087
A5CVV4	GO:0006541;GO:0003922;GO:0005524;GO:0016462
O60684	GO:0060135;GO:1903902;GO:0005634;GO:0006607;GO:0008139;GO:0075506;GO:0019079;GO:1900017;GO:0005654;GO:0005737;GO:0016020;GO:0030682;GO:0043657;GO:0061608;GO:0045944
Q12955	GO:0071286;GO:0099612;GO:0044325;GO:0045211;GO:0007165;GO:0072660;GO:1902260;GO:0016328;GO:0005794;GO:0005783;GO:0010765;GO:0030018;GO:0030674;GO:0006888;GO:0045296;GO:0008092;GO:0030507;GO:0045838;GO:2000651;GO:0030315;GO:0009925;GO:0033268;GO:0009986;GO:0014731;GO:0005886;GO:0007528;GO:0030425;GO:0031594;GO:0005829;GO:0019228;GO:0007409;GO:0010628;GO:0043266;GO:0008093;GO:0034112;GO:0005764;GO:0043194;GO:2001259;GO:0014704;GO:0043001;GO:0005200;GO:0043005;GO:0016323;GO:0042383;GO:0072659;GO:0010960;GO:0007009;GO:0010650;GO:0071709;GO:0045184;GO:0000281;GO:0043034;GO:0090314;GO:0016529;GO:1900827
Q08368	GO:0051539;GO:0019385;GO:0018492;GO:0005506;GO:0006084;GO:0016151;GO:0043885
F8VPN2	GO:0034502;GO:0007283;GO:0048873;GO:0005634;GO:0007130;GO:0030539;GO:0005737;GO:0006281;GO:0010569;GO:0032880;GO:0007129;GO:0009566;GO:0030154;GO:0007140
A9KH99	GO:0034605;GO:0004176;GO:0043565;GO:0005737;GO:0005524;GO:0006515;GO:0004252
O19897	GO:0006351;GO:0003899;GO:0003677;GO:0008270;GO:0000287;GO:0009507
Q3M5C8	GO:0003677;GO:0006351;GO:0008270;GO:0003899
Q7TYH5	GO:0004366;GO:0016024;GO:0005886;GO:0102420
Q02884	GO:0042802;GO:0006357;GO:0005654;GO:0033588;GO:0002098;GO:0005737;GO:0008023
B2TXF7	GO:0009380;GO:0009432;GO:0003677;GO:0006289;GO:0005737;GO:0009381
O74808	GO:1990707;GO:0033553;GO:0031507;GO:0110129;GO:0005634;GO:0070824;GO:0031934;GO:0046872;GO:0030466;GO:0031618;GO:0006325
Q1G938	GO:0003684;GO:0030983;GO:0005524;GO:0006298
Q9LG23	GO:0005739;GO:0003729
Q05AK5	GO:0006511;GO:0007369;GO:0005856;GO:0005737;GO:0046872;GO:0005829;GO:0004842;GO:0030178
Q9Y4A5	GO:0016573;GO:0005634;GO:0005654;GO:0016579;GO:0005794;GO:0006355;GO:1904837;GO:0030914;GO:0043968;GO:0043967;GO:0035267;GO:0006281;GO:0033276;GO:0003712;GO:0000124;GO:0016310;GO:0000812;GO:0016578;GO:0000125
A9KMU8	GO:0004521;GO:0006402;GO:0005886;GO:0016021;GO:0003723
B9WZX0	GO:0009405;GO:0016874;GO:0016853;GO:0009820
Q9SJK9	GO:0003723;GO:0043231;GO:0009451;GO:0005739
Q04QJ0	GO:0006351;GO:0003899;GO:0003677;GO:0008270;GO:0000287
B3E278	GO:0005737;GO:0009086;GO:0004414
Q810W7	GO:0008017;GO:0018105;GO:0007420;GO:0005634;GO:0035556;GO:0005737;GO:0005856;GO:0043005;GO:0004674;GO:0006468;GO:0030424;GO:0043025;GO:0005886;GO:0016020;GO:0030425;GO:0005524;GO:0007010;GO:0000287
Q7W3I6	GO:0003991;GO:0005737;GO:0042450;GO:0005524
A1K7F6	GO:0006096;GO:0005576;GO:0009986;GO:0000015;GO:0004634;GO:0000287
Q0S3Y4	GO:0008878;GO:0005524;GO:0005978
P54910	GO:0000746;GO:0005524
Q9ZP27	GO:0006952;GO:0004553;GO:0009570;GO:0005975
P13551	GO:0003924;GO:0006414;GO:0003746;GO:0043022;GO:0019003;GO:0005737;GO:0005525;GO:0000287
P23377	GO:0006465;GO:0005802;GO:0019058;GO:1901394;GO:0016485;GO:0045121;GO:0032911;GO:0048406;GO:0010008;GO:0005783;GO:0032804;GO:0005576;GO:0004867;GO:0000139;GO:0016486;GO:0030511;GO:0009986;GO:0042176;GO:0005886;GO:0016020;GO:0090472;GO:0031985;GO:0001825;GO:0032940;GO:0030173;GO:0043043;GO:0009966;GO:0005789;GO:0007568;GO:0002020;GO:0030335;GO:0097341;GO:0030140;GO:0008233;GO:0031638;GO:0045714;GO:0052548;GO:0004175;GO:0042277;GO:0046872;GO:0032902;GO:0004252
E0SAK8	GO:0009405;GO:0090729;GO:0004518;GO:0016021
P58176	GO:0004823;GO:0006429;GO:0002161;GO:0005737;GO:0005524
E1B932	GO:0048208;GO:0016055;GO:0031463;GO:0014029;GO:0014032;GO:0000139;GO:0030127;GO:0030134;GO:0006513;GO:0006888
Q5BJK8	GO:0032580;GO:0010008;GO:0016021
Q5WDH8	GO:0051287;GO:0000105;GO:0004399;GO:0008270
A4YI09	GO:0005524;GO:0005737;GO:0006433;GO:0004827
C6DAI4	GO:0003746;GO:0005737
Q5ST30	GO:0005739;GO:0006418;GO:0002161;GO:0004832;GO:0005524;GO:0005829;GO:0006438
C3MHS0	GO:0065002;GO:0006605;GO:0005737;GO:0005886;GO:0017038;GO:0005524;GO:0046872
Q82NR8	GO:0005576;GO:0052761;GO:0000272;GO:0006032;GO:0004553
A4W1F7	GO:0009380;GO:0009432;GO:0003677;GO:0006289;GO:0005737;GO:0009381;GO:0005524;GO:0004386
B4KLL0	GO:0032447;GO:0000049;GO:0002098;GO:0005829;GO:0016779;GO:0034227
Q9ZDY3	GO:0030976;GO:0006096;GO:0006099;GO:0004591
Q9UP95	GO:0005765;GO:0140157;GO:1990573;GO:0008519;GO:0006811;GO:0055064;GO:1902476;GO:0019901;GO:0005886;GO:0016020;GO:0055075;GO:0007268;GO:0015379;GO:0005887;GO:0006884;GO:0045202
O42409	GO:0000978;GO:0001085;GO:0006357;GO:0016363;GO:0001227;GO:0005667;GO:0005654;GO:0005886;GO:0007275;GO:0046872;GO:0006325
P82593	GO:0046373;GO:0005576;GO:0046556
Q97FQ8	GO:0050567;GO:0005524;GO:0006412
P59510	GO:0004222;GO:0009967;GO:0031012;GO:0043066;GO:0008270;GO:0005615;GO:0045636;GO:0030198
P29698	GO:0009366;GO:0016788;GO:0047527;GO:0005886;GO:0005524;GO:0005829;GO:0009239;GO:0016779;GO:0031177;GO:0043041
Q4WAW3	GO:0044550;GO:0016853;GO:0019184;GO:0016874;GO:1900805;GO:0009405;GO:0005737;GO:1900772;GO:0031177;GO:0043041
Q5RCJ3	GO:0006511;GO:0016567;GO:0005813;GO:0001890;GO:0000226;GO:0000281;GO:0007088;GO:0005737;GO:0007030;GO:0005794;GO:0031467;GO:0050775;GO:0031625;GO:0048471;GO:1990393;GO:0001837
A1WVC8	GO:0003677;GO:0006351;GO:0008270;GO:0003899;GO:0000287
P48839	GO:0008152;GO:0033916
Q8LIY8	GO:0016702;GO:0016121;GO:0102396;GO:0010436;GO:0102251;GO:0046872;GO:0010223;GO:0009507;GO:1901601
B4U8A0	GO:0055129;GO:0004350;GO:0005737;GO:0050661
B3ERQ7	GO:0000049;GO:0006424;GO:0005737;GO:0005524;GO:0008270;GO:0004818
Q6DE97	GO:0030014;GO:0005634;GO:0006417;GO:0005737;GO:0031047
Q8IMA8	GO:0007507;GO:0007435;GO:1990907;GO:0005634;GO:0000981;GO:0072091;GO:0006355;GO:0008013;GO:0045893;GO:0000978;GO:0016055;GO:0035277;GO:0070491;GO:0019900;GO:0010628;GO:0005667;GO:0045944;GO:0060070;GO:0035293;GO:0045892;GO:0007500;GO:0007476;GO:0007367;GO:0009880;GO:0001228;GO:0048546;GO:0090254
P46283	GO:0042742;GO:0006000;GO:0019252;GO:0005986;GO:0016051;GO:0050278;GO:0009579;GO:0006094;GO:0005737;GO:0019253;GO:0009570;GO:0006002;GO:0046872;GO:0005829;GO:0048046;GO:0042132;GO:0009507;GO:0009941;GO:0030388
Q8CQD2	GO:0052588;GO:0045150
Q66929	GO:0003968
C1DRI2	GO:0019380;GO:0008198;GO:0047070
Q90999	GO:0048762;GO:0007507;GO:0010936;GO:0045121;GO:0001654;GO:0048568;GO:0045216;GO:0034714;GO:2000379;GO:0070483;GO:1905075;GO:0070723;GO:0006468;GO:0007179;GO:0004674;GO:0051496;GO:0030324;GO:0001666;GO:0040008;GO:0031012;GO:0005886;GO:0005026;GO:0016020;GO:0005524;GO:0016021;GO:0017002;GO:0010718;GO:0010628;GO:0060325;GO:0060317;GO:0032570;GO:0048185;GO:0034713;GO:0071363;GO:0005539;GO:0030335;GO:0009897;GO:0050714;GO:0004675;GO:0046332;GO:0006915;GO:0005024;GO:0001775;GO:0050431;GO:0016477;GO:0042493;GO:0046872;GO:0043235;GO:0005901
Q0CD12	GO:0042744;GO:0004096;GO:0005737;GO:0046872;GO:0006979;GO:0020037
Q07LG0	GO:0005737;GO:0030145;GO:0070006
Q0V3H0	GO:0009073;GO:0004765;GO:0003866;GO:0003855;GO:0005737;GO:0009423;GO:0005524;GO:0046872;GO:0003856;GO:0004764
Q55460	GO:0005886;GO:0022857;GO:0006811
Q9Y490	GO:0006936;GO:0033622;GO:0001726;GO:0005856;GO:0007229;GO:0045296;GO:0005576;GO:0005925;GO:0030866;GO:0002576;GO:0016032;GO:0098609;GO:0005912;GO:0009986;GO:0035091;GO:0005886;GO:0070527;GO:0005829;GO:0070062;GO:0032587;GO:0001786;GO:0036498;GO:0005200;GO:0017166;GO:0007044;GO:0005178;GO:0051015;GO:0030274;GO:0007043
Q5JSL3	GO:0005085;GO:0007264;GO:0001782;GO:0051491;GO:0002315;GO:0005089;GO:0043547;GO:0007596;GO:0005829
O80522	GO:0016042;GO:0005576;GO:0009570;GO:0016788
Q8YRI6	GO:0004479
B1JE35	GO:0000287;GO:0000162;GO:0004048
Q5DID3	GO:0005509;GO:0016324;GO:0042981;GO:0005201;GO:0048609;GO:2000354;GO:0007338;GO:0060612;GO:0016021;GO:0009986;GO:0005615;GO:0030414;GO:1990266;GO:0097211;GO:0009897;GO:0010468
Q6MGP8	GO:0034605;GO:0004176;GO:0043565;GO:0005737;GO:0005524;GO:0006515;GO:0004252
Q7U3K6	GO:0003676;GO:0004815;GO:0050560;GO:0005737;GO:0006422;GO:0005524
Q486C8	GO:0042744;GO:0004096;GO:0046872;GO:0006979;GO:0020037
Q24QE3	GO:0042026;GO:0005737;GO:0051082;GO:0005524
Q054E1	GO:0006351;GO:0003899;GO:0003677;GO:0008270;GO:0000287
Q4L8N5	GO:0050661;GO:0004324;GO:0050660
Q5HYM0	GO:0004521;GO:0090502;GO:0005634;GO:0036464;GO:0003729;GO:0046872
Q58DN4	GO:0051723;GO:0051721;GO:0051722;GO:0006482
Q91ZJ5	GO:0042802;GO:0003983;GO:0046872;GO:0007420;GO:0005536;GO:0005737;GO:0005977;GO:0019255;GO:0032557;GO:0005978;GO:0006011
Q928A4	GO:0009380;GO:0016887;GO:0009432;GO:0003677;GO:0006289;GO:0005737;GO:0009381;GO:0005524
B2HQV2	GO:0010125;GO:0000287;GO:0102710;GO:0008375
Q9LPG3	GO:0005886;GO:0016021;GO:0006820;GO:0008381
Q9ER74	GO:0060173;GO:0007507;GO:0001085;GO:0003281;GO:0072092;GO:0090190;GO:0005634;GO:0000981;GO:0001843;GO:0031129;GO:0072073;GO:0005737;GO:0000122;GO:0021889;GO:0008013;GO:0021772;GO:0021915;GO:0045893;GO:2000177;GO:0045666;GO:0042733;GO:0006357;GO:0048566;GO:0001658;GO:0003340;GO:0001822;GO:0045879;GO:0072309;GO:0003682;GO:0016581;GO:0000976;GO:0035137;GO:0021553;GO:0010369;GO:0000987;GO:0030177;GO:0061034;GO:0045944;GO:0035136;GO:0045892;GO:0003337;GO:2000384;GO:0044877;GO:0042473;GO:0003677;GO:0001657;GO:2000381;GO:0000792;GO:0046872
B1YAJ4	GO:0004812;GO:0050567;GO:0005737;GO:0005524;GO:0006412
Q6DEZ7	GO:0005634;GO:0006397;GO:0003729;GO:0005654;GO:0008380;GO:1990904;GO:0003723;GO:0043484
Q75E79	GO:0005634;GO:0008380;GO:0006397
Q03164	GO:0042802;GO:1902036;GO:0080182;GO:0051571;GO:0005634;GO:0035162;GO:0032411;GO:0071339;GO:0005654;GO:2001040;GO:0042800;GO:0042803;GO:0043984;GO:0045322;GO:0051568;GO:0045893;GO:0045944;GO:0032922;GO:0071440;GO:0097692;GO:1905642;GO:2000615;GO:0045652;GO:0006915;GO:0065003;GO:0044648;GO:0070577;GO:0035097;GO:0008270;GO:0005829;GO:0003680
Q8N9H8	GO:0003676;GO:0046872;GO:0008408
P33986	GO:0008360;GO:0009252;GO:0007049;GO:0051301;GO:0019277;GO:0008760;GO:0005737;GO:0071555
P36741	GO:0042025;GO:0075509;GO:0039620;GO:0005198;GO:0019062
Q91009	GO:1990090;GO:0043121;GO:0043410;GO:0031902;GO:0008285;GO:0048011;GO:0048406;GO:0014068;GO:0042803;GO:0046579;GO:0006468;GO:0030424;GO:0010976;GO:0060385;GO:0046777;GO:0005030;GO:0055038;GO:0005524;GO:0043547;GO:0005887;GO:0010465;GO:0038180;GO:0031901;GO:0007275;GO:0007169;GO:0043524;GO:0048485;GO:0004714;GO:0007399;GO:0033674;GO:0070374;GO:0051896;GO:0051092;GO:0043235;GO:0043408
Q756L0	GO:0035267;GO:0006281;GO:0034622;GO:0006325
Q8W2F1	GO:0003677;GO:0005634;GO:0046983
Q7U645	GO:0006782;GO:0005737;GO:0004853
Q86VE9	GO:0005813;GO:1904222;GO:0042552;GO:0005794;GO:0006564;GO:1904219;GO:0016032;GO:0005886;GO:0016020;GO:0016021;GO:0005829;GO:0043231;GO:0008654;GO:0009597;GO:0070062;GO:0043209;GO:0051607;GO:0048471;GO:0006665;GO:0006658;GO:0045087
C5P8M7	GO:0071630;GO:0005634;GO:0031144;GO:0005737;GO:0015031
P0CJ96	GO:0008236;GO:0046740;GO:0044219;GO:0004197
O74505	GO:0005789;GO:0005783;GO:0016021
Q5R4F9	GO:0051721;GO:0051722;GO:0006482
P20594	GO:0042802;GO:0060348;GO:0008217;GO:0007165;GO:0097011;GO:0005525;GO:1900194;GO:0019934;GO:0005886;GO:0016941;GO:0005524;GO:0006182;GO:0010753;GO:0005887;GO:0017046;GO:0001503;GO:0004672;GO:1903779;GO:0042562;GO:0007168;GO:0051447;GO:0001653;GO:0004383;GO:0022414
Q5XJV6	GO:0046872;GO:0004672;GO:0000139;GO:0030425;GO:0005524;GO:0016021;GO:0010923;GO:0004674;GO:0006468;GO:0030424
O91254	GO:0042025;GO:0006260;GO:0016888;GO:0018142;GO:0003677;GO:0003724;GO:0005524;GO:0046872;GO:0003723;GO:0016779
P48795	GO:0004151;GO:0044205;GO:0008270
Q43246	GO:0004497;GO:0009686;GO:0016125;GO:0010268;GO:0016021;GO:0016132;GO:0016491;GO:0009860;GO:0051777;GO:0055114;GO:0007275;GO:0005783;GO:0005506;GO:0009846;GO:0020037
Q5XC20	GO:0006541;GO:0003922;GO:0005524;GO:0016462
Q7V007	GO:0006351;GO:0003899;GO:0003677;GO:0008270;GO:0000287
T2KNA8	GO:0042597;GO:0004566;GO:0005975
Q9RR60	GO:0006096;GO:0005576;GO:0009986;GO:0000015;GO:0032889;GO:0004634;GO:0000287
Q3B6M2	GO:0000049;GO:0005737;GO:0005524;GO:0004826;GO:0000287;GO:0006432
A4TPK8	GO:0003887;GO:0005737;GO:0006281;GO:0000287;GO:0003684;GO:0006261
Q39VS5	GO:0000049;GO:0005737;GO:0005524;GO:0004826;GO:0000287;GO:0006432
Q8NDW8	GO:0030991;GO:0061512;GO:0007286;GO:0035721;GO:0005929;GO:0030317
Q5UZR5	GO:0003677;GO:0006351;GO:0003899
O57460	GO:0001707;GO:0005509;GO:0005576;GO:0006508;GO:0004222;GO:0008233;GO:0008237;GO:0001885;GO:0035162;GO:0030513;GO:0048264;GO:0035124;GO:0009953;GO:0001568;GO:0008270;GO:0036342
A5FVE7	GO:0016773;GO:0033785;GO:0097171;GO:0033786;GO:0005524
Q922J3	GO:0042802;GO:0005813;GO:0031122;GO:0008017;GO:0051010;GO:0005634;GO:0035371;GO:0001726;GO:0005737;GO:0005635;GO:0001578;GO:0015631;GO:0030659;GO:0044861;GO:0005874;GO:0031116;GO:0008270;GO:0015630;GO:0044354
Q7UXH9	GO:0006418;GO:0002161;GO:0004832;GO:0005524;GO:0005829;GO:0006438
P0A376	GO:0009405;GO:0090729;GO:0005102;GO:0030435
P82279	GO:0007163;GO:0045197;GO:0045494;GO:0007601;GO:0010001;GO:0035845;GO:0005576;GO:0005912;GO:0001917;GO:0007267;GO:0005886;GO:0016021;GO:0007157;GO:0060060;GO:0005509;GO:0042462;GO:0005902;GO:0007009;GO:0016324;GO:0032991;GO:0001974
A1DMX4	GO:0004338;GO:0000272;GO:0071555;GO:0005886;GO:0016021
P36966	GO:0006625;GO:0016887;GO:0016558;GO:0007031;GO:0005524;GO:0005829;GO:0005778
Q9Y8A5	GO:0070995;GO:0050637;GO:0008757;GO:0030639;GO:0016491;GO:0032259;GO:0006633;GO:0016747;GO:2001293;GO:0005524;GO:0046500;GO:0004315;GO:0031177
P28742	GO:0005871;GO:0003777;GO:0008017;GO:0008574;GO:0051301;GO:0000022;GO:0005634;GO:0030543;GO:0000070;GO:0005876;GO:0000073;GO:0005737;GO:0007019;GO:0005524;GO:0090307;GO:0007018
Q5U3U3	GO:0005743;GO:0006635;GO:0004095;GO:0005739
Q8A525	GO:0016462;GO:0005524;GO:0006541;GO:0005829;GO:0003922;GO:0003921;GO:0006177
Q2YLI7	GO:0055129;GO:0004350;GO:0005737;GO:0050661
Q9HJN0	GO:0005524;GO:0005737;GO:0006433;GO:0004827
B5FGE9	GO:0003677;GO:0004386;GO:0005524;GO:0006355
Q9ZCZ8	GO:0005525;GO:0003924;GO:0005737;GO:0003743
O34204	GO:0003677;GO:0006265;GO:0003917;GO:0046872
Q75ZQ5	GO:0009039;GO:0005737;GO:0016151;GO:0043419
B5XLN9	GO:0006541;GO:0003922;GO:0005524;GO:0016462
Q8I4R2	GO:0005886;GO:0016021
A1JN32	GO:0006400;GO:0016705
Q8XRN1	GO:0006260;GO:0008408;GO:0003887;GO:0005737;GO:0006281
P32550	GO:0019031;GO:0055036;GO:0016021
Q6QNU9	GO:0038023;GO:0042832;GO:0006954;GO:0061809;GO:0004888;GO:0050135;GO:0002224;GO:0045087;GO:0005887
Q8H0T9	GO:0051013;GO:0008017;GO:0005874;GO:0007019;GO:0051510;GO:0005737;GO:0080008;GO:0008352;GO:0015630
Q8LHH9	GO:0009616;GO:0030422;GO:0048544;GO:0016246;GO:0031380;GO:0005634;GO:0010267;GO:0003968;GO:0048440;GO:0048366;GO:0070919;GO:0010492;GO:0003723
Q2QAV0	GO:0019894;GO:0005856;GO:0000911;GO:0005737;GO:0009524;GO:0005524;GO:0009558;GO:0007112;GO:0004674
Q9UHR6	GO:0046872
A1KP87	GO:0006541;GO:0003922;GO:0005524;GO:0016462
A2VE70	GO:0010008;GO:0006661;GO:0033674;GO:0000306;GO:0005774;GO:0005783;GO:0070772
Q7XBQ9	GO:0006952;GO:0043531;GO:0005524
Q95Q95	GO:0016242;GO:0005634;GO:1903935;GO:0005737;GO:0004674;GO:0006468;GO:0031932;GO:0000492;GO:0038202;GO:0010629;GO:0048382;GO:0005524;GO:0045727;GO:0002119;GO:0010628;GO:0004672;GO:0010507;GO:0006417;GO:0031929;GO:0031931;GO:0044877;GO:0008340
Q1JGP6	GO:0006541;GO:0003922;GO:0005524;GO:0016462
P46479	GO:0006096;GO:0051156;GO:0006094;GO:0005737;GO:0004347
B8GXA0	GO:0030154;GO:0051301;GO:0007049;GO:0016021
B8G762	GO:0051539;GO:0004160;GO:0009099;GO:0009097;GO:0046872
O87667	GO:0046872;GO:0006265;GO:0003677;GO:0003918;GO:0005737;GO:0005694;GO:0005524;GO:0006261
Q19459	GO:0017134;GO:0000139;GO:0016021
Q5WVX4	GO:0006541;GO:0003922;GO:0005524;GO:0016462
Q8NF91	GO:0042802;GO:0045211;GO:0000932;GO:0007283;GO:0005634;GO:0005654;GO:0005737;GO:0005856;GO:0005794;GO:0042803;GO:0003723;GO:0019899;GO:0090292;GO:0005521;GO:0003779;GO:0007030;GO:0006997;GO:0016021;GO:0007010;GO:0005640;GO:0005730;GO:0034993;GO:0031965;GO:0005635;GO:0030017;GO:0051015;GO:0042692;GO:0140444
Q298P4	GO:0047555;GO:0007165;GO:0005886;GO:0016020;GO:0046872;GO:0046068
O81635	GO:0003777;GO:0008017;GO:0005874;GO:0016887;GO:0005737;GO:0005524;GO:0007018
Q7MA68	GO:0004817;GO:0005737;GO:0005524;GO:0008270;GO:0006423
Q02GB7	GO:0006428;GO:0004822;GO:0002161;GO:0000049;GO:0005737;GO:0005524;GO:0008270
Q9Y4B4	GO:0003677;GO:0003678;GO:0005634;GO:0005524
Q01634	GO:0003940;GO:0030211;GO:0005764;GO:0030209;GO:0004553;GO:0005975
C1A2N3	GO:0008878;GO:0005524;GO:0005978
A1S647	GO:0009014;GO:0009089;GO:0050897;GO:0008270;GO:0019877
P0C6S8	GO:0031012;GO:0016021;GO:0005615
Q6GL65	GO:0003700;GO:0006357;GO:0005634;GO:0043565;GO:0045944
Q5F3X4	GO:0046540;GO:0003924;GO:0005634;GO:0071005;GO:0000398;GO:0071007;GO:0005525;GO:1990904;GO:0030623
Q72UA7	GO:0006351;GO:0003899;GO:0003677;GO:0008270;GO:0000287
Q9M3D7	GO:0004675;GO:0042742;GO:0005739;GO:0030246;GO:0006952;GO:0005886;GO:0005524;GO:0016021;GO:0002229
Q77MS9	GO:0004806;GO:0005576
Q55DR1	GO:0031288;GO:0042626;GO:0031152;GO:0005524;GO:0016021
F7J0M4	GO:0009870;GO:0042742;GO:0043621;GO:0010942;GO:0009626;GO:0005737;GO:0005524;GO:0043531
D9PYH9	GO:0031119;GO:0106029;GO:0000049
B8M0Q1	GO:0051301;GO:0005874;GO:0000922;GO:0005875;GO:0070840;GO:0000132;GO:0005737;GO:0051012
P54224	GO:0006782;GO:0005737;GO:0004853
Q7XJR9	GO:0005509;GO:0004672;GO:0018105;GO:0005634;GO:0005516;GO:0009931;GO:0035556;GO:0005737;GO:0005886;GO:0046777;GO:0005524
Q7XUR2	GO:0016491;GO:0006325
Q6CYG2	GO:0006914;GO:0005774;GO:0016021;GO:0034045;GO:0005741
O00571	GO:0034161;GO:0005654;GO:0043066;GO:2001243;GO:0043186;GO:0043065;GO:0030307;GO:0005524;GO:0045727;GO:0005829;GO:0003924;GO:1900087;GO:0016887;GO:0009615;GO:0035556;GO:0003724;GO:1901985;GO:0008190;GO:0045087;GO:0005813;GO:0090263;GO:0072559;GO:0098586;GO:1901223;GO:0007276;GO:1900227;GO:0005886;GO:0042256;GO:0043015;GO:0032728;GO:0031954;GO:0030154;GO:0045944;GO:1902523;GO:0006413;GO:0003677;GO:0031252;GO:0010501;GO:1904813;GO:0033592;GO:0045948;GO:0003723;GO:0055088;GO:0008143;GO:0010494;GO:0043539;GO:0016032;GO:0031369;GO:0043312;GO:0071243;GO:1901224;GO:0008134;GO:0071902;GO:0043280;GO:0097193;GO:0043024;GO:0032727;GO:0045070;GO:0005634;GO:0071651;GO:0008625;GO:0005737;GO:0007059;GO:0030027;GO:0045296;GO:0043273;GO:0031333;GO:0005576;GO:0016055;GO:0034157;GO:0003729;GO:0034063;GO:0048027;GO:1902042;GO:0017111;GO:0010628;GO:0070062;GO:0034774;GO:1903608;GO:0043154;GO:0030308;GO:0071470;GO:0036493;GO:0003678;GO:0017148;GO:0035613
Q3JBZ8	GO:0000049;GO:0005737;GO:0005524;GO:0004826;GO:0000287;GO:0006432
Q083F0	GO:0009014;GO:0009089;GO:0050897;GO:0008270;GO:0019877
Q6ZVZ8	GO:0005829;GO:0043687;GO:0035556;GO:0016567
Q2K1C8	GO:0015430;GO:0016887;GO:0001407;GO:0005524;GO:0043190;GO:0008643
P14634	GO:0003924;GO:0003746;GO:0009536;GO:0005525
Q6FZF1	GO:0006419;GO:0000049;GO:0005737;GO:0004813;GO:0005524;GO:0008270
O94906	GO:0046540;GO:0000375;GO:0005681;GO:0006403;GO:0005634;GO:0071013;GO:0043021;GO:0000245;GO:0005654;GO:0008380;GO:0003713;GO:0016020;GO:0071005;GO:0016607;GO:0000398;GO:0005682;GO:0003723;GO:0050681;GO:0000244;GO:0045944
Q5S2C3	GO:0000902;GO:0000340;GO:0045010;GO:0048365;GO:0006417;GO:0030036;GO:0031209;GO:0010090
Q4R5L5	GO:0005509;GO:0005544
Q03V60	GO:0003677;GO:0006351;GO:0032549;GO:0003899
P55912	GO:0019629;GO:0005524;GO:0050218
Q5BFC4	GO:0004565;GO:0005576;GO:0000272;GO:0005773;GO:0005618
N1NVB7	GO:0032026;GO:0050850;GO:0004672;GO:0006935;GO:0010035;GO:0007165;GO:0007635;GO:0035556;GO:1902074;GO:0005886;GO:0007168;GO:0001653;GO:0005524;GO:0016021;GO:0005525;GO:0004383;GO:0006182
Q8TAQ5	GO:0000978;GO:0042981;GO:0006357;GO:0005634;GO:0000981;GO:0005654;GO:0046872
Q9W3L5	
C4KZK4	GO:0000287;GO:0008966;GO:0005975
Q3E9T2	GO:0003677;GO:0005634
Q4R4C7	GO:0003677;GO:0046872;GO:0005634;GO:0006355
B3CM21	GO:0006402;GO:0006396;GO:0005737;GO:0004654;GO:0003723;GO:0000287
G1XU04	GO:0050641;GO:0016491;GO:0006633;GO:0004315;GO:0031177
A1KUB6	GO:0006096;GO:0005576;GO:0009986;GO:0000015;GO:0004634;GO:0000287
O50017	GO:0070212;GO:0003950;GO:0005634;GO:0005730;GO:1990404;GO:0003677;GO:0006302
Q7SXI6	GO:0005871;GO:0051303;GO:0005819;GO:0005813;GO:0007020;GO:0008017;GO:0005874;GO:0010975;GO:0007100;GO:0047496;GO:0000132;GO:0005737;GO:0007059;GO:0016477;GO:0051642;GO:0000776;GO:0060052;GO:2000574
Q5LZ70	GO:0000049;GO:0005737;GO:0005524;GO:0004826;GO:0000287;GO:0006432
A3QCH2	GO:0008933;GO:0016998;GO:0071555;GO:0016837;GO:0009279
Q9ET62	GO:0035374;GO:0008201;GO:0007601;GO:0001917;GO:0001750;GO:0033165;GO:0005540
Q97BF7	GO:0008556;GO:0030955;GO:0005887
A5FV66	GO:0006633;GO:0005737;GO:0043811;GO:0008654
B7V3D1	GO:0009073;GO:0005737;GO:0009423;GO:0000166;GO:0046872;GO:0003856
Q1IAY6	GO:0042744;GO:0004096;GO:0046872;GO:0006979;GO:0020037
Q2GEB1	GO:0006435;GO:0000049;GO:0004829;GO:0005737;GO:0005524;GO:0046872
Q3IUP1	GO:0003924;GO:0048500;GO:0008312;GO:0005525;GO:0006614
P0DB54	GO:0006541;GO:0003922;GO:0005524;GO:0016462
B8EM60	GO:0065002;GO:0006605;GO:0005737;GO:0005886;GO:0017038;GO:0005524;GO:0046872
Q3SYU1	GO:0030690;GO:0042273;GO:0006915;GO:0030691;GO:0031497;GO:0042393;GO:0005730;GO:2001243;GO:0034644;GO:0003714;GO:0005654;GO:0035067;GO:0070491;GO:0000122;GO:0005829;GO:0002903;GO:0031491
Q8BSF4	GO:0004609;GO:0005739;GO:0005634;GO:0006646;GO:0016540;GO:0031305
Q60A05	GO:0006351;GO:0003899;GO:0003677;GO:0008270;GO:0000287
Q9A0I1	GO:0000049;GO:0005737;GO:0005524;GO:0004826;GO:0000287;GO:0006432
Q7VFU4	GO:0051539;GO:0016830;GO:0009229;GO:0009228;GO:0008270
Q9LK50	GO:0009555;GO:0005789;GO:0010584;GO:0010152;GO:0055085;GO:0030638;GO:0005886;GO:0042626;GO:0005524;GO:0016021;GO:0080110
Q6N5B9	GO:0005737;GO:0030145;GO:0070006
Q9RUV5	GO:0004828;GO:0016260;GO:0097056;GO:0006434;GO:0005737;GO:0005524
Q8TC21	GO:0000977;GO:0000122;GO:0006357;GO:0046872;GO:0001227;GO:0000790;GO:0000981
Q55DQ2	GO:0031288;GO:0042626;GO:0031152;GO:0005524;GO:0016021
Q9UC07	GO:0042802;GO:0006357;GO:0001227;GO:0000790;GO:0000981;GO:0000122;GO:0046872;GO:0000977
O60304	GO:0000978;GO:0006357;GO:0000981;GO:0005654;GO:0046872;GO:0005829
Q478Y7	GO:0006420;GO:0005737;GO:0004814;GO:0005524
O27363	GO:0003743
G5EGJ9	GO:0040026;GO:0072327;GO:0004725;GO:0016021;GO:0006470;GO:0016791
Q9NWS9	GO:0042802;GO:0000978;GO:0046872;GO:0006357;GO:0000790;GO:0000981;GO:0005615
Q6XW15	GO:0039694;GO:0006351;GO:0018144;GO:0005198;GO:0004197;GO:0003968;GO:0008236;GO:0004386;GO:0005524;GO:0003723;GO:0019029
P12530	GO:1901074;GO:0035358;GO:0030838;GO:0006646;GO:0031234;GO:2001303;GO:0019369;GO:0042060;GO:0071277;GO:0019395;GO:0016165;GO:0050473;GO:0051122;GO:0005886;GO:0016020;GO:0005829;GO:0010811;GO:0001503;GO:0050727;GO:0006629;GO:0005546;GO:0002820;GO:0043277;GO:0043651;GO:0019372;GO:0070374;GO:0035963;GO:0004052;GO:0030282;GO:0005506;GO:0034976;GO:0005811
Q3SGX5	GO:0030170;GO:0019264;GO:0005737;GO:0004372;GO:0035999
A1A317	GO:0003677;GO:0006351;GO:0032549;GO:0003899
A4FAQ5	GO:0052865;GO:0009228;GO:0008661;GO:0030976;GO:0000287;GO:0016114
Q2TBW5	GO:0046872
P09242	GO:0071407;GO:0004035;GO:0046677;GO:0046872;GO:0071529;GO:0033280;GO:0051384;GO:0065010;GO:0031012;GO:0031225;GO:0032496;GO:0003006;GO:0016462;GO:0005886;GO:0005615;GO:0016311;GO:0001958
Q7Z2Z1	GO:0003682;GO:0033314;GO:0006260;GO:0005634;GO:0030174;GO:0005654;GO:0007093;GO:0006281;GO:0010212;GO:0007095
Q8H016	GO:0016702;GO:0016165;GO:0034440;GO:0046872;GO:0031408
B8CYG6	GO:0051301;GO:0007049;GO:0003677;GO:0043937;GO:0004519
A1KAH5	GO:0004823;GO:0006429;GO:0002161;GO:0005737;GO:0005524
Q8E981	GO:0042744;GO:0004096;GO:0070301;GO:0046872;GO:0005829;GO:0020037
Q9JWC5	GO:0004642;GO:0046872;GO:0005737;GO:0005524;GO:0006189;GO:0006541
Q56026	GO:0009405;GO:0005576
Q54W24	GO:0005739;GO:0031288;GO:0016887;GO:0055085;GO:0005886;GO:0042626;GO:0005524;GO:0043190
Q2T4B3	GO:0046677;GO:0015562;GO:0008559;GO:0016887;GO:0005524;GO:0005887;GO:1990961
B2TWI1	GO:0051539;GO:0016830;GO:0009229;GO:0009228;GO:0008270
Q9C1X1	GO:0000462;GO:0030515;GO:0000028;GO:0032040;GO:0005730;GO:0005732;GO:0034388;GO:0006364;GO:0005829
Q123G3	GO:0003677;GO:0006351;GO:0032549;GO:0003899
Q70LM4	GO:0016853;GO:0016874;GO:0016491;GO:0017000;GO:0031177
P27969	GO:0006809;GO:0050464;GO:0030151;GO:0042128;GO:0043546;GO:0071949;GO:0009703;GO:0020037
Q3ZA71	GO:0006541;GO:0009236;GO:0042242;GO:0005524
G0HV86	GO:0005576;GO:0030115;GO:0071555;GO:0005886;GO:0016021;GO:0005618
Q1CU15	GO:0008233;GO:0016887;GO:0009376;GO:0043335;GO:0005524
P21684	GO:0004311;GO:0016117;GO:0033386;GO:0046872
B1H278	GO:0008134;GO:0005634;GO:0046597;GO:0005654;GO:0005737;GO:1902187;GO:0051607;GO:0032897;GO:0004842;GO:0016567;GO:0045892;GO:0019904;GO:0061630;GO:0008270;GO:0050768;GO:0005829;GO:0045087;GO:0046598;GO:0010468
A0A0K1TQ05	GO:0051539;GO:0016829;GO:0009228;GO:0009236;GO:0046872
Q9Y7B3	GO:0070791;GO:0005768;GO:0000902;GO:0005802;GO:0070798;GO:0000139;GO:0006895;GO:0005829;GO:0048315;GO:0015031;GO:0075307
Q7YS54	GO:0043410;GO:0008219;GO:0098586;GO:0070265;GO:0005546;GO:0071356;GO:1901612;GO:0070269;GO:0016020;GO:0005886;GO:0005829;GO:2001244
P83852	GO:0006508;GO:0006518;GO:0004181;GO:0008270;GO:0016021
Q9L646	GO:0008998;GO:0046872;GO:0005524;GO:0006260
A7FLI9	GO:0003887;GO:0005737;GO:0006281;GO:0000287;GO:0003684;GO:0006261
Q28739	GO:0006955;GO:0050829;GO:0016020;GO:0001530;GO:0005615
P15215	GO:0007435;GO:0005604;GO:0033627;GO:0070831;GO:0009887;GO:0009888;GO:0016477;GO:0061031;GO:0034446;GO:0071711;GO:0085029;GO:0007494
P46012	GO:0005634;GO:0010468
A5FAD1	GO:0009039;GO:0005737;GO:0016151;GO:0043419
A5PL33	
Q27395	GO:0007548;GO:0005634;GO:0046580;GO:0003677;GO:0040027;GO:0042659;GO:0007275;GO:0046872;GO:0030154
V5Y0F7	GO:0016491;GO:0009405;GO:0006633;GO:0004315;GO:0031177
Q9CN98	GO:0030091;GO:0042597;GO:0043546;GO:0046872;GO:0016672
Q9M1C7	GO:0000325;GO:0009506;GO:0009624;GO:0008559;GO:0016887;GO:0055085;GO:0016020;GO:0042626;GO:0005774;GO:0005524;GO:0016021
P65811	GO:0016787;GO:0005886;GO:0046872;GO:0016021
Q96519	GO:0005576;GO:0004601;GO:0042744;GO:0048511;GO:0046872;GO:0006979;GO:0020037
D4ASH1	GO:0004806;GO:0005576
O74465	GO:0007049;GO:0031508;GO:0031380;GO:0005634;GO:0003724;GO:0007059;GO:0005524;GO:0031379;GO:0003723;GO:0005829;GO:0031047;GO:0031048
Q5HKG6	GO:0052588;GO:0045150
Q5GSE1	GO:0006457;GO:0051082;GO:0005524
Q891I0	GO:0006260;GO:0003677;GO:0006281;GO:0046872;GO:0003911
H2E7T6	GO:0032259;GO:0031090;GO:0005783;GO:0016021;GO:0006694;GO:0008168
Q2RMT1	GO:0051539;GO:0006400;GO:0035596;GO:0005737;GO:0046872
Q4FZT2	GO:0051721;GO:0019901;GO:0002028;GO:0051723;GO:0019903;GO:0019888;GO:0051722;GO:0006482
P06447	GO:0019012;GO:0030430;GO:0004482;GO:0005524;GO:0003968
Q9SJP4	GO:0008107;GO:0016021;GO:0071555;GO:0005794;GO:0009969;GO:0008417;GO:0032580;GO:0006486
P30897	GO:0030655;GO:0046677;GO:0008800
B2IW30	GO:0051539;GO:0044689;GO:0005506
P13648	GO:0005634;GO:0005882
Q9UUN6	GO:0006542;GO:0005737;GO:0005524;GO:0004356
P42592	GO:0005991;GO:0046872;GO:0015926;GO:0004555;GO:0006974
Q8R0T2	GO:0006366;GO:0000978;GO:0006355;GO:0046872;GO:0005634;GO:0000981
Q41807	GO:0003924;GO:0005819;GO:0007020;GO:0031122;GO:0005874;GO:0000278;GO:0005634;GO:0007017;GO:0000070;GO:0007052;GO:0005737;GO:0005200;GO:0000212;GO:0005525;GO:0000930;GO:0000226
Q6HPW8	GO:0008360;GO:0009252;GO:0000902;GO:0009103;GO:0006048;GO:0003977;GO:0071555;GO:0005737;GO:0000287;GO:0009245;GO:0019134
P70289	GO:0006470;GO:0004725;GO:0016021
Q9GL21	GO:1901223;GO:0005634;GO:0097190;GO:0005856;GO:0005829;GO:0043280
P46197	GO:0042802;GO:0017046;GO:0001503;GO:0004672;GO:1900194;GO:0060348;GO:0051447;GO:0007165;GO:0035556;GO:0005886;GO:0007168;GO:0001653;GO:0005524;GO:0016941;GO:0005525;GO:0097011;GO:0004383;GO:0005887;GO:0006182;GO:0022414
Q6D3T2	GO:0050418;GO:0005737;GO:0051537;GO:0046872
B0RLM2	GO:0004457;GO:0010181;GO:0005886;GO:0019516
Q135R4	GO:0000287;GO:0016779;GO:0005524
C1DD41	GO:0051539;GO:0002935;GO:0070040;GO:0000049;GO:0005737;GO:0046872;GO:0019843;GO:0070475
Q04652	GO:0007301;GO:0035324;GO:0007300;GO:0003779;GO:0045172;GO:0007297;GO:0030717;GO:0005737;GO:0005856;GO:0030036;GO:0007349;GO:0048477;GO:0030723;GO:0035183
B3PW59	GO:0003677;GO:0006351;GO:0032549;GO:0003899
Q93Q12	GO:0004165;GO:0006635;GO:0003857;GO:0004300;GO:0008692;GO:0036125
Q03640	GO:0090158;GO:0005933;GO:0046872;GO:0008289;GO:0005739;GO:0005789;GO:0061817;GO:0006869;GO:0032541;GO:0016021;GO:0060304;GO:0005544
C1DIY3	GO:0005737;GO:0002949;GO:0005506;GO:0061711
O32483	GO:0008964;GO:0015977;GO:0006107;GO:0006099;GO:0000287
P13797	GO:0005509;GO:0060348;GO:0051017;GO:0005884;GO:0005886;GO:0005737;GO:0051639;GO:0051015;GO:0005829;GO:0032432
Q8HXX8	GO:0005759;GO:0004361;GO:0050660;GO:0033539;GO:0006568
P30432	GO:0030173;GO:0005802;GO:0016485;GO:0005886;GO:0016020;GO:0051048;GO:0004252;GO:0045464
E6ENP7	GO:0050082;GO:0030246;GO:0000025
Q6KB66	GO:0045111;GO:0005737;GO:0031424;GO:0070268;GO:0005882;GO:0005829;GO:0045095
Q5RA60	GO:0034597;GO:0016316
Q04457	GO:0080030;GO:0005777;GO:0052689;GO:0005788;GO:0005615;GO:0044248
Q70KD4	GO:0008483;GO:0017000
P26361	GO:0060081;GO:0030165;GO:1902476;GO:0005634;GO:0005254;GO:1904322;GO:0005737;GO:0034707;GO:0071320;GO:0106138;GO:0019899;GO:0030324;GO:0055037;GO:0006695;GO:0016853;GO:0045921;GO:0042311;GO:0043025;GO:0009986;GO:0035774;GO:0005886;GO:0016020;GO:0005260;GO:0005524;GO:0016021;GO:0030425;GO:0005829;GO:0051087;GO:0055038;GO:0051454;GO:0005887;GO:0030321;GO:0015106;GO:0030301;GO:0015705;GO:0033005;GO:0097755;GO:0005789;GO:0006904;GO:0016887;GO:1902161;GO:0031901;GO:1902943;GO:0042626;GO:0005902;GO:0016323;GO:0015701;GO:0030659;GO:0048240;GO:0005769;GO:0016324;GO:0006821;GO:0015108;GO:0050891;GO:0006833;GO:1904446;GO:0055085;GO:1905460;GO:0032991;GO:2000077;GO:0034976;GO:0019869;GO:0035377
P59384	GO:0004222;GO:0008201;GO:0004175;GO:0031012;GO:0009986;GO:0050840;GO:0008270;GO:0005615;GO:0062023;GO:0030198
Q56YN8	GO:0003682;GO:0005819;GO:0051301;GO:0009506;GO:0016363;GO:0005634;GO:0007062;GO:0000775;GO:0008278;GO:0005737;GO:0006281;GO:0007059;GO:0005524;GO:0000785;GO:0051321
Q66H20	GO:0005681;GO:0005634;GO:0006376;GO:0030426;GO:0033119;GO:0003729;GO:0043025;GO:0006417;GO:0021549;GO:0021510;GO:0043484;GO:2000177
P19110	GO:0039694;GO:0003725;GO:0039502;GO:0042025;GO:0019031;GO:0039564;GO:0004483;GO:0075512;GO:0005198;GO:0005576;GO:0044220;GO:0004482;GO:0005524;GO:0016021;GO:0019028;GO:0003724;GO:0003968;GO:0039654;GO:0039574;GO:0055036;GO:0046983;GO:0039563;GO:0044167;GO:0046872;GO:0039520;GO:0019062;GO:0004252
A1A5S1	GO:0046540;GO:0006403;GO:0005634;GO:0043021;GO:0071013;GO:0003713;GO:0071005;GO:0016607;GO:0000398;GO:0005682;GO:0003723;GO:0050681;GO:0000244;GO:0045944
Q0P3M4	GO:0006351;GO:0003899;GO:0003677;GO:0008270;GO:0009507
A6VL53	GO:0006811;GO:0046930;GO:0015481;GO:0042958;GO:0009279
O43909	GO:0046872;GO:0005789;GO:0030307;GO:0001888;GO:0036498;GO:0005794;GO:0016757;GO:0005783;GO:0016021;GO:0015012;GO:0006486
Q6BZ78	GO:0004535;GO:0003676;GO:0006397;GO:0006301;GO:0031251;GO:0046872;GO:0000289
Q5R5N5	GO:0003677;GO:0005634;GO:0046872
C4K208	GO:0004828;GO:0016260;GO:0097056;GO:0006434;GO:0005737;GO:0005524
P40605	GO:0016021
Q4R8E0	GO:0140468;GO:0017148;GO:0140467;GO:0005737;GO:0005524;GO:0004694
P29916	GO:0005886;GO:0048038;GO:0051287;GO:0050136
Q84WP3	GO:0003677;GO:0009507;GO:0005634
P0CQ44	GO:0003676;GO:0005634;GO:0004527;GO:0008408;GO:0006364;GO:0000027
A8GHZ4	GO:0030170;GO:0019264;GO:0005737;GO:0004372;GO:0035999
Q60894	GO:0004984;GO:0004930;GO:0007608;GO:0005886;GO:0016021;GO:0007186;GO:0005549
Q6S9C8	GO:0004301;GO:0008237;GO:0004177;GO:0005737;GO:0008270;GO:0004463;GO:0043171;GO:0019370
Q3JNY2	GO:0015416;GO:0005886;GO:0016887;GO:0005524
P22358	GO:0006457;GO:0051082;GO:0005524
Q6XKE6	GO:0004190;GO:0046740;GO:0003964;GO:0003887;GO:0003677;GO:0008270;GO:0004519
O94324	GO:0018105;GO:0005634;GO:0035556;GO:0005737;GO:0010508;GO:0005524;GO:0005829;GO:0004674;GO:0051321;GO:0023052
F6SNN2	GO:0003697;GO:0000403;GO:0051301;GO:0070336;GO:0005634;GO:0035861;GO:0051321;GO:0000406;GO:0000724;GO:0000014;GO:0003684;GO:0010792;GO:0003690
Q24YU1	GO:0042744;GO:0004096;GO:0046872;GO:0006979;GO:0020037
Q9AJ75	GO:0005737
Q6F149	GO:0006457;GO:0051082;GO:0005524
Q1CUX6	GO:0003676;GO:0006430;GO:0005737;GO:0004824;GO:0005524;GO:0000287
A0QZE3	GO:0016813;GO:0046872
Q3SFH1	GO:0003991;GO:0005737;GO:0042450;GO:0005524
Q6A6X1	GO:0006541;GO:0003922;GO:0005524;GO:0016462
Q55CQ7	GO:0005634;GO:0008139;GO:0008536;GO:0006606;GO:0005737;GO:0005635;GO:0005829;GO:0061608
Q58HT7	GO:0039694;GO:0003725;GO:0039502;GO:0042025;GO:0019031;GO:0039564;GO:0004483;GO:0075512;GO:0005198;GO:0005576;GO:0044220;GO:0004482;GO:0039707;GO:0005524;GO:0016021;GO:0019028;GO:0039545;GO:0005216;GO:0003724;GO:0033650;GO:0003968;GO:0039654;GO:0044385;GO:0039574;GO:0055036;GO:0051259;GO:0046983;GO:0044167;GO:0046872;GO:0039520;GO:0019062;GO:0004252
Q91YR7	GO:0046540;GO:0006403;GO:0005634;GO:0043021;GO:0071013;GO:0003713;GO:0071005;GO:0016607;GO:0000398;GO:0005682;GO:0003723;GO:0050681;GO:0000244;GO:0045944
Q9PT63	GO:0000777;GO:0005737;GO:0051301;GO:0007049;GO:0005815;GO:0000922
Q4U2R1	GO:0016567;GO:0005743;GO:0007283;GO:0005634;GO:0032183;GO:0061630;GO:0005737;GO:0005886;GO:0006281;GO:0043161;GO:0008270;GO:0005814;GO:0005829;GO:0031625;GO:0006974
A6LKB7	GO:0006351;GO:0003899;GO:0003677;GO:0008270;GO:0000287
A5FRM5	GO:0006096;GO:0005576;GO:0009986;GO:0000015;GO:0004634;GO:0000287
Q9K717	GO:0006096;GO:0005576;GO:0009986;GO:0000015;GO:0004634;GO:0000287
Q92622	GO:0006914;GO:0005769;GO:0006909;GO:1901981;GO:0010507;GO:0043553;GO:0005764;GO:0005654;GO:0071985;GO:1901097;GO:0043231;GO:0005829;GO:0006897;GO:0005770;GO:0045806;GO:0002376
Q6CHE5	GO:0008094;GO:0006312;GO:0032302;GO:0000735;GO:0007131;GO:0000710;GO:0032135;GO:0032300;GO:0005524;GO:0006298;GO:0043111;GO:0043570;GO:0051096
Q7U6F4	GO:0016874;GO:0006412;GO:0006464;GO:0005524;GO:0046872
Q3BPK7	GO:0051539;GO:0016830;GO:0009229;GO:0009228;GO:0008270
Q8RB68	GO:0006457;GO:0051082;GO:0005524
Q8K3Y3	GO:0035198;GO:0045686;GO:0000932;GO:0005634;GO:0007281;GO:0005737;GO:0003723;GO:0048863;GO:0010494;GO:0045666;GO:0010586;GO:0005791;GO:0003729;GO:1903800;GO:0031369;GO:2000767;GO:0045727;GO:0005829;GO:1901724;GO:0005730;GO:0002151;GO:0071076;GO:0071333;GO:1990904;GO:1990825;GO:0005844;GO:0010587;GO:0019827;GO:0032008;GO:0031123;GO:0017148;GO:1905538;GO:0008270;GO:0031054;GO:0060964;GO:0051897
A2RED2	GO:0006541;GO:0003922;GO:0005524;GO:0016462
Q67T14	GO:0000287;GO:0008966;GO:0005975
A4YRL1	GO:0006206;GO:0009032;GO:0006213;GO:0004645
P06829	GO:0019012;GO:0030430;GO:0004482;GO:0005524;GO:0003968
P19697	GO:0020002;GO:0046761;GO:0019064;GO:0055036;GO:0019031;GO:0075512;GO:0046789;GO:0016021;GO:0039654;GO:0019062
O05973	GO:0006065;GO:0003979;GO:0051287;GO:0000271
Q295E6	GO:0032508;GO:0003678;GO:0005759;GO:0003677;GO:0003724;GO:0005524
Q6L8J9	GO:0042802;GO:0003677;GO:0007623;GO:0004712;GO:0005524;GO:0006355;GO:0000287;GO:0004674;GO:0042752
P08696	GO:0042742;GO:0019835;GO:0004181;GO:0008270
Q6MG06	GO:0005525;GO:0003924;GO:0006974
P0CV68	GO:0009405;GO:0020002;GO:0005576;GO:0016020
A0R8C1	GO:0008360;GO:0009252;GO:0000902;GO:0009103;GO:0006048;GO:0003977;GO:0071555;GO:0005737;GO:0000287;GO:0009245;GO:0019134
Q5PBH2	GO:0003924;GO:0003746;GO:0005737;GO:0005525
P0DOK8	GO:0005576;GO:0055036;GO:0046983;GO:0019031;GO:0075512;GO:0019062;GO:0044167;GO:0016021;GO:0005198;GO:0039654;GO:0019028
Q8DSG5	GO:0030956;GO:0016787;GO:0050567;GO:0005524;GO:0006412
A7TNI7	GO:0006656;GO:0005789;GO:0032259;GO:0016021;GO:0004608
Q92614	GO:0005802;GO:0006259;GO:0043066;GO:0003723;GO:0150051;GO:0000139;GO:0048194;GO:0009986;GO:0007030;GO:0016020;GO:0005524;GO:0016459;GO:1903028;GO:0042641;GO:0050714;GO:0043030;GO:0090161;GO:0031032;GO:0003677;GO:0016477;GO:0090164;GO:0005793;GO:0051015;GO:0043531
B3QAA7	GO:0042744;GO:0004096;GO:0046872;GO:0006979;GO:0020037
Q9KWS7	GO:0006457;GO:0051082;GO:0005524
Q9CBM9	GO:0047804;GO:0009086;GO:0030170
Q1C1B8	GO:0016887;GO:0005886;GO:0015611;GO:0005524
Q4WZ64	GO:0016747;GO:0009821;GO:0044550;GO:0035837
Q2JJ09	GO:0065002;GO:0006605;GO:0042651;GO:0005737;GO:0005886;GO:0017038;GO:0005524
Q6CSN0	GO:0022857;GO:0006811;GO:0055072;GO:0005886;GO:0016021
Q86YR7	GO:0005085
Q5T890	GO:0005815;GO:0005739;GO:0005634;GO:0019901;GO:0034614;GO:0003677;GO:0005737;GO:0032991;GO:0005524;GO:0004386;GO:0036297
P0C6T7	GO:0019082;GO:0039579;GO:0039502;GO:0019079;GO:0039520;GO:0004197;GO:0003727;GO:0033644;GO:0016740;GO:0039548;GO:0004843;GO:0044220;GO:0039595;GO:0008270;GO:0016021;GO:0039648
Q5NN52	GO:0052865;GO:0009228;GO:0008661;GO:0030976;GO:0000287;GO:0016114
P14932	
Q9ZS97	GO:0006879;GO:2000030;GO:0042626;GO:0009570;GO:0016226;GO:0009507
B2KEV5	GO:0004828;GO:0016260;GO:0097056;GO:0006434;GO:0005737;GO:0005524
B3QLW4	GO:0050511;GO:0008360;GO:0009252;GO:0007049;GO:0030259;GO:0051301;GO:0071555;GO:0005886;GO:0051991;GO:0005975
C3L3G7	GO:0006457;GO:0051082;GO:0005524
O78484	GO:0006351;GO:0003899;GO:0003677;GO:0008270;GO:0000287;GO:0009507
Q751J3	GO:0016572;GO:0008630;GO:0000781;GO:0005634;GO:0006281;GO:0000077;GO:0005524;GO:0000723;GO:0004674;GO:0010212;GO:1904262;GO:0006974
Q8NF99	GO:0000978;GO:0006357;GO:0045892;GO:0005634;GO:0000981;GO:0005730;GO:0005737;GO:0005886;GO:0042803;GO:0046872;GO:0046982;GO:0005829;GO:0015630
D0NVF3	GO:0009405;GO:0005576;GO:0030430
P72578	GO:0047553;GO:0005737;GO:0019164;GO:0018491
Q6ZN08	GO:0000978;GO:0046872;GO:0006355;GO:0005634;GO:0000981
B7VK72	GO:0003723;GO:0051539;GO:0070041;GO:0005506
Q979B8	GO:0006430;GO:0000049;GO:0005737;GO:0004824;GO:0005524
B0TC48	GO:0003677;GO:0006351;GO:0032549;GO:0003899
Q02525	GO:0000978;GO:0006357;GO:0007283;GO:0005634;GO:0000981;GO:0007275;GO:0046872;GO:0030154
Q83MD3	GO:0019288;GO:0070402;GO:0030604;GO:0046872;GO:0016114
P0C6W6	GO:0039644;GO:0039694;GO:0019082;GO:0039502;GO:0039579;GO:0039520;GO:0004197;GO:0003727;GO:0032259;GO:0033644;GO:0003724;GO:0004519;GO:0003968;GO:0008168;GO:0044172;GO:0003678;GO:0006351;GO:0004843;GO:0004527;GO:0044220;GO:0039595;GO:0005524;GO:0016021;GO:0039648;GO:0008270
Q54PS7	GO:0046338;GO:0005576;GO:0031161;GO:0004620;GO:0009395
P20054	GO:0006807;GO:0046872;GO:0004151;GO:0005737;GO:0004070;GO:0005524;GO:0016597;GO:0006541;GO:0044205;GO:0006207;GO:0004088
Q3TTP0	GO:0007283;GO:0072687;GO:2001252;GO:0005737;GO:0007112;GO:0030154
Q0VC24	GO:0000466;GO:0000463;GO:0005730;GO:0043021;GO:0005654;GO:0051726;GO:0030687;GO:0007219;GO:0070545
Q2RLT8	GO:0006096;GO:0005576;GO:0009986;GO:0000015;GO:0004634;GO:0000287
A9A9U3	GO:0003924;GO:0003746;GO:0005737;GO:0005525
Q58497	GO:0009089;GO:0008836;GO:0030170
Q4L4I5	GO:0009380;GO:0016887;GO:0009432;GO:0003677;GO:0006289;GO:0005737;GO:0009381;GO:0005524
D2Q9D0	GO:0019787;GO:0070490;GO:0016879;GO:0010498;GO:0005524;GO:0019941;GO:0000287
Q28193	GO:0005576;GO:0046872;GO:1901394;GO:0005886;GO:0005794;GO:0010008;GO:0016021;GO:0004252
A6VD86	GO:0051539;GO:0016830;GO:0009229;GO:0009228;GO:0008270
O69268	GO:0006457;GO:0051082;GO:0005524
Q71WT9	GO:0009380;GO:0016887;GO:0009432;GO:0003677;GO:0006289;GO:0005737;GO:0009381;GO:0005524
P52963	GO:0031032;GO:0005737;GO:0008092;GO:0005856
A7HZ39	GO:0006457;GO:0051082;GO:0005524
F6M8H8	GO:0000287;GO:0010333
O82363	GO:0005739;GO:0009451;GO:0003723;GO:0000963;GO:0043231;GO:0080156
Q8Y4F5	GO:0009380;GO:0016887;GO:0009432;GO:0003677;GO:0006289;GO:0005737;GO:0009381;GO:0005524
Q9KD18	GO:0051539;GO:0046429;GO:0019288;GO:0005506;GO:0016114
Q3BQ65	GO:0006412;GO:0006464;GO:0016881;GO:0005524;GO:0046872
Q5HC04	GO:0006351;GO:0003899;GO:0003677;GO:0008270;GO:0000287
Q698V5	GO:0003968;GO:0019012;GO:0016787;GO:0000166
P0AG24	GO:0015969;GO:0008728;GO:0015949;GO:0015970;GO:0016301;GO:0005829;GO:0008893;GO:0042594
Q8DK70	GO:0051539;GO:0046429;GO:0019288;GO:0005506;GO:0016114;GO:0009055
Q3ZJ87	GO:0006412;GO:0016740;GO:0003735;GO:0009507;GO:0019843;GO:0015934
B2VEK6	GO:0009015;GO:0019545;GO:0019544
A2SFV1	GO:0019253;GO:0000287;GO:0004497;GO:0016984
Q2IIK1	GO:0034605;GO:0004176;GO:0043565;GO:0005737;GO:0005524;GO:0006515;GO:0004252
P21553	GO:0005737;GO:0006099;GO:0046912
O74853	GO:0005634;GO:0000981;GO:0003714;GO:0061630;GO:0000122;GO:0005794;GO:0008270;GO:0006355;GO:0000977;GO:0005829;GO:0070647
Q00313	GO:0003677;GO:0006265;GO:0003917;GO:0005694
O52831	GO:0006541;GO:0003922;GO:0005524;GO:0016462
A8FIC0	GO:0006223;GO:0044206;GO:0004845;GO:0005525;GO:0000287;GO:0009116
P55620	GO:0003677;GO:0006313;GO:0004803
Q8NF50	GO:0005085;GO:0061485;GO:0007264;GO:1990869;GO:0036336;GO:0031256;GO:0005737;GO:0016020;GO:0031258;GO:0070233;GO:1903905;GO:2000406;GO:0005829;GO:0043547;GO:0007596;GO:0001771
P24062	GO:1904646;GO:0051898;GO:0043410;GO:0032869;GO:0071393;GO:0043066;GO:0060740;GO:0071560;GO:0006468;GO:0048680;GO:0043409;GO:0021766;GO:0030315;GO:0006955;GO:0032467;GO:0005524;GO:0140318;GO:0016021;GO:0008286;GO:0090031;GO:0005887;GO:0035867;GO:0007409;GO:1990314;GO:0043560;GO:0038083;GO:0009887;GO:0007275;GO:0031667;GO:0046328;GO:0007568;GO:0071333;GO:0005899;GO:0045471;GO:0030325;GO:0090398;GO:0071549;GO:0043243;GO:1902911;GO:0032868;GO:0005010;GO:0001965;GO:0044877;GO:0030879;GO:0048015;GO:0043235;GO:0051446;GO:0005901;GO:0051897;GO:0042802;GO:0005158;GO:1902065;GO:0007420;GO:0005634;GO:0031994;GO:0048639;GO:1904193;GO:0044849;GO:0071260;GO:0014068;GO:0043548;GO:0005737;GO:0045056;GO:0005198;GO:0030424;GO:0045893;GO:0042593;GO:1903944;GO:0048661;GO:0003230;GO:0005009;GO:0097242;GO:0051389;GO:1904385;GO:0043025;GO:0051054;GO:0030010;GO:0005886;GO:0016020;GO:0046777;GO:0031175;GO:0033690;GO:0043231;GO:0120162;GO:0030238;GO:0071394;GO:0004713;GO:0008284;GO:0031017;GO:0021549;GO:0043005;GO:0033197;GO:0007169;GO:0030335;GO:0004714;GO:0097062;GO:0033674;GO:0008544;GO:0043559;GO:0071392;GO:0010656;GO:0048009;GO:1904045;GO:0043433;GO:0005520;GO:0035094;GO:0045840
Q3TLI0	GO:0034498;GO:1990071;GO:0005829;GO:0006891;GO:0030008
F4HVS0	GO:0006511;GO:0016567;GO:0006879;GO:0005634;GO:0016874;GO:0061630;GO:0043161;GO:0008270;GO:0016021;GO:0034756;GO:0033212;GO:0098711
Q3IFH4	GO:0006108;GO:0030060;GO:0006099;GO:0005975
Q09575	GO:0003676;GO:0015074;GO:0008270
Q63HI4	GO:0008360;GO:0009252;GO:0000902;GO:0009103;GO:0006048;GO:0003977;GO:0071555;GO:0005737;GO:0000287;GO:0009245;GO:0019134
Q9HDU3	GO:0042125;GO:0006012;GO:0003978;GO:0030246;GO:0052574;GO:0004034;GO:0005829
Q3K9D8	GO:0004165;GO:0006635;GO:0003857;GO:0004300;GO:0008692;GO:0036125
Q8QZR5	GO:0045722;GO:0009058;GO:0030170;GO:0004021;GO:0032869;GO:0005737;GO:0005615;GO:0042594;GO:0042853
P78695	GO:0051082;GO:0034663;GO:0005634;GO:0006986;GO:0031204;GO:0005737;GO:0005788;GO:0030968;GO:0042026;GO:0034620;GO:0001300;GO:0030433;GO:0044183;GO:0016020;GO:0051085;GO:0005524;GO:0031072;GO:0016887;GO:0051787;GO:0034099;GO:0070880;GO:0006616;GO:0000742
A0PRJ3	GO:0005737;GO:0036218;GO:0009117;GO:0035529
Q0VRN6	GO:0006072;GO:0019563;GO:0006071;GO:0005524;GO:0004370
Q5JD45	GO:0004817;GO:0005737;GO:0005524;GO:0008270;GO:0006423
Q3IHS1	GO:0030170;GO:0005737;GO:0006782;GO:0042286;GO:0008483
B1KHI4	GO:0051539;GO:0016830;GO:0009229;GO:0009228;GO:0008270
Q15PU4	GO:0019464;GO:0008483;GO:0004047
Q2G6G8	GO:0005737;GO:0004045;GO:0006412
Q28BX9	GO:0065002;GO:0031340;GO:0005509;GO:0010828;GO:0032587;GO:0032869;GO:0038028;GO:0005938;GO:0005886;GO:0090314;GO:0030659;GO:0072659;GO:0005544
B2GBN7	GO:0005525;GO:0003924;GO:0005737;GO:0003743
Q91WG2	GO:0008083;GO:0005769;GO:0005813;GO:1902017;GO:0043231;GO:0036064;GO:0030030;GO:0005829;GO:0006897;GO:0005096;GO:0015031
Q7V3T5	GO:0006457;GO:0051082;GO:0005524
P18084	GO:0006936;GO:0090136;GO:0034684;GO:0007229;GO:0007179;GO:0005925;GO:0009986;GO:0005886;GO:0001618;GO:0070062;GO:0033627;GO:0007160;GO:0043149;GO:0030198;GO:0038023;GO:0035987;GO:0002479;GO:0045335;GO:0005178;GO:0016477;GO:0043235
Q47Z95	GO:0009014;GO:0009089;GO:0050897;GO:0008270;GO:0019877
Q2KJF7	GO:0008887;GO:0005737;GO:0005794;GO:0005524;GO:0005829;GO:0006468
P15349	GO:0003677;GO:0006351;GO:0003899
Q30SX1	GO:0042026;GO:0005737;GO:0051082;GO:0005524
P17040	GO:0000978;GO:0006357;GO:0046872;GO:0005634;GO:0000981
Q3AJU8	GO:0004823;GO:0006429;GO:0002161;GO:0005737;GO:0005524
B7V362	GO:0051539;GO:0016830;GO:0009229;GO:0009228;GO:0008270
Q04UY8	GO:0006094;GO:0006096;GO:0005737;GO:0004347
P78698	GO:0005759;GO:0003870;GO:0030170;GO:1902117;GO:0006782
Q640I9	GO:0051864;GO:0005634;GO:0005730;GO:0008270;GO:0005694;GO:0045322;GO:0019843;GO:0070544
P0CN87	GO:0004640;GO:0004049;GO:0000162;GO:0004425;GO:0006541
Q9JKX3	GO:0033572;GO:0039706;GO:0090277;GO:0006879;GO:0006953;GO:0045944;GO:0055072;GO:1990712;GO:1903319;GO:0010039;GO:0045807;GO:0004998;GO:0071281;GO:0016021;GO:0140298;GO:0031410;GO:0005887;GO:0009897;GO:0006898
Q4V7A5	GO:0005886;GO:0005794;GO:0016021
Q48761	GO:0008094;GO:0003684;GO:0005524;GO:0046872;GO:0000725
Q9HZ95	GO:0017150;GO:0010181;GO:0000049;GO:0050660
B4L0G9	GO:0016567;GO:0045886;GO:0003779
A7GS60	GO:0043715;GO:0015977;GO:0016984;GO:0019509;GO:0000287;GO:0019284
Q8PSV9	GO:0006428;GO:0004822;GO:0002161;GO:0000049;GO:0005737;GO:0005524;GO:0008270
D3YU32	
Q5LFT6	GO:0019464;GO:0008483;GO:0004047
Q983E9	GO:0003676;GO:0004815;GO:0050560;GO:0005737;GO:0006422;GO:0005524
P29994	GO:0042802;GO:0097421;GO:0007204;GO:0044325;GO:2000347;GO:0042045;GO:0045121;GO:0015278;GO:0030658;GO:0005737;GO:0031094;GO:0070679;GO:0097060;GO:0005783;GO:0070059;GO:0071320;GO:0010976;GO:0001666;GO:0019855;GO:0016358;GO:0043065;GO:0031088;GO:0051209;GO:0030176;GO:0043025;GO:0035091;GO:0019903;GO:0005886;GO:0008022;GO:0030425;GO:0098695;GO:0098982;GO:0043231;GO:0005509;GO:0005637;GO:0005789;GO:0006816;GO:0005730;GO:0005955;GO:0050882;GO:0098793;GO:0030667;GO:0098685;GO:0005635;GO:1901215;GO:0005220;GO:0014069;GO:0030659;GO:0032469;GO:0048471;GO:0030868;GO:0044877;GO:0071456;GO:0051928;GO:0098794;GO:0032991;GO:0009791;GO:0016529;GO:0050849
P07859	GO:0043565;GO:0003700;GO:0005737;GO:0019439
Q197F1	GO:0003677;GO:0006351;GO:0046872;GO:0003899;GO:0032549
O39929	GO:0039694;GO:0039502;GO:0042025;GO:0004197;GO:0019031;GO:0039645;GO:0075512;GO:0005198;GO:0003723;GO:0044186;GO:0044220;GO:0039707;GO:0005524;GO:0016021;GO:0039547;GO:0039545;GO:0005216;GO:0017124;GO:0003724;GO:0003968;GO:0039654;GO:0044385;GO:0020002;GO:0055036;GO:0051259;GO:0019087;GO:0019013;GO:0039563;GO:0044167;GO:0008270;GO:0039520;GO:0044191;GO:0019062;GO:0004252
O14270	GO:0000978;GO:0006357;GO:0005634;GO:0000981;GO:0000917
O27606	GO:0009399;GO:0018697;GO:0016163;GO:0005524;GO:0046872;GO:0051536
A7FGK1	GO:0006635;GO:0003857;GO:0004300;GO:0005737;GO:0051287;GO:0008692
A6TWP7	GO:0004222;GO:0030163;GO:0016021;GO:0004176;GO:0005886;GO:0005524;GO:0008270
Q6GB72	GO:0009380;GO:0016887;GO:0009432;GO:0003677;GO:0006289;GO:0005737;GO:0009381;GO:0005524
Q4ZHS0	GO:0005737;GO:0020037;GO:0005525;GO:0004383;GO:0035556
Q5FFD8	GO:0006351;GO:0003899;GO:0003677;GO:0008270;GO:0000287
Q9UJW8	GO:0000977;GO:0000122;GO:0006357;GO:0046872;GO:0001227;GO:0000790;GO:0000981
Q20256	GO:0016936
Q90693	GO:0008158;GO:0097108;GO:0007224;GO:0005886;GO:0005119;GO:0005887
Q9LIE5	GO:0003700;GO:0042753;GO:0045893;GO:0005634;GO:0001228;GO:0008270;GO:0007623;GO:0009585;GO:0010017;GO:0010218;GO:1900056
P27401	GO:0004190;GO:0015074;GO:0019012;GO:0042025;GO:0030430;GO:0003964;GO:0003887;GO:0004523;GO:0075732;GO:0006310;GO:0044826;GO:0046872;GO:0003723;GO:0046718;GO:0075713
P17023	GO:0006357;GO:0001227;GO:0000790;GO:0000981;GO:0000122;GO:0046872;GO:0000977
Q8R828	GO:0047761;GO:0005737;GO:0005524
Q6G749	GO:0061599;GO:0032324;GO:0006777;GO:0046872
Q92269	GO:0003700;GO:0006357;GO:0005634;GO:0042128;GO:0043565;GO:0008270
Q5SYB0	GO:0008277;GO:0090150;GO:0005856;GO:0005886;GO:0032991;GO:0005829
Q60EX6	GO:0004722;GO:0005737;GO:0046872;GO:0005634;GO:0009742
Q1LIF4	GO:0006782;GO:0050661;GO:0008883
Q06455	GO:0006351;GO:0045892;GO:0045599;GO:0016363;GO:0005634;GO:0003714;GO:0003677;GO:0005654;GO:0046872
Q6PFC5	GO:0016021
B9KHV3	GO:0003924;GO:0003746;GO:0005737;GO:0005525
A0A0H3GM48	GO:0019932;GO:0006171;GO:0005886;GO:0005524;GO:0016021;GO:0016779;GO:0004016
P80011	GO:0003677;GO:0006313;GO:0004803
Q9X7F0	GO:0006260;GO:0005737;GO:0008408;GO:0003887
P16871	GO:0001915;GO:0003823;GO:0007165;GO:0004896;GO:0005576;GO:0048872;GO:0006955;GO:0038111;GO:0005886;GO:1904894;GO:0016021;GO:0007166;GO:0033089;GO:0004917;GO:0048535;GO:0061024;GO:0010628;GO:0000018;GO:0030665;GO:0042100;GO:0000902;GO:0008284;GO:0009897;GO:0002377;GO:0050830;GO:0008361;GO:0070233;GO:0030217
Q21480	GO:0000045;GO:0030242;GO:0000407;GO:0005789;GO:0061709;GO:0000422;GO:0032266;GO:0010508;GO:0019898;GO:0034045;GO:0034727;GO:0044805;GO:0005811
D3NRE7	GO:0006811;GO:0020037;GO:0006119;GO:0070469;GO:0005886;GO:0005506;GO:0016021;GO:0009055
Q5PGK9	GO:0046677;GO:0015562;GO:0008559;GO:0016887;GO:0005524;GO:0005887;GO:1990961
Q9PK57	GO:0009401;GO:0005737;GO:0016301;GO:0046872;GO:0008965
Q1JBM8	GO:0006541;GO:0003922;GO:0005524;GO:0016462
A1BD29	GO:0009317;GO:0016743;GO:0003989;GO:0006633;GO:0005524;GO:2001295
B8M7Q5	GO:0016567
Q5UQ35	GO:0016740;GO:0046872
Q04782	GO:0016104;GO:0000250;GO:0006696;GO:0042300;GO:0005811
P61438	GO:0042026;GO:0005737;GO:0051082;GO:0005524
P03443	GO:0020002;GO:0046761;GO:0019064;GO:0055036;GO:0019031;GO:0075512;GO:0046789;GO:0016021;GO:0039654;GO:0019062
Q88D59	GO:0006281;GO:0003911;GO:0006260
Q2SXC5	GO:0006096;GO:0005576;GO:0009986;GO:0000015;GO:0004634;GO:0000287
Q8BVQ5	GO:0051721;GO:0019901;GO:0051723;GO:0019903;GO:0006482;GO:0051722
Q82W86	GO:0065002;GO:0006605;GO:0005737;GO:0005886;GO:0017038;GO:0005524;GO:0046872
O66994	GO:0005886;GO:0055085;GO:0016021
Q1WU48	GO:0006420;GO:0005737;GO:0004814;GO:0005524
B8H610	GO:0042597;GO:0008360;GO:0043164
Q6BHL8	GO:0005634;GO:0035299;GO:0005524
Q9USN4	GO:0022857;GO:0006855;GO:0055085;GO:0000329;GO:0005783;GO:0042910;GO:0005887
Q55357	GO:0065002;GO:0006605;GO:0042651;GO:0005737;GO:0005886;GO:0017038;GO:0005524
Q2VEC3	GO:0015031;GO:0009706;GO:0016021
Q91285	GO:0031410;GO:0005634;GO:0005007;GO:0008284;GO:0005886;GO:0005524;GO:0016021;GO:0005829
F4HPZ9	GO:0015074;GO:0005634;GO:0009409;GO:0005737;GO:0003910;GO:0051103;GO:0006281;GO:0006310;GO:0005524;GO:1904975;GO:0006303;GO:2000685;GO:0002237;GO:0010225;GO:0048316;GO:0006273;GO:0003677;GO:0006266;GO:0046872;GO:0006979;GO:0009845;GO:0071897
P14629	GO:0003697;GO:0005634;GO:0004519;GO:0006289;GO:0046872
B6JL98	GO:0008233;GO:0016887;GO:0009376;GO:0043335;GO:0005524
Q5NM38	GO:0052865;GO:0009228;GO:0008661;GO:0030976;GO:0000287;GO:0016114
Q0SPA9	GO:0005737;GO:0006096;GO:0004618;GO:0005524
Q8K3X3	GO:0042802;GO:0042351;GO:0070401;GO:0008446;GO:0019673;GO:0007219
B5RBE4	GO:0006400;GO:0016705
A1VMA8	GO:1902560;GO:0003920;GO:0006163
O05264	GO:0008740;GO:0019301;GO:0005737;GO:0030145;GO:0019324
Q87AH8	GO:0005737;GO:0006096;GO:0004618;GO:0005524
Q255D3	GO:0002161;GO:0005737;GO:0004832;GO:0005524;GO:0006438
Q6NCP1	GO:0042744;GO:0004096;GO:0046872;GO:0006979;GO:0020037
Q47LI5	GO:0003677;GO:0006351;GO:0032549;GO:0003899
A8IRK7	GO:0003341;GO:0005930;GO:0031514
Q0RB64	GO:0042026;GO:0005737;GO:0051082;GO:0005524
A3DNY7	GO:0032259;GO:0008033;GO:0006364;GO:0003723;GO:0008168
Q5VMP0	GO:0006511;GO:1900618;GO:0019005;GO:0009414;GO:0005634;GO:0009934;GO:1902584;GO:0010016;GO:0009416;GO:0042335;GO:0007275;GO:0009926;GO:0010187;GO:0031146
P0DOH9	GO:0005576;GO:0055036;GO:0046983;GO:0019031;GO:0075512;GO:0019062;GO:0044167;GO:0016021;GO:0005198;GO:0039654;GO:0019028
Q8TBX8	GO:0010506;GO:0042802;GO:0070062;GO:2000786;GO:0016020;GO:0005776;GO:0006661;GO:0005524;GO:0005829;GO:0016309;GO:0014066;GO:0043229
Q13263	GO:0060028;GO:0005634;GO:0005719;GO:1990841;GO:0090309;GO:0090575;GO:0005654;GO:0000122;GO:1902187;GO:0003723;GO:0004842;GO:0045893;GO:0016925;GO:0006325;GO:0016032;GO:1901536;GO:0035851;GO:0006281;GO:0007566;GO:0046777;GO:0045869;GO:0003682;GO:0019789;GO:0004672;GO:0060669;GO:0003714;GO:0043565;GO:0007265;GO:0000785;GO:0031625;GO:0045739;GO:0043388;GO:2000653;GO:0042307;GO:0045892;GO:0070087;GO:0003677;GO:0003713;GO:0008270;GO:0045087;GO:0032991;GO:0043045;GO:0006367;GO:0005720;GO:0001837
A0RNU3	GO:0042026;GO:0005737;GO:0051082;GO:0005524
Q80T79	GO:0005886;GO:0050773;GO:0016021
B6EPS8	GO:0006412;GO:0016740;GO:0003735;GO:0019843;GO:0015934
Q92889	GO:0042802;GO:0005634;GO:1905768;GO:1990841;GO:0006293;GO:0047485;GO:0070522;GO:0005654;GO:0006289;GO:0004520;GO:0003684;GO:0000784;GO:0061819;GO:0000712;GO:0000724;GO:0006281;GO:0008022;GO:0000109;GO:0006296;GO:0000723;GO:0000014;GO:0009650;GO:0003697;GO:0010506;GO:0009411;GO:0033683;GO:0006303;GO:1904357;GO:0070911;GO:0000110;GO:0006283;GO:1905765;GO:0001094;GO:0000781;GO:0006295;GO:0034644;GO:0051974;GO:0032205;GO:1901255;GO:0036297
A5WWA0	GO:0006511;GO:0016567;GO:0048903;GO:0016055;GO:0048916;GO:0001525;GO:0048884;GO:0038018;GO:0072089;GO:0001889;GO:0090090;GO:2000051;GO:0046872;GO:0004842;GO:0005887
D4DLI5	GO:0009405;GO:0005576;GO:0004252
Q2XU92	GO:0007283;GO:0047676;GO:0005739;GO:0042759;GO:0006631;GO:0047617;GO:0006635;GO:0016405;GO:0005737;GO:0016020;GO:0007275;GO:0030154;GO:0005524;GO:0004467;GO:0005829;GO:0102391;GO:0003996
Q9JXK5	GO:0004642;GO:0046872;GO:0005737;GO:0005524;GO:0006189;GO:0006541
Q96DT5	GO:0060287;GO:0097729;GO:0031514;GO:0030317;GO:0051959;GO:0005576;GO:0030286;GO:0097728;GO:0120134;GO:0005930;GO:0005524;GO:0045505;GO:0007611;GO:0007018;GO:0007368;GO:0060411;GO:0005874;GO:0035545;GO:0003341;GO:0008569;GO:0003356
P61439	GO:0006457;GO:0051082;GO:0009408;GO:1990220;GO:0051085;GO:0005524;GO:0042026
Q8Y822	GO:0016462;GO:0005524;GO:0006541;GO:0005829;GO:0003922;GO:0003921;GO:0006177
P16356	GO:0006351;GO:0046872;GO:0005634;GO:0003899;GO:0007369;GO:0003677;GO:2000543;GO:0005665;GO:0005694;GO:0035327;GO:0045893;GO:0042789;GO:0009792
Q9AJ80	GO:0005737
O82500	GO:0010193;GO:0005739;GO:0007165;GO:0061809;GO:0006952;GO:0050135;GO:0043531
Q52CS0	GO:0000407;GO:0006914;GO:0008641;GO:0015031
Q05681	GO:0031505;GO:0097720;GO:0005516;GO:0005955;GO:0005737;GO:0033192;GO:0046872
B8GRJ2	GO:0003676;GO:0006430;GO:0005737;GO:0004824;GO:0005524;GO:0000287
Q04921	GO:0031105;GO:0030437;GO:0072687;GO:0060090;GO:0000917;GO:0005525;GO:0005198;GO:0005935;GO:0032186;GO:0061640;GO:0005829;GO:0032153;GO:0015630;GO:0003924;GO:0005628;GO:0005876;GO:0034613;GO:0005940;GO:0005619;GO:0097271;GO:0000915
A4F6W7	GO:0004817;GO:0005737;GO:0005524;GO:0008270;GO:0006423
Q92HH1	GO:0003678;GO:1990077;GO:0003677;GO:0005524;GO:0006269;GO:0006268;GO:0008270
P20233	GO:0055072;GO:0046872;GO:0006811;GO:0005615
B3E8G0	GO:0042026;GO:0005737;GO:0051082;GO:0005524
P37932	GO:0005759;GO:0004222;GO:0006627;GO:0046872
P40971	GO:0000978;GO:2001196;GO:0005634;GO:0045944;GO:0001228;GO:0043565;GO:0008270;GO:0009085
E7FAW3	GO:0008104;GO:0019901;GO:0030220;GO:0016020;GO:0005783;GO:0005829
B0RN79	GO:0008152;GO:0047388;GO:0008882;GO:0000820;GO:0005524;GO:0000287
A4TM82	GO:0006635;GO:0003857;GO:0004300;GO:0005737;GO:0051287;GO:0008692
Q1DX43	GO:0005789;GO:0006888;GO:0015031;GO:0012507
Q164E9	GO:0000287;GO:0016779;GO:0005524
P47169	GO:0051539;GO:0009086;GO:0010181;GO:0000097;GO:0019344;GO:0020037;GO:0009337;GO:0071944;GO:0000103;GO:0005737;GO:0016002;GO:0050661;GO:0004783;GO:0046872;GO:0050311;GO:0070814;GO:0000324;GO:0010494
O25254	GO:0008233;GO:0016887;GO:0009376;GO:0043335;GO:0005524
B0K212	GO:0051539;GO:0003678;GO:0000724;GO:0005524;GO:0046872;GO:0003690;GO:0008409
Q91VI7	GO:0005654;GO:0008428;GO:0045765;GO:0005829;GO:0032311
Q4ZY06	GO:0004457;GO:0010181;GO:0005886;GO:0019516
B1IRU7	GO:1905887;GO:0016887;GO:0042626;GO:0005886;GO:0005524;GO:0016021
A2X6X1	GO:0008353;GO:0004693;GO:0005524
Q9UKA9	GO:0005681;GO:0006376;GO:0005634;GO:0030426;GO:0033119;GO:0003729;GO:0043025;GO:0006417;GO:0021549;GO:0003723;GO:0021510;GO:0043484;GO:2000177
Q8KB35	GO:0006096;GO:0005576;GO:0009986;GO:0000015;GO:0004634;GO:0000287
Q5RBS4	GO:0036503;GO:0048515;GO:0044322;GO:0045732;GO:0006915;GO:0005789;GO:0033619;GO:0034620;GO:0004175;GO:0034644;GO:0030176;GO:0010954;GO:0043066;GO:0051047;GO:0031966;GO:0043687;GO:0031293;GO:0004252
Q05070	GO:0016021
P0CN86	GO:0004640;GO:0004049;GO:0000162;GO:0004425;GO:0006541
A9MLC3	GO:0004457;GO:0010181;GO:0005886;GO:0019516
A0Q2S8	GO:0006541;GO:0003922;GO:0005524;GO:0016462
B4TSR7	GO:0006400;GO:0016705
A4K436	GO:0032508;GO:0003678;GO:0051539;GO:0006260;GO:0005634;GO:0003677;GO:0045910;GO:0006281;GO:0006310;GO:0010569;GO:0070182;GO:0005524;GO:0046872;GO:1904430;GO:0000723;GO:0090657
Q9R1A3	GO:0007520;GO:0005576;GO:0005604;GO:0008045;GO:0016358;GO:0009887;GO:0009888;GO:0005794;GO:0005102;GO:0006355;GO:0007409
Q3MF37	GO:0051539;GO:0044689;GO:0005506
Q5R789	GO:0034470;GO:0005681;GO:0003676;GO:0006397;GO:0005654;GO:0008380;GO:0008270
B2HEK5	GO:0005737;GO:0036218;GO:0009117;GO:0035529
B8CRF2	GO:0016631;GO:0004318;GO:0051287;GO:0006633
Q86UF2	GO:0005789;GO:0009306;GO:0070971;GO:0016021;GO:0006888;GO:0035459
Q6PFJ9	GO:0006511;GO:0016567;GO:0032436;GO:0005634;GO:0097413;GO:0061630;GO:0016604;GO:0005737;GO:0000209;GO:0008270;GO:0031624;GO:0004842;GO:0000151
Q7MX26	GO:0006351;GO:0003899;GO:0003677;GO:0008270;GO:0000287
Q87M24	GO:0008973;GO:0006015;GO:0005737;GO:0043094;GO:0030145;GO:0000287;GO:0009264
O02768	GO:0001516;GO:0033138;GO:0008217;GO:0150077;GO:0005737;GO:0042803;GO:0050873;GO:0019899;GO:0004601;GO:0071471;GO:0004666;GO:0007566;GO:0042127;GO:1902219;GO:0031622;GO:0005637;GO:0005789;GO:0005640;GO:0090336;GO:0006954;GO:0043005;GO:0043154;GO:0020037;GO:0071456;GO:0071498;GO:0046872;GO:0006979;GO:0051213;GO:0046697;GO:0031394;GO:0019371
Q9R1D7	GO:0032012;GO:0008289;GO:0016020;GO:0005794;GO:0005793;GO:0005086;GO:0005811;GO:0015031
Q7NBH3	GO:0051539;GO:0046429;GO:0019288;GO:0005506;GO:0016114
Q6GEG1	GO:0061599;GO:0032324;GO:0006777;GO:0046872
Q68EF8	GO:0005085;GO:0007264
Q68W74	GO:0045239;GO:0004333;GO:0006099;GO:0006106
Q8Z2E5	GO:0004457;GO:0010181;GO:0005886;GO:0019516
Q6FT12	GO:0005085;GO:0005933;GO:0007264;GO:0007049;GO:0016192;GO:0051301;GO:0031536;GO:0061510;GO:0005737
Q135W6	GO:0006457;GO:0051301;GO:0007049;GO:0005737;GO:0003755;GO:0015031
O97302	GO:0020002;GO:0005576;GO:0043655;GO:0020009;GO:0033644;GO:0034494;GO:0016020;GO:0005886;GO:0044409;GO:0032991;GO:0031410
B7GGJ1	GO:0016874
Q41874	GO:0003924;GO:0005819;GO:0007020;GO:0031122;GO:0005874;GO:0000278;GO:0005634;GO:0007017;GO:0000070;GO:0007052;GO:0005737;GO:0005200;GO:0000212;GO:0005525;GO:0000930;GO:0000226
Q502K2	GO:0090501;GO:0032567;GO:0005634;GO:0008832;GO:0005525;GO:0003723;GO:0016793;GO:0006974;GO:0110025;GO:0051289;GO:0000724;GO:0045088;GO:0003697;GO:0046061;GO:0006203;GO:0003676;GO:0051607;GO:0009264;GO:0016446;GO:0035861;GO:0008270;GO:0060339;GO:0045087
O31945	GO:0003899;GO:0046872
Q3UHF7	GO:0003700;GO:0000978;GO:0006351;GO:0007165;GO:0005667;GO:0005654;GO:0001228;GO:0046872;GO:0045944
Q6INP9	GO:0005085;GO:0007264
Q66FP5	GO:0051539;GO:0016830;GO:0009229;GO:0009228;GO:0008270
Q2J4S8	GO:0044208;GO:0004019;GO:0005737;GO:0005525;GO:0000287
Q13972	GO:0048167;GO:0007165;GO:0000165;GO:0035023;GO:0035020;GO:2000310;GO:0046579;GO:0048168;GO:0007264;GO:0005088;GO:0005886;GO:0005829;GO:0043547;GO:0005085;GO:0007616;GO:0008283;GO:0043005;GO:0046578;GO:0035254;GO:0030426;GO:0090630;GO:0031175;GO:0034976
A8E657	GO:0004753;GO:0047131;GO:0005739;GO:0005737;GO:0033512;GO:0019878;GO:0047130
Q0U1B1	GO:0051010;GO:0051301;GO:0031023;GO:0000922;GO:0005875;GO:0007097;GO:0047496;GO:0070840;GO:0000132;GO:0005635;GO:0005881;GO:0051012;GO:0000776;GO:2000574
Q2YUL6	GO:0004139;GO:0005737;GO:0016052;GO:0009264;GO:0046386
B0XT09	GO:0016740;GO:0005886;GO:0031225
A5UZF9	GO:0009073;GO:0005737;GO:0009423;GO:0003866
Q8XED0	GO:0046677;GO:0015562;GO:0008559;GO:0016887;GO:0005524;GO:0005887;GO:1990961
Q9LDX1	GO:0009616;GO:0010025;GO:0050688;GO:0010050;GO:0010267;GO:0016032;GO:0005737;GO:0005783;GO:0051607;GO:0005829;GO:0048471
B0ZSF2	GO:0019068;GO:0099000;GO:0003677;GO:0005198;GO:0019028
B9DRU2	GO:0000049;GO:0005737;GO:0005524;GO:0004826;GO:0000287;GO:0006432
Q04VF1	GO:0051539;GO:0016830;GO:0009229;GO:0009228;GO:0008270
Q0VGU4	GO:0042742;GO:0048167;GO:0009409;GO:0005794;GO:0033500;GO:0031410;GO:0051591;GO:0042593;GO:0045202;GO:0005576;GO:0048168;GO:0019953;GO:0043025;GO:0005184;GO:0030073;GO:0043231;GO:0008083;GO:0030133;GO:0001541;GO:0043084;GO:0006091;GO:0030667;GO:0043005;GO:0002021;GO:0032868;GO:0005179;GO:0005615
Q9QX96	GO:0000976;GO:0006357;GO:0045892;GO:0005634;GO:0000981;GO:0044877;GO:0001228;GO:0001654;GO:0000122;GO:0046872;GO:0000977;GO:0021915;GO:0045944
Q6KZA3	GO:0005524;GO:0005737;GO:0006433;GO:0004827
O42643	GO:0000390;GO:0005684;GO:0005634;GO:0071014;GO:0003724;GO:0005524;GO:0003723;GO:0071013
Q4ZG55	GO:0005654;GO:0070062;GO:0016021
A6LRN4	GO:0006457;GO:0051082;GO:0005524
Q63XL8	GO:0004749;GO:0009165;GO:0006015;GO:0009156;GO:0005737;GO:0016301;GO:0005524;GO:0000287;GO:0009116
A6WNV3	GO:0009014;GO:0009089;GO:0050897;GO:0008270;GO:0019877
Q9QY24	GO:0042802;GO:0003725;GO:0050727;GO:0050729;GO:0006915;GO:0005634;GO:0016032;GO:0043065;GO:0003677;GO:0005737;GO:0051607;GO:0060545;GO:0060340;GO:0070269;GO:2000659;GO:0003692;GO:0005829;GO:0045087;GO:0002218
B5FG12	GO:0006412;GO:0016740;GO:0003735;GO:0019843;GO:0015934
B4TZU7	GO:0004457;GO:0010181;GO:0005886;GO:0019516
Q9LL84	GO:0009506;GO:0032807;GO:0006260;GO:0003910;GO:0003677;GO:0006303;GO:0051103;GO:0006310;GO:0006297;GO:0005524;GO:0046872;GO:0071897;GO:0010165;GO:0006302;GO:0006974
A8F7F7	GO:0004222;GO:0030163;GO:0016021;GO:0004176;GO:0005886;GO:0005524;GO:0008270
Q9ZZT8	GO:0046872;GO:0005743;GO:0008121;GO:0022904;GO:0016021;GO:0045275
Q814H1	GO:0044208;GO:0046040;GO:0004019;GO:0005737;GO:0005525;GO:0000287
F4KIF3	GO:0010114;GO:0042742;GO:0009416;GO:0007165;GO:0061809;GO:0007275;GO:0005524;GO:0050135;GO:0043531
B4HSL7	GO:0032447;GO:0000049;GO:0002098;GO:0005829;GO:0016779;GO:0034227
A8A066	GO:1905887;GO:0016887;GO:0042626;GO:0005886;GO:0005524;GO:0016021
Q571J5	GO:0031965;GO:0000978;GO:0006357;GO:0046872;GO:0005634;GO:0000981;GO:0005829
Q2YUU4	GO:0004139;GO:0005737;GO:0016052;GO:0009264;GO:0046386
O84075	GO:0046872;GO:0005886;GO:0004222;GO:0016021
E1BFR5	GO:0005813;GO:0051721;GO:0032154;GO:0051301;GO:0018105;GO:0032515;GO:0000278;GO:0005634;GO:0035556;GO:0005737;GO:0005524;GO:0000086;GO:0004674;GO:0006974
O06179	GO:0005829;GO:0018580;GO:0004314;GO:0006633
Q9HWT7	GO:0050660;GO:0010124;GO:0016627;GO:0052881;GO:0042803
A5CWF9	GO:0006435;GO:0000049;GO:0004829;GO:0005737;GO:0005524;GO:0046872
P76347	GO:0009405;GO:0043708;GO:0009279
Q00493	GO:0033366;GO:0016485;GO:0045121;GO:0030658;GO:0030141;GO:0050839;GO:0005794;GO:0097060;GO:0034230;GO:0005576;GO:0016055;GO:2000173;GO:0006518;GO:0043025;GO:0030425;GO:0042043;GO:0043204;GO:0003214;GO:0043171;GO:0072657;GO:0030072;GO:0030667;GO:0008233;GO:0004180;GO:0019904;GO:0004181;GO:0031045;GO:0008270;GO:0005615;GO:0050897;GO:0030070
Q3AQC6	GO:0000049;GO:0005737;GO:0005524;GO:0004826;GO:0000287;GO:0006432
B1XP50	GO:0004479
B7V0A3	GO:0006428;GO:0004822;GO:0002161;GO:0000049;GO:0005737;GO:0005524;GO:0008270
Q6DBY0	GO:0045893;GO:0031080;GO:0006406;GO:0006606;GO:0031965;GO:0072006;GO:0017056
Q54QR9	GO:1905742;GO:0017018;GO:0031034;GO:0008287;GO:0005737;GO:0005886;GO:0000159;GO:0019888;GO:0005198;GO:0005829
A2CG49	GO:0098989;GO:0098978;GO:0035023;GO:0005654;GO:0005856;GO:0035176;GO:0004674;GO:0046959;GO:0019899;GO:0060137;GO:0050773;GO:0061003;GO:0098696;GO:0043025;GO:0007528;GO:0005524;GO:0005829;GO:0043547;GO:0060125;GO:0008344;GO:0007409;GO:0005085;GO:0042711;GO:0007613;GO:0035556;GO:0098793;GO:0007595;GO:0043005;GO:0005089;GO:0014069;GO:0048471;GO:0007399;GO:1905274;GO:0098885;GO:0046872;GO:0099645
O88665	GO:0008134;GO:0016055;GO:0000976;GO:0006357;GO:0007049;GO:0042393;GO:0005634;GO:0045892;GO:0002039;GO:0035066;GO:0008285;GO:2000134;GO:0003714;GO:0005654;GO:0070577;GO:0003713;GO:0005829;GO:0045893
Q5XIN9	GO:0003677;GO:0005737;GO:0005813
Q2FQE9	GO:0046933;GO:0046961;GO:0005524;GO:0042777
Q11UA6	GO:0006541;GO:0004359
Q06817	GO:0015966;GO:0004820;GO:0006426;GO:0005739;GO:0046983;GO:0005737;GO:0070150;GO:0005524;GO:0016740
Q96SK3	GO:0000978;GO:0006357;GO:0046872;GO:0005634;GO:0000981
Q08ER8	GO:0000978;GO:0006357;GO:0046872;GO:0005634;GO:0000981
Q2G7A9	GO:0051539;GO:0016830;GO:0009229;GO:0009228;GO:0008270
Q10295	GO:0033621;GO:0006378;GO:0046872;GO:0033620;GO:1990251;GO:0005634;GO:0005847;GO:1990817;GO:0005654;GO:0005524;GO:0007129;GO:0003723;GO:0004652;GO:0005829
A4J4E2	GO:0051539;GO:0003678;GO:0000724;GO:0005524;GO:0046872;GO:0003690;GO:0008409
Q55FT1	GO:0051539;GO:0006212;GO:0019483;GO:0017113;GO:0005737;GO:0002058;GO:0006210;GO:0050661;GO:0046872;GO:0051536;GO:0005829;GO:0006214
Q1QDC1	GO:0009014;GO:0009089;GO:0050897;GO:0008270;GO:0019877
L0N7N1	GO:0032487;GO:0043523;GO:0030155;GO:0090543;GO:0030165;GO:0051301;GO:0005634;GO:0019901;GO:0030496;GO:1903429;GO:0031641;GO:0043066;GO:0031146;GO:0007080;GO:0021772;GO:0032147;GO:0021846;GO:0021766;GO:0032467;GO:2000045;GO:0021695;GO:0005886;GO:0016020;GO:0034446;GO:0005524;GO:0005829;GO:0033624;GO:0051233;GO:0021987;GO:0005871;GO:0030334;GO:0008017;GO:0008574;GO:0016887;GO:0001558;GO:0008284;GO:0015631;GO:0007018;GO:0043524;GO:0021685;GO:0003777;GO:0010389;GO:0005874;GO:0045184;GO:0043161;GO:0021693
P0C0K3	GO:0000287;GO:0004674;GO:0005524;GO:0005737
P0C955	GO:0031505;GO:0071970;GO:0034411;GO:0031225;GO:0042124;GO:0009277;GO:0005886;GO:0005618
Q8ZQ23	GO:0006400;GO:0016705
A6QPH9	GO:0005634;GO:0008270
B4R8K5	GO:0003677;GO:0006351;GO:0032549;GO:0003899
B1J815	GO:0009039;GO:0005737;GO:0016151;GO:0043419
Q9S823	GO:0008017;GO:0009826;GO:0051513;GO:0005856;GO:0005829
Q54Q80	GO:0032259;GO:0008168;GO:0046872
P0CY46	GO:0004714;GO:0007275;GO:0005524;GO:0016021;GO:0007169
O62305	GO:0010628;GO:0042802;GO:0044325;GO:0046872;GO:1904115;GO:0018105;GO:0005516;GO:0000165;GO:0018107;GO:0005737;GO:0072375;GO:0005524;GO:0004683;GO:0043005;GO:0006468;GO:0043204
B3WCJ6	
C1F9E6	GO:0006096;GO:0005576;GO:0009986;GO:0000015;GO:0004634;GO:0000287
Q6IE24	GO:0016579;GO:0004843
Q4WAY3	GO:0006633;GO:0004315;GO:0016491;GO:0016114;GO:0031177
Q46L78	GO:0000287;GO:0000162;GO:0004048
B2UTX2	GO:0008233;GO:0016887;GO:0009376;GO:0043335;GO:0005524
Q8C8R3	GO:0044325;GO:0045211;GO:0005739;GO:0051117;GO:0086066;GO:0005737;GO:0005856;GO:0086091;GO:0030018;GO:0030674;GO:0098910;GO:2001257;GO:0055117;GO:0055037;GO:1901021;GO:0086004;GO:0030315;GO:0006874;GO:0086036;GO:0036371;GO:0086015;GO:0005886;GO:0031430;GO:0031647;GO:0010882;GO:0050821;GO:0034394;GO:0015459;GO:0005887;GO:0033292;GO:0070972;GO:0010628;GO:1901019;GO:1901018;GO:0008104;GO:0005764;GO:2001259;GO:0031672;GO:0086070;GO:0014704;GO:0098904;GO:0034613;GO:0051924;GO:0086014;GO:0014069;GO:0042383;GO:0048471;GO:0072659;GO:0002027;GO:0005769;GO:0043268;GO:0060048;GO:0098907;GO:0010881;GO:0051928;GO:0043034;GO:0036309;GO:0006897;GO:0015031
P05718	GO:0046872;GO:0005743;GO:0008121;GO:0022904;GO:0016021;GO:0045275
E3W204	GO:0000287;GO:0010333
Q9FZL3	GO:0009247;GO:0046509;GO:0031969
C5FM58	GO:0016765;GO:0009820
Q54QE8	GO:0016021
A4TQJ9	GO:0003924;GO:0005737;GO:0006449;GO:0005525;GO:0016149
P36725	GO:0003678;GO:0042025;GO:0006260;GO:0003677;GO:0005524
Q4AEG8	GO:0045493;GO:0005576;GO:0009044
Q988V7	GO:0016832;GO:0005975
Q96Y66	GO:0047553;GO:0019164;GO:0018491
P29621	GO:0004867;GO:0034097;GO:0043434;GO:0005615;GO:0010951
A0JM49	GO:0072344;GO:0043023;GO:0061630;GO:0043161;GO:0008270;GO:0005829;GO:1990116;GO:1990112
P93298	GO:0005743;GO:0045263;GO:0015986;GO:0015078;GO:0016021
A0A0E3JT70	GO:0047553;GO:0019164;GO:0018491
Q0HLP0	GO:0003887;GO:0005737;GO:0006281;GO:0000287;GO:0003684;GO:0006261
Q299G2	GO:0008360;GO:0030866;GO:0033627;GO:0045177;GO:0022416;GO:0060269;GO:0048365;GO:0050807;GO:0051491;GO:0007411;GO:0031209;GO:0030031;GO:0030833;GO:0001745
Q5VJ76	GO:0009405;GO:0005576;GO:0004252
B1WQL2	GO:0008360;GO:0009252;GO:0007049;GO:0051301;GO:0071555;GO:0005737;GO:0008763;GO:0005524
Q9V035	GO:0051539;GO:0033726;GO:0046872;GO:0009055
Q43776	GO:0006430;GO:0000049;GO:0004824;GO:0005524;GO:0005829
P0C6F6	GO:0019082;GO:0039648;GO:0004843;GO:0019079;GO:0039520;GO:0004197;GO:0033644;GO:0044220;GO:0008270;GO:0016021;GO:0003723;GO:0016740;GO:0039548
Q9Y2F5	GO:0015030;GO:0035327;GO:0031334;GO:0042795;GO:0045945;GO:0005654;GO:0016604;GO:0035363;GO:0042796;GO:0090316;GO:0030674;GO:0008023
Q5WLR9	GO:0006351;GO:0003899;GO:0003677;GO:0008270;GO:0000287
Q6N1H2	GO:0009408;GO:0016887;GO:0005737;GO:0005524;GO:0042026
Q54CW7	GO:0008998;GO:0009142;GO:0004748;GO:0006260;GO:0000166;GO:0031419
C1AZL1	GO:0008878;GO:0005524;GO:0005978
Q96V54	GO:0006511;GO:0004843;GO:0005634;GO:0004197;GO:0016579;GO:0005829;GO:0045013
B7KJJ4	GO:0051539;GO:0046429;GO:0019288;GO:0005506;GO:0016114
P73955	GO:0005737;GO:0006741;GO:0019674;GO:0005524;GO:0046872;GO:0003951
Q9Z148	GO:0070734;GO:0018027;GO:0007286;GO:0035265;GO:0005634;GO:0006275;GO:1990841;GO:0006306;GO:0007281;GO:0005654;GO:1902902;GO:0000122;GO:0051569;GO:0051570;GO:0016571;GO:0044030;GO:0034968;GO:0006357;GO:0007130;GO:0018024;GO:0046974;GO:0016607;GO:0009566;GO:0016279;GO:0007616;GO:0000790;GO:0035690;GO:0070742;GO:0000977;GO:0046976;GO:0048665;GO:0048148;GO:0045471;GO:0060992;GO:0036166;GO:0071314;GO:0002039;GO:0010424;GO:0009267;GO:0051567;GO:0008270
Q8P1K1	GO:0000049;GO:0005737;GO:0005524;GO:0004826;GO:0000287;GO:0006432
P38097	GO:0052621;GO:0016021;GO:0005886;GO:0046872;GO:0005525
F4JP52	GO:0016567;GO:0046686;GO:0009651;GO:0009414;GO:0005634;GO:0072756;GO:0006397;GO:1902883;GO:1901562;GO:0061630;GO:1902884;GO:0061659;GO:0008270;GO:0006979;GO:0010555;GO:0034971;GO:0042542
Q84UQ1	GO:0005634;GO:0003724;GO:0005524;GO:0000398;GO:0003723
C0QY98	GO:0006433;GO:0002161;GO:0005737;GO:0005524;GO:0004827
P42682	GO:0050852;GO:0005634;GO:0032633;GO:0005737;GO:0007229;GO:0010543;GO:0006468;GO:0000978;GO:0042246;GO:0032729;GO:0005886;GO:0032609;GO:0046777;GO:0005524;GO:0060335;GO:0002250;GO:0038083;GO:0004715;GO:0001816;GO:0007202;GO:0001865;GO:0045944;GO:0001228;GO:0010468
P0C6W0	GO:0039694;GO:0039520;GO:0004197;GO:0032259;GO:0004519;GO:0003723;GO:0039548;GO:0004843;GO:0044220;GO:0005524;GO:0016021;GO:0019082;GO:0033644;GO:0003724;GO:0003968;GO:0008168;GO:0044172;GO:0003678;GO:0006351;GO:0004527;GO:0008270;GO:0039648
A0RPW7	GO:0006457;GO:0051082;GO:0005524
F1RD85	GO:0061053;GO:0005507;GO:0060021;GO:0021510;GO:1905590;GO:2000329;GO:0005634;GO:0006954;GO:0005737;GO:0016020;GO:0001968;GO:0005615;GO:0005044;GO:0004720;GO:0030199;GO:0018057;GO:0030324;GO:2001046
Q5RBY8	GO:0005634;GO:0005737
Q99K51	GO:0005509;GO:0032420;GO:0060348;GO:0051017;GO:0005884;GO:0005886;GO:0005737;GO:0051639;GO:0051015;GO:0005829;GO:0032432
A6VXT1	GO:0006433;GO:0002161;GO:0005737;GO:0005524;GO:0004827
Q9SZB4	GO:0005681;GO:0046872;GO:0003724;GO:0005524;GO:0000398;GO:0003723
Q8YCE2	GO:0042597;GO:0008643
Q5KUI3	GO:0006223;GO:0044206;GO:0004845;GO:0005525;GO:0000287;GO:0009116
Q4WVU5	GO:0006457;GO:0000413;GO:0005634;GO:0000209;GO:0034450;GO:0003755
B1H009	GO:0006457;GO:0051082;GO:0005524
O87455	GO:0000160;GO:0008134;GO:0003677;GO:0005524;GO:0006355
O14186	GO:0005829;GO:0032008;GO:0035859;GO:0070647
P75563	GO:0000049;GO:0005737;GO:0005524;GO:0004826;GO:0000287;GO:0006432
Q9FK27	GO:0046872
A7MYT5	GO:0006419;GO:0000049;GO:0005737;GO:0004813;GO:0005524;GO:0008270
Q6R8G3	GO:0005802;GO:0005737;GO:0005886;GO:0005794;GO:0006817;GO:0000822;GO:0016021;GO:0016036;GO:0015114
Q5FWU8	GO:0016324;GO:0046872;GO:1905505;GO:0036159;GO:0036158;GO:0005737;GO:0034451;GO:0005929;GO:0044458
Q0RBS5	GO:0042026;GO:0005737;GO:0051082;GO:0005524
B1YW60	GO:0051539;GO:0016830;GO:0009229;GO:0009228;GO:0008270
Q5VUD6	GO:0005789;GO:0016021
Q6CVK3	GO:0031454;GO:0042789;GO:0001178;GO:0042393;GO:0043618;GO:0070827;GO:0000122;GO:0051569;GO:0000414;GO:0016584;GO:0001073;GO:0060303;GO:0031440;GO:0071931;GO:0006334;GO:0032968;GO:0006338;GO:0003677;GO:1900050;GO:0000433;GO:0035327;GO:0016973;GO:0031491;GO:0031618
B2UEG9	GO:0009073;GO:0005737;GO:0009423;GO:0000166;GO:0046872;GO:0003856
Q18823	GO:0005604;GO:0040017;GO:0009887;GO:0009888;GO:0016477;GO:0034446
Q7N4W0	GO:0019380;GO:0051537;GO:0008695;GO:0005506
Q80U87	GO:0006511;GO:1990090;GO:0098978;GO:0005634;GO:0030496;GO:0071108;GO:0005737;GO:0090263;GO:0007032;GO:0004843;GO:0099576;GO:0032880;GO:0031313;GO:0031647;GO:0005829;GO:0043197;GO:0019897;GO:0017124;GO:0016579;GO:0007265;GO:0014069;GO:0070536;GO:0008234;GO:0005769;GO:0000281
Q9LFE4	GO:0009507;GO:0009536;GO:0005875;GO:0007131
O14628	GO:0000978;GO:0008270;GO:0006355;GO:0005634;GO:0000981
B4SG04	GO:0009317;GO:0016743;GO:0003989;GO:0006633;GO:0005524;GO:2001295
Q8W4J9	GO:0002230;GO:0009637;GO:0071446;GO:0009751;GO:0009646;GO:0002239;GO:0009416;GO:0009626;GO:0006952;GO:0009536;GO:0005886;GO:0009611;GO:0005524;GO:0000166;GO:0051607;GO:0051707;GO:0043531
B2UE01	GO:0016992;GO:0051539;GO:0005737;GO:0102553;GO:0046872;GO:0102552;GO:0009249
Q02F45	GO:0051539;GO:0016830;GO:0009229;GO:0009228;GO:0008270
P36897	GO:0007507;GO:0043062;GO:0060982;GO:0018105;GO:1905075;GO:0060412;GO:0043393;GO:0051491;GO:0030307;GO:0007050;GO:0005524;GO:0030199;GO:0010718;GO:0048179;GO:0016361;GO:0060317;GO:0035556;GO:0016579;GO:0048185;GO:0048701;GO:0042118;GO:1905007;GO:0046332;GO:0006915;GO:0005024;GO:0018107;GO:0060978;GO:2001237;GO:0043235;GO:0001837;GO:0048538;GO:0005114;GO:0007165;GO:0045121;GO:0008584;GO:0008354;GO:0006355;GO:0003223;GO:0007179;GO:0045893;GO:0060021;GO:0048870;GO:0005886;GO:0016020;GO:0001822;GO:0001501;GO:0048663;GO:0003222;GO:0008284;GO:0071363;GO:0007399;GO:0048844;GO:0002088;GO:0050431;GO:0048762;GO:0060017;GO:0001701;GO:0071560;GO:0051272;GO:0070723;GO:0006468;GO:0070411;GO:0060391;GO:0042060;GO:0032331;GO:0009986;GO:0060389;GO:0060037;GO:0005025;GO:0060043;GO:2001235;GO:0004672;GO:0032924;GO:0010862;GO:0005768;GO:0010717;GO:0048705;GO:0031396;GO:0001938;GO:0005923;GO:0009791;GO:0051897;GO:0000186;GO:1905223;GO:0010468;GO:0005634;GO:0004674;GO:0051496;GO:0001937;GO:0010628;GO:0001824;GO:0030512;GO:0043542;GO:0009952;GO:0030335;GO:0046872
B2UKV8	GO:0042026;GO:0005737;GO:0051082;GO:0005524
Q8BY87	GO:0006511;GO:0035520;GO:0071987;GO:1902230;GO:0005634;GO:0004197;GO:0043066;GO:0005737;GO:0016579;GO:0043154;GO:0101005;GO:0090263;GO:0006284;GO:0006974;GO:0045892;GO:0004843;GO:0019005;GO:0030307;GO:0034644;GO:0010972;GO:0042493;GO:0031647;GO:0005829
Q9WMB3	GO:0019012;GO:0030430;GO:0004482;GO:0005524;GO:0003968
O86812	GO:0051539;GO:0006400;GO:0035596;GO:0035599;GO:0046872;GO:0005829;GO:0103039
P09256	GO:0055036;GO:0098671;GO:0016021;GO:0046718;GO:0039573
Q4PE27	GO:0005789;GO:0019706;GO:0006612;GO:0005794;GO:0005783;GO:0016021;GO:0018230
A6NK06	GO:0035458;GO:0005739;GO:0071356;GO:0006952;GO:0071393;GO:0032088;GO:2000379;GO:0047613;GO:0002760;GO:0032480;GO:0071346;GO:0050728;GO:0071219;GO:0072573;GO:0007566;GO:0071222;GO:0006954;GO:0051607;GO:0034136;GO:0071347;GO:0034144;GO:0045824
Q478T2	GO:0051539;GO:0016830;GO:0009229;GO:0009228;GO:0008270
A5GW48	GO:0006520;GO:0044205;GO:0016597;GO:0004070;GO:0006207
Q967Z0	GO:0030016;GO:0003774;GO:0016459;GO:0032982
C0MEE4	GO:0006351;GO:0003899;GO:0003677;GO:0008270;GO:0000287
Q7JWW5	GO:0002143;GO:0000049;GO:0032447;GO:0002098;GO:0002144;GO:0005829;GO:0016779;GO:0034227
Q720X7	GO:0006541;GO:0003922;GO:0005524;GO:0016462
P19378	GO:0005681;GO:0045892;GO:0005634;GO:0006397;GO:0005730;GO:0000974;GO:0008380;GO:0005886;GO:0042470;GO:0005524;GO:1990904
Q6GEV3	GO:0006081;GO:0004029;GO:0043878
O84307	GO:0016471;GO:0046961;GO:0051117;GO:0005886;GO:0016021;GO:0033179;GO:0007035
Q01000	GO:0043657;GO:0075733;GO:0019033
P15303	GO:0016236;GO:0005789;GO:0061709;GO:0090110;GO:0000139;GO:0030127;GO:0006886;GO:0070971;GO:0005783;GO:0008270;GO:0043547;GO:0005096;GO:0003400
Q57669	GO:0046933;GO:0033178;GO:0005524;GO:0042777
Q2YWW6	GO:0070395;GO:0047228;GO:0009246;GO:0005886;GO:0009247
Q46IE5	GO:0003684;GO:0030983;GO:0005524;GO:0006298
Q5GFL6	GO:0042802;GO:0005509;GO:0070062;GO:0005604;GO:0046626;GO:0005615;GO:0062023;GO:0007161
Q5DID0	GO:0005509;GO:0016324;GO:0042981;GO:0005201;GO:0048609;GO:2000354;GO:0007338;GO:0060612;GO:0016021;GO:0009986;GO:0005737;GO:0005615;GO:0030414;GO:1990266;GO:0097211;GO:0009897;GO:0010468
Q8C102	GO:0046872;GO:0004653;GO:0030246;GO:0000139;GO:0005794;GO:0016021;GO:0006486
C4ZXI2	GO:0004125;GO:0005737;GO:0001514;GO:0097056
B5YJD3	GO:0032259;GO:0009086;GO:0003871;GO:0008270
A1WWZ2	GO:0006096;GO:0005576;GO:0009986;GO:0000015;GO:0004634;GO:0000287
Q0D2J5	GO:0003700;GO:0000978;GO:0006357;GO:0000790;GO:0046872
B1VYY1	GO:0008534;GO:0006289;GO:0008270;GO:0140078;GO:0003684;GO:0006284
B0U0L7	GO:0003883;GO:0005524;GO:0046872;GO:0006541;GO:0044210
Q9RTD9	GO:0055129;GO:0004350;GO:0005737;GO:0050661
P81446	GO:0030598;GO:0030246;GO:0090729;GO:0006952;GO:0017148
X5M5N0	GO:0010628;GO:1903288;GO:2000651;GO:0050801;GO:0050891;GO:0006972;GO:0010766;GO:0035556;GO:0005737;GO:0019870;GO:0007275;GO:0005524;GO:0004674;GO:0006468;GO:0019869;GO:0032414
Q5R5X9	GO:0032259;GO:0008168;GO:0046872
A2AQP0	GO:0032982;GO:0097512;GO:0016020;GO:0005524;GO:0051015;GO:0003774;GO:0016459
Q2NJ60	GO:0006419;GO:0000049;GO:0005737;GO:0004813;GO:0005524;GO:0008270
P23098	GO:0005874;GO:0030286;GO:0005737;GO:0005524;GO:0030030;GO:0007018;GO:0031514;GO:0008569
Q39HY9	GO:0051539;GO:0016830;GO:0009229;GO:0009228;GO:0008270
Q9Y467	GO:0000976;GO:0006357;GO:0005634;GO:0000981;GO:0044877;GO:0001228;GO:0001654;GO:0000122;GO:0046872;GO:0000977;GO:0021915;GO:0045944
P51583	GO:0042802;GO:0000082;GO:0006189;GO:0004638;GO:0043727;GO:0005737;GO:0005524;GO:0004639;GO:0005829
P31797	GO:0005576;GO:0046872;GO:2001070;GO:0004556;GO:0043895;GO:0005975
Q91YS8	GO:0018105;GO:0033138;GO:0005634;GO:0098978;GO:0005516;GO:0032091;GO:0007165;GO:0050807;GO:0005737;GO:0004674;GO:0006468;GO:0010976;GO:0060143;GO:0046827;GO:0043393;GO:0032880;GO:0051147;GO:0005524;GO:0051835;GO:0007049;GO:0071902;GO:0014069;GO:0051149;GO:0045944;GO:0006913;GO:1901985;GO:0004683;GO:0060999
O04860	GO:0004721;GO:0046872;GO:0005737
Q9D3R3	GO:0042802;GO:0005813;GO:0007099;GO:0033566;GO:0005737;GO:1904779;GO:0034451;GO:0007051
Q6G7I8	GO:0006081;GO:0004029;GO:0043878
P13388	GO:0007169;GO:0004714;GO:0005524;GO:0016021
Q92MI9	GO:0065002;GO:0006605;GO:0005737;GO:0005886;GO:0017038;GO:0005524;GO:0046872
Q313W7	GO:0004521;GO:0006402;GO:0005886;GO:0016021;GO:0003723
Q9HEH1	GO:0000184;GO:0003724;GO:0003677;GO:0005737;GO:0005524;GO:0008270;GO:0003723
B7MCH0	GO:0009380;GO:0009432;GO:0003677;GO:0006289;GO:0005737;GO:0009381
Q86SF2	GO:0070062;GO:0046872;GO:0016266;GO:0006493;GO:0004653;GO:0030246;GO:0000139;GO:0016020;GO:0005794;GO:0016021;GO:0005975
Q96N38	GO:0000978;GO:0005634;GO:0000981;GO:0006355;GO:0046872
P38073	GO:0005634;GO:0000981;GO:0043565;GO:0008270
P36495	GO:0031969;GO:0016021
P20471	GO:0009877;GO:0030246;GO:0005886;GO:0016757;GO:0016021;GO:0005975
B4LM02	GO:0032447;GO:0000049;GO:0002098;GO:0005829;GO:0016779;GO:0034227
P9WEV6	GO:0004311;GO:0016829;GO:0016114;GO:0046872
Q19267	GO:0005509;GO:0005789;GO:0003756;GO:0005788;GO:0016021
B4JXX2	GO:0047555;GO:0007165;GO:0005886;GO:0016020;GO:0046872;GO:0046068
Q9HFQ2	GO:0004721;GO:0046872
B0K3P6	GO:0042026;GO:0005737;GO:0051082;GO:0005524
Q9Y493	GO:0007339;GO:0098609;GO:0031012;GO:0005886;GO:0016021;GO:0005615
M9NEY8	GO:0005634;GO:0035514;GO:0045944;GO:1901537;GO:0007281;GO:0070989;GO:0003677;GO:0009451;GO:0008270;GO:0035511;GO:0080111;GO:0070579;GO:0035516;GO:0006211
Q54C31	GO:0005576
Q4WVN4	GO:0009405;GO:0031956;GO:0019748;GO:0019184;GO:0006631;GO:0009847;GO:0031177
P65407	GO:0061599;GO:0032324;GO:0006777;GO:0046872
O15327	GO:0034597;GO:0016316;GO:0007165;GO:0005737;GO:0006661;GO:0005829;GO:0043647
C0ZF58	GO:0051539;GO:0046429;GO:0019288;GO:0005506;GO:0016114
A7FMI1	GO:0003924;GO:0005737;GO:0006449;GO:0005525;GO:0016149
Q6ZR62	GO:0003676;GO:0050890;GO:0042415;GO:0008270
Q6AGG5	GO:0003883;GO:0005524;GO:0046872;GO:0006541;GO:0044210
Q1C0Q8	GO:0016887;GO:0005886;GO:0015439;GO:0005524
Q68XQ8	
P40069	GO:0005634;GO:0006607;GO:0008139;GO:0008536;GO:0006606;GO:0005737;GO:0005643;GO:0061608;GO:2000220;GO:0051028;GO:0010494
Q9Z9L7	GO:0003924;GO:0003746;GO:0005737;GO:0005525
Q12XL7	GO:0051539;GO:0019385;GO:0018492;GO:0005506;GO:0006084;GO:0016151;GO:0043885
P55204	GO:0017046;GO:0042127;GO:0004672;GO:0005789;GO:0007165;GO:0035556;GO:0005886;GO:0007168;GO:0001653;GO:0005524;GO:0016021;GO:0005525;GO:0016941;GO:0004383;GO:0009636;GO:0006182
Q8TRL1	GO:0016887;GO:0008270;GO:0006302;GO:0005524
B0UTE6	GO:0009073;GO:0005737;GO:0009423;GO:0000166;GO:0046872;GO:0003856
Q9VUI3	GO:0008017;GO:0005874;GO:0035556;GO:0007605;GO:0005737;GO:0035011;GO:0071683;GO:0008344;GO:0000226
A0LEE9	GO:0034605;GO:0004176;GO:0043565;GO:0005737;GO:0005524;GO:0006515;GO:0004252
Q6PB66	GO:0003697;GO:0000961;GO:0005637;GO:0005634;GO:0005640;GO:0005739;GO:0005874;GO:0042645;GO:0048487;GO:0005654;GO:0005737;GO:0005856;GO:0070129;GO:0031625;GO:0003723;GO:0000794;GO:1990904;GO:0048471;GO:0051028
Q8K0C9	GO:0042802;GO:0042351;GO:0070401;GO:0008446;GO:0005737;GO:0019673;GO:0007219
Q641F6	GO:0016042;GO:0004806;GO:0005886;GO:0005576
Q1MS11	GO:0030170;GO:0019264;GO:0005737;GO:0004372;GO:0035999
O06875	GO:0042597;GO:0008643
Q8F6K1	GO:0005525;GO:0043022;GO:0000027
Q92GA7	GO:0004828;GO:0016260;GO:0097056;GO:0006434;GO:0005737;GO:0005524
Q31U03	GO:0051539;GO:0016830;GO:0009229;GO:0009228;GO:0008270
Q4UKU3	GO:0006435;GO:0000049;GO:0004829;GO:0005737;GO:0005524;GO:0046872
B1J7Q1	GO:0042744;GO:0004096;GO:0046872;GO:0006979;GO:0020037
B1M509	GO:0004056;GO:0005737;GO:0042450
A5DQN2	GO:0005634;GO:0008168;GO:0005737;GO:0032259
A7Z052	GO:0005737;GO:0007049
Q75N90	GO:0009653;GO:0005509;GO:0031012;GO:0005201
P90521	GO:0006007;GO:0042802;GO:0046872;GO:0070095;GO:0031115;GO:0051289;GO:0005945;GO:0016208;GO:0061621;GO:0006002;GO:0005524;GO:0015631;GO:0005829;GO:0003872;GO:0048029;GO:0030388
Q0BGQ9	GO:0051539;GO:0016830;GO:0009229;GO:0009228;GO:0008270
Q8VYS2	GO:0072684;GO:0042780;GO:0005634;GO:0005739;GO:0042781;GO:0046872
Q83M86	GO:0003887;GO:0005737;GO:0006281;GO:0000287;GO:0003684;GO:0006261
Q46H41	GO:0008534;GO:0006289;GO:0008270;GO:0140078;GO:0003684;GO:0006284
Q8X8H9	GO:0000287;GO:0004674;GO:0005524;GO:0005737
O14787	GO:0005634;GO:0008536;GO:0008139;GO:0006606;GO:0005737;GO:0061608
Q4F6N6	GO:0042744;GO:0004096;GO:0046872;GO:0006979;GO:0020037
C7GPD7	GO:0044208;GO:0004019;GO:0005737;GO:0005525;GO:0000287
Q3URS9	GO:0031305;GO:0062157;GO:0005739;GO:0071805;GO:0034705;GO:0062156
A2A8L5	GO:0042059;GO:0005158;GO:0031102;GO:0005001;GO:0008285;GO:0007156;GO:0050839;GO:0035335;GO:0031345;GO:0051387;GO:0043525;GO:0043065;GO:0043025;GO:0005886;GO:0016020;GO:0043231;GO:0035373;GO:1900121;GO:0048679;GO:0050803;GO:0008201;GO:0099560;GO:0004725;GO:0001960;GO:0043005;GO:0060076;GO:0004721;GO:0042301;GO:0006470;GO:0005768;GO:0007399;GO:0099061;GO:0099175;GO:0010975;GO:0030426;GO:0030971;GO:0044877;GO:0016477;GO:0050775;GO:0046627
Q1ISQ0	GO:0042026;GO:0005737;GO:0051082;GO:0005524
Q9ERB4	GO:0001501;GO:0005509;GO:0007507;GO:0072534;GO:0030246;GO:0007417;GO:0007155;GO:0031012;GO:0062023;GO:0001657;GO:0001750;GO:0009986;GO:0019903;GO:0009611;GO:0031103;GO:0030169;GO:0008347;GO:0033165;GO:0005540
Q7VEV3	GO:0000049;GO:0005737;GO:0005524;GO:0004826;GO:0000287;GO:0006432
Q04Y23	GO:0051539;GO:0016830;GO:0009229;GO:0009228;GO:0008270
Q83WI8	GO:0042026;GO:0005737;GO:0051082;GO:0005524
Q2UPC4	GO:0004497;GO:0016705;GO:0005506;GO:0016021;GO:0020037
B0TIW9	GO:0009380;GO:0009432;GO:0003677;GO:0006289;GO:0005737;GO:0009381
P07867	GO:0042802;GO:0034382;GO:0046475;GO:0034364;GO:0004806;GO:0034372;GO:0001889;GO:0042632;GO:0051384;GO:0006641;GO:0032026;GO:0009743;GO:0001666;GO:0008203;GO:0070328;GO:0034375;GO:0051592;GO:0009986;GO:0032870;GO:0010034;GO:0034374;GO:0052689;GO:0070542;GO:0007623;GO:0046470;GO:0035478;GO:0015012;GO:0005770;GO:0009725;GO:0034371;GO:0043395;GO:0030301;GO:0034383;GO:0008289;GO:0010035;GO:0006631;GO:0008201;GO:0016298;GO:0004620;GO:0019433;GO:0014070;GO:0031667;GO:0016746;GO:0004465;GO:0043434;GO:0008970;GO:0005902;GO:0046688;GO:0052739;GO:0052740;GO:0097006;GO:0034185;GO:0043200;GO:0046473;GO:0004622;GO:0005769;GO:0046461;GO:0102545;GO:0046337;GO:0006658;GO:0047372;GO:0006633;GO:0016042;GO:0048589;GO:0033993;GO:0042493;GO:0005615;GO:0030169
Q02153	GO:0038023;GO:0008074;GO:0006182;GO:0048786;GO:0019934;GO:0038060;GO:0099555;GO:0071732;GO:0046872;GO:0005525;GO:0007263;GO:0004383;GO:0008015;GO:0020037
F4IFF3	GO:0003697;GO:0003678;GO:0046872;GO:0005634;GO:0000724;GO:0005524;GO:0003688;GO:0042555;GO:0051321
P25364	GO:0003700;GO:0006357;GO:0007005;GO:0000790;GO:0000981;GO:0005634;GO:0051300;GO:0043565;GO:0005737;GO:0034599;GO:0045944
P59320	GO:0042802;GO:0030170;GO:0006526;GO:0005737;GO:0003992
P10637	GO:0051879;GO:0007628;GO:0044304;GO:0019901;GO:0032387;GO:0097435;GO:0010288;GO:0046785;GO:0033673;GO:0019899;GO:0070507;GO:0000226;GO:0051721;GO:0048675;GO:0010629;GO:0044297;GO:0008088;GO:0030425;GO:0005930;GO:0005829;GO:0007409;GO:0010506;GO:0031072;GO:0099609;GO:0097418;GO:0032930;GO:1904428;GO:2001020;GO:0051028;GO:0034399;GO:0030673;GO:0034185;GO:0005874;GO:0006915;GO:0009898;GO:0030426;GO:0044877;GO:0031116;GO:0007416;GO:1903829;GO:0097386;GO:0008631;GO:0042802;GO:0005634;GO:0036477;GO:0036464;GO:0045121;GO:0005737;GO:0071813;GO:0010917;GO:0030424;GO:0010976;GO:0050848;GO:0005576;GO:0001764;GO:0045298;GO:1900454;GO:0043025;GO:0005886;GO:0051087;GO:0016607;GO:1990000;GO:0007611;GO:0015630;GO:0051260;GO:0031110;GO:0045773;GO:0008017;GO:0007613;GO:0060632;GO:0017124;GO:1900034;GO:0050808;GO:0051258;GO:0043005;GO:0048312;GO:1903748;GO:1901216;GO:0014069;GO:0047497;GO:0007584;GO:0010033;GO:1902474;GO:0044295;GO:0090258;GO:0003677;GO:0031175
Q116W4	GO:0000287;GO:0008966;GO:0005975
A9IVH5	GO:0004642;GO:0005737;GO:0005524;GO:0006189;GO:0000287
O80358	GO:0005634;GO:0008534;GO:0003906;GO:0006289;GO:0006281;GO:0019104;GO:0008270;GO:0006979;GO:0003684;GO:0006284;GO:0140078
Q6ZMY9	GO:0006357;GO:0005634;GO:0000981;GO:0046872;GO:0000977
Q3K6B0	GO:0004823;GO:0006429;GO:0002161;GO:0005737;GO:0005524
B9KH76	GO:0006435;GO:0000049;GO:0004829;GO:0005737;GO:0005524;GO:0046872
A1TZN2	GO:0005198;GO:0071973;GO:0009428;GO:0030288
Q8RHN5	GO:0016879;GO:0005737;GO:0006400;GO:0005524
Q63450	GO:0018105;GO:0033138;GO:0005634;GO:0098978;GO:0005516;GO:0032091;GO:0007165;GO:0004674;GO:0006468;GO:0010976;GO:0060143;GO:0046827;GO:0043393;GO:0032880;GO:0051147;GO:0005524;GO:0051835;GO:0005829;GO:0007049;GO:0071902;GO:0014069;GO:0051149;GO:0045944;GO:0006913;GO:1901985;GO:0004683;GO:0060999
C3MD93	GO:0003697;GO:0008094;GO:0009432;GO:0006281;GO:0005737;GO:0006310;GO:0005524;GO:0003684
A1BJ37	GO:0003924;GO:0003746;GO:0005737;GO:0005525
A6T226	GO:0006457;GO:0051082;GO:0005524
P52734	GO:0005085;GO:0008360;GO:0046872;GO:0043087;GO:0046847;GO:0001726;GO:0005737;GO:0005856;GO:0005794;GO:0030027;GO:0030036;GO:0007010;GO:0005089;GO:0031267
Q8DL55	GO:0003677;GO:0006351;GO:0032549;GO:0003899
Q03AS5	
A4R5S9	GO:0042744;GO:0004096;GO:0005737;GO:0046872;GO:0006979;GO:0020037
C3MCY7	GO:0008534;GO:0006289;GO:0008270;GO:0140078;GO:0003684;GO:0006284
Q9HMX8	GO:0008852;GO:0000738;GO:0008408;GO:0003677;GO:0003887;GO:0016539;GO:0006261
Q72PQ1	GO:0005525;GO:0042254
Q3YST5	GO:0003677;GO:0006351;GO:0032549;GO:0003899
P14351	GO:0019031;GO:0055036;GO:0044167;GO:0016021
Q9Y4G2	GO:0005765;GO:0006914;GO:1900029;GO:0032418;GO:0005730;GO:0045780;GO:0035556;GO:0010008;GO:0046872;GO:0043231;GO:0015031
Q39Y13	GO:0003677;GO:0006351;GO:0032549;GO:0003899
Q84WU8	GO:0005743;GO:0004222;GO:0005739;GO:0065003;GO:0016021;GO:0004176;GO:0005524;GO:0008053;GO:0008270;GO:0009535;GO:0042407;GO:0034982
Q04FF6	GO:0006420;GO:0005737;GO:0004814;GO:0005524
Q0VCR8	GO:0030133;GO:0000145;GO:0006887;GO:0051601;GO:0030072;GO:0030141;GO:0000149
P14325	GO:0006425;GO:0005737;GO:0005524;GO:0004819;GO:0005829
O15090	GO:0045665;GO:0000978;GO:0046872;GO:0048387;GO:0044323;GO:0001227;GO:0005634;GO:0000981;GO:0000122;GO:0006355
Q824A9	GO:0006433;GO:0002161;GO:0005737;GO:0005524;GO:0004827
Q8FYM3	GO:0055129;GO:0004350;GO:0005737;GO:0050661
B0KHX6	GO:0003723;GO:0031119;GO:0106029
Q3AAE7	GO:0008360;GO:0009252;GO:0007049;GO:0051301;GO:0071555;GO:0005737;GO:0008763;GO:0005524
Q5SV80	GO:0007015;GO:0005739;GO:0016887;GO:0030898;GO:0000146;GO:0032465;GO:0060002;GO:0005737;GO:0015629;GO:0032027;GO:0003779;GO:0031982;GO:0090140;GO:0030050;GO:0034642;GO:0005524;GO:0051015;GO:0005829;GO:0005741;GO:0016459
Q7Z3U7	GO:0005829;GO:0070062;GO:0006895;GO:0015031
C0RF92	GO:0055129;GO:0004350;GO:0005737;GO:0050661
Q8R7V1	GO:0003924;GO:0003746;GO:0005737;GO:0005525
Q96HQ0	GO:0000978;GO:0006357;GO:0005634;GO:0000981;GO:0046872
B2IF45	GO:0009317;GO:0016743;GO:0003989;GO:0006633;GO:0005524;GO:2001295
Q85C71	GO:0006351;GO:0003899;GO:0003677;GO:0008270;GO:0009507
P07067	GO:0098024;GO:0046718;GO:0019062
Q5ZLS8	GO:0016180;GO:0032039
Q68DN1	GO:0005634;GO:0070062
Q7Z3J3	GO:0005634;GO:0006607;GO:0008536;GO:0005737;GO:0005643;GO:0043547
A9M880	GO:0055129;GO:0004350;GO:0005737;GO:0050661
A9AGW2	GO:0006096;GO:0005576;GO:0009986;GO:0000015;GO:0004634;GO:0000287
Q9SSR6	GO:0005739
P31896	GO:0051539;GO:0051538;GO:0008198;GO:0016491;GO:0005737;GO:0005886;GO:0006091;GO:0042803;GO:0018492;GO:0032991;GO:0016151;GO:0043885
A6VGV6	GO:0003924;GO:0003746;GO:0005737;GO:0005525
Q8FVX5	GO:0042597;GO:0008643
Q9HAS0	GO:0006886;GO:0005802;GO:0031410;GO:0099041
Q0J7Y8	GO:0005634;GO:0003724;GO:0005524;GO:0000398;GO:0003723
A9N5Q7	GO:0006400;GO:0016705
A7MBB4	GO:0046872;GO:0004672;GO:0007257;GO:0004709;GO:0005737;GO:0016020;GO:0042803;GO:0046777;GO:0005524;GO:0004706;GO:0051092
Q9UJQ4	GO:0008134;GO:0000976;GO:0003281;GO:0006357;GO:0005634;GO:0000981;GO:0001843;GO:0035019;GO:0005654;GO:0005737;GO:0000122;GO:0000792;GO:0001833;GO:0030326;GO:0046872;GO:0032991;GO:0043231;GO:0045944
Q30UI5	GO:0051539;GO:0004160;GO:0009099;GO:0009097;GO:0046872
Q46084	GO:0009399;GO:0018697;GO:0016163;GO:0005524;GO:0046872;GO:0051536
Q5RFJ6	GO:0046872;GO:0006493;GO:0004653;GO:0030246;GO:0000139;GO:0016021
Q5P9F6	GO:0006435;GO:0000049;GO:0004829;GO:0005737;GO:0005524;GO:0046872
Q0QWG9	GO:0043197;GO:0045211;GO:0030036;GO:0060292;GO:0007216;GO:0045202
Q6PA23	GO:0016042;GO:0004806;GO:0005886;GO:0005576
Q4WID9	GO:0051731;GO:0005634;GO:0005730;GO:0006396;GO:0000448;GO:0006364;GO:0005524
Q6NWW5	GO:0042802;GO:0003777;GO:0008017;GO:0005874;GO:0007019;GO:0005737;GO:0032991;GO:0060271;GO:0005524;GO:0005814;GO:0007018
Q62599	GO:0005634;GO:0001103;GO:0005654;GO:0005737;GO:0000122;GO:0005794;GO:1902499;GO:0005783;GO:0031410;GO:0010212;GO:0019899;GO:0032922;GO:0000978;GO:0005791;GO:0042826;GO:0043153;GO:0045475;GO:0003682;GO:0016581;GO:0007565;GO:0016575;GO:0003714;GO:0005635;GO:0040029;GO:0033363;GO:0005874;GO:0003713;GO:0043161;GO:0008270;GO:0006302
P0C8F0	GO:0042744;GO:0004096;GO:0046872;GO:0006979;GO:0020037
Q28475	GO:0004222;GO:0016021
R9WTS6	GO:0016702;GO:0008299;GO:0046872;GO:0031408;GO:0009507
A1SNU4	GO:0042026;GO:0005737;GO:0051082;GO:0005524
Q3ATM0	GO:0051539;GO:0016830;GO:0009229;GO:0009228;GO:0008270
A4W6X1	GO:0080030
Q8J0D8	GO:0009405;GO:0005576;GO:0004252
Q4FSF9	GO:0006526;GO:0005737;GO:0103045;GO:0004358;GO:0004042
D3Z8X7	GO:0016595;GO:0000922;GO:0016594;GO:0016596;GO:0005737;GO:0005929;GO:0005814
P74851	GO:0030430;GO:0004725;GO:0009405;GO:0005615;GO:0005096
P0DKX0	GO:0000978;GO:0006357;GO:0005634;GO:0000981;GO:0046872
B4P3W7	GO:0032447;GO:0000049;GO:0002098;GO:0005829;GO:0016779;GO:0034227
P32744	GO:0030953;GO:0005813;GO:0005634;GO:0031134;GO:0005737;GO:0046785;GO:0000226;GO:0051307;GO:0051316;GO:0005815;GO:0051256;GO:0051257;GO:0005881;GO:0090307;GO:0005829;GO:0051233;GO:0031110;GO:0008017;GO:0045180;GO:0099636;GO:0005876;GO:0072686;GO:0000777;GO:0051306;GO:0000281;GO:0040001;GO:0000212;GO:0000776
Q8WWX0	GO:0016567;GO:0045732;GO:0035556;GO:0005829;GO:0043687
A5FPU4	GO:0006457;GO:0051082;GO:0005524
P79331	GO:0032964;GO:0007283;GO:0004222;GO:0097435;GO:0043588;GO:0031012;GO:0016485;GO:0062023;GO:0030574;GO:0008270;GO:0030199;GO:0030324;GO:0030198
Q8R1B8	GO:1990837;GO:0005634;GO:0007601;GO:0005654;GO:0048511;GO:0045893;GO:0000978;GO:0008502;GO:0071300;GO:0046548;GO:0004879;GO:0008134;GO:0035881;GO:0060041;GO:0043565;GO:0042462;GO:0045668;GO:0045944;GO:0042752;GO:0003700;GO:0045892;GO:0046549;GO:0001228;GO:0008270
B8F392	GO:0004817;GO:0005737;GO:0005524;GO:0008270;GO:0006423
A9VMW5	GO:0006094;GO:0006096;GO:0005737;GO:0004347
B4NN33	GO:0032447;GO:0000049;GO:0002098;GO:0005829;GO:0016779;GO:0034227
S0EET5	GO:0016491;GO:0032259;GO:0006633;GO:0008168;GO:0004315;GO:0031177
Q8SRK6	GO:0016787;GO:0006281;GO:0005524;GO:0046872;GO:0051321
Q1MR44	GO:0050270;GO:0090614;GO:0046872
P19700	GO:0020002;GO:0046761;GO:0019064;GO:0055036;GO:0019031;GO:0075512;GO:0046789;GO:0016021;GO:0039654;GO:0019062
Q60751	GO:1904646;GO:0051898;GO:0043410;GO:0032869;GO:0043066;GO:0060740;GO:0071560;GO:0006468;GO:0048680;GO:0043409;GO:0030315;GO:0006955;GO:0032467;GO:0005524;GO:0140318;GO:0016021;GO:0008286;GO:0090031;GO:0005887;GO:0035867;GO:0007409;GO:1990314;GO:0043560;GO:0038083;GO:0009887;GO:0007275;GO:0046328;GO:0071333;GO:0005899;GO:0045471;GO:0043243;GO:1902911;GO:0005010;GO:0001965;GO:0044877;GO:0030879;GO:0048015;GO:0043235;GO:0051446;GO:0005901;GO:0051897;GO:0042802;GO:0005158;GO:1902065;GO:0007420;GO:0005634;GO:0031994;GO:0048639;GO:1904193;GO:0044849;GO:0014068;GO:0043548;GO:0005737;GO:0045056;GO:0005198;GO:0030424;GO:0045893;GO:0042593;GO:1903944;GO:0048661;GO:0097242;GO:0005009;GO:0051389;GO:1904385;GO:0043025;GO:0051054;GO:0030010;GO:0005886;GO:0016020;GO:0046777;GO:0031175;GO:0033690;GO:0043231;GO:0120162;GO:0030238;GO:0004713;GO:0008284;GO:0031017;GO:0021549;GO:0043005;GO:0007169;GO:0030335;GO:0004714;GO:0097062;GO:0033674;GO:0008544;GO:0043559;GO:0010656;GO:0048009;GO:0005520;GO:0043433;GO:0030325;GO:0045840
Q96BY6	GO:0043197;GO:0005085;GO:0030334;GO:0070062;GO:0007264;GO:0005634;GO:0060997;GO:0001782;GO:0005654;GO:0002315;GO:0005737;GO:0016020;GO:0005829;GO:0043547
Q6EI05	GO:0005634;GO:0009740;GO:0003712
D4AP52	GO:0009405;GO:0005886;GO:0031225;GO:0004185
P10361	GO:0007507;GO:0045861;GO:0042149;GO:0000981;GO:0010332;GO:0019901;GO:0090575;GO:0000733;GO:0005654;GO:0043066;GO:0002244;GO:1990144;GO:0046982;GO:0006357;GO:0042826;GO:0043065;GO:0043153;GO:0043525;GO:1903800;GO:0019903;GO:0050821;GO:0007050;GO:0008022;GO:0005524;GO:0005829;GO:0070266;GO:0006978;GO:0046677;GO:0007569;GO:0000790;GO:0005730;GO:0009411;GO:0043565;GO:0070245;GO:0007568;GO:0002020;GO:0060218;GO:0032526;GO:0001102;GO:0045930;GO:0045471;GO:0090399;GO:0006915;GO:0002309;GO:0060333;GO:0071456;GO:0045787;GO:0001228;GO:0051974;GO:1900119;GO:1905856;GO:0009303;GO:0090343;GO:0009792;GO:0031065;GO:0005813;GO:0001085;GO:0043523;GO:0005739;GO:0061419;GO:0010666;GO:1990841;GO:0090200;GO:0048568;GO:0006289;GO:0006355;GO:0050731;GO:0031571;GO:0007179;GO:0045893;GO:0090403;GO:0000978;GO:0043621;GO:0030330;GO:0051087;GO:0042127;GO:0002931;GO:0003682;GO:0048539;GO:0001836;GO:0006977;GO:0010035;GO:0003730;GO:0035690;GO:0051402;GO:0071158;GO:0005667;GO:0006606;GO:2000772;GO:0034097;GO:0034613;GO:0031625;GO:0045944;GO:0097252;GO:0001094;GO:0033077;GO:0051262;GO:0035861;GO:0071494;GO:0003677;GO:0007406;GO:0005657;GO:0071480;GO:0033552;GO:0006302;GO:0006914;GO:0035033;GO:0072717;GO:0047485;GO:0071417;GO:0001701;GO:0048147;GO:0019899;GO:0034103;GO:0051721;GO:0042060;GO:0071850;GO:0010629;GO:0016032;GO:0065003;GO:0048662;GO:0034605;GO:2000378;GO:0035264;GO:0001221;GO:2000269;GO:0006983;GO:0043504;GO:0031497;GO:0071479;GO:0010038;GO:0097371;GO:0016605;GO:0008134;GO:0070243;GO:0045899;GO:0051276;GO:0007265;GO:0001756;GO:0002326;GO:0002687;GO:1901525;GO:0003700;GO:0060411;GO:1902108;GO:1902895;GO:0002039;GO:0007417;GO:0030971;GO:0002360;GO:0034644;GO:1903205;GO:0062100;GO:0008340;GO:0032991;GO:1990248;GO:0010165;GO:0051453;GO:0042802;GO:0042981;GO:1904024;GO:0036003;GO:0042771;GO:0005634;GO:0009299;GO:0034614;GO:0035794;GO:0008285;GO:1990440;GO:0005737;GO:0000122;GO:2000379;GO:0005783;GO:0070059;GO:0035035;GO:2001244;GO:0006974;GO:0005507;GO:0008156;GO:0016363;GO:0007623;GO:0043516;GO:2000279;GO:0010628;GO:0005759;GO:0008104;GO:0000976;GO:0010243;GO:0097718;GO:0001046;GO:0007369;GO:0014070;GO:0021549;GO:0030512;GO:0000785;GO:0072331;GO:0000977;GO:1903799;GO:0048512;GO:0033209;GO:1902253;GO:0030308;GO:0043200;GO:0031000;GO:0009651;GO:0045892;GO:0072332;GO:0010224;GO:0042493;GO:0051726;GO:0006979;GO:0055093
Q21CW8	GO:0000287;GO:0004775;GO:0005524;GO:0006099
Q2SDU5	GO:0005198;GO:0071973;GO:0009428;GO:0030288
Q8R4C1	GO:0061180;GO:0070588;GO:0046872;GO:0006874;GO:0006828;GO:0015410;GO:0009898;GO:0016887;GO:0090280;GO:0000139;GO:0016021;GO:0005886;GO:0005388;GO:0008553;GO:0005783;GO:0005524;GO:0031410;GO:0048471;GO:0072659
Q5R648	GO:0000338;GO:0008021;GO:0008180
Q9M1G5	GO:0051315;GO:0051301;GO:0031262
A1AIG5	GO:0051539;GO:0016830;GO:0009229;GO:0009228;GO:0008270
B5F1H7	GO:0051539;GO:0016830;GO:0009229;GO:0009228;GO:0008270
Q99J62	GO:0017116;GO:1900264;GO:0005634;GO:0005654;GO:0005663;GO:0006281;GO:0031391;GO:0005524;GO:0003689;GO:0019899;GO:0031390;GO:0006261
D3UEC9	GO:0003677;GO:0000981;GO:0005634;GO:0008270
Q8A470	GO:0006351;GO:0003899;GO:0003677;GO:0008270;GO:0000287
Q96JB1	GO:0003777;GO:0036126;GO:0060285;GO:0005874;GO:0030286;GO:0036158;GO:0005858;GO:0005930;GO:0005524;GO:0036157;GO:0007018;GO:0008569;GO:0051959;GO:0045505
Q05647	GO:0006457;GO:0051082;GO:0005524
Q92197	GO:0030428;GO:0004100;GO:0071944;GO:0006031;GO:0071555;GO:0005886;GO:0016021
Q2FF06	GO:0006081;GO:0004029;GO:0043878
Q6XQI4	GO:0019012;GO:0030430;GO:0016787;GO:0039689;GO:0075526;GO:0000166;GO:0039696;GO:0003968
C5D9H5	GO:0003684;GO:0030983;GO:0005524;GO:0006298
Q9P2K2	GO:0070062;GO:0005788
P05683	GO:0003677;GO:0007059;GO:0006260
Q87AG5	GO:0008759;GO:0009245;GO:0103117;GO:0046872
Q06502	GO:0003678;GO:0019082;GO:0006351;GO:0039694;GO:0070008;GO:0016021;GO:0004197;GO:0003968;GO:0003724;GO:0033644;GO:0044220;GO:0005524;GO:0008270;GO:0003723;GO:0004252
A0JMQ7	GO:0008017;GO:0007049;GO:0005739;GO:0005634;GO:0005886;GO:0005794
Q47WR1	GO:0006096;GO:0005576;GO:0009986;GO:0000015;GO:0004634;GO:0000287
Q9XZ25	GO:0007042;GO:0006914;GO:0010506;GO:0051301;GO:0007049;GO:0016239;GO:1904263;GO:0005764;GO:0030307;GO:0061700;GO:0035859;GO:0044754;GO:0031410
Q6C7Q6	GO:0030176;GO:0051267;GO:0006506
Q14012	GO:0018105;GO:0033138;GO:0005634;GO:0098978;GO:0005516;GO:0032091;GO:0007165;GO:0004674;GO:0006468;GO:0010976;GO:0060143;GO:0046827;GO:0043393;GO:0032880;GO:0051147;GO:0005524;GO:0051835;GO:0005829;GO:0007049;GO:0071902;GO:0014069;GO:0051149;GO:0045944;GO:0006913;GO:1901985;GO:0004683;GO:0060999
Q9BQN1	GO:0019901;GO:0007165
P57092	GO:0009405;GO:0090729;GO:0005102;GO:0030435
Q24498	GO:0005509;GO:0006936;GO:0048763;GO:0072347;GO:0033017;GO:0006816;GO:0060047;GO:0051209;GO:0034704;GO:0005886;GO:0005219;GO:0007275;GO:0030018;GO:0016021;GO:0035206;GO:0030659;GO:0042383;GO:0005790
Q5BH83	GO:0032807;GO:0006260;GO:0003910;GO:0003677;GO:0006303;GO:0051103;GO:0006310;GO:0006297;GO:0005524;GO:0046872;GO:0071897
Q14585	GO:0006366;GO:0000978;GO:1990837;GO:0006357;GO:0005634;GO:0006359;GO:0001228;GO:0000122;GO:0046872;GO:0006383
P44446	GO:0016405;GO:0005524;GO:0004467;GO:0102391;GO:0003996
B1KPS7	GO:0003684;GO:0030983;GO:0005524;GO:0006298
P61879	GO:0006096;GO:0008839;GO:0005737;GO:0050661;GO:0009089;GO:0051287;GO:0004365
Q03QT5	GO:0005525;GO:0003924;GO:0005737;GO:0003743
O33730	GO:0050661;GO:0016491;GO:0051287
A6ZKX7	GO:0003677;GO:0000981;GO:0005634;GO:0008270
Q7XFK2	GO:0004565;GO:0005618;GO:0030246;GO:0048046;GO:0005773;GO:0005975
B9J8M3	GO:0009039;GO:0005737;GO:0016151;GO:0043419
Q1WUZ2	GO:0008108;GO:0005737;GO:0006012
P19450	GO:0030244;GO:0006011;GO:0009279
A2SGS4	GO:0009014;GO:0009089;GO:0050897;GO:0008270;GO:0019877
P23726	GO:0015031;GO:0032869;GO:0005634;GO:0045785;GO:0043551;GO:0046982;GO:0046935;GO:0005925;GO:0014065;GO:0008286;GO:0010506;GO:0008134;GO:1903076;GO:0036312;GO:0051492;GO:0030833;GO:0045944;GO:0042307;GO:0001678;GO:0034976;GO:0005942;GO:0046854
Q03RM9	GO:0000049;GO:0005737;GO:0005524;GO:0004826;GO:0000287;GO:0006432
Q9PJT6	
O25021	GO:0005576;GO:0046677;GO:0008800
A0A2K5V015	GO:0005509;GO:0005815;GO:0050908;GO:0001750;GO:0005737;GO:0033165;GO:0043403
Q03016	GO:0005739;GO:0043666;GO:0007059;GO:0005737;GO:0008157;GO:0005783;GO:0019888
Q6G424	GO:0009380;GO:0009432;GO:0003677;GO:0006289;GO:0005737;GO:0009381
Q89AF1	GO:0005737;GO:0008650
O42832	GO:0000453;GO:0001510;GO:0000466;GO:0016435;GO:0005634;GO:0000463;GO:0005730;GO:0008173;GO:0031167;GO:0070039;GO:0030687;GO:0008650
B0KLZ2	GO:0006281;GO:0003911;GO:0006260
Q4ZWP5	GO:0003684;GO:0030983;GO:0005524;GO:0006298
Q03447	GO:0046677;GO:0008910;GO:0005524
Q0B080	GO:0006096;GO:0005576;GO:0009986;GO:0000015;GO:0004634;GO:0000287
C3PKG1	GO:0006782;GO:0050661;GO:0008883
Q1RKD5	GO:0047780;GO:0003994;GO:0051539;GO:0006099;GO:0003729;GO:0047456;GO:0046872;GO:0003730;GO:0019679
B1KRQ5	GO:0006402;GO:0006396;GO:0005737;GO:0004654;GO:0003723;GO:0000287
Q83IV7	GO:0000287;GO:0004674;GO:0005524;GO:0005737
Q5RA07	GO:0005525;GO:0003924;GO:0006974
Q9FYH7	GO:0006511;GO:0030665;GO:0005509;GO:0005768;GO:0005802;GO:0000139;GO:0016021;GO:0061630;GO:0016020;GO:0006896;GO:0017119;GO:0006623;GO:0031902
O61307	GO:0042802;GO:0034116;GO:0031122;GO:0045211;GO:0008045;GO:0022416;GO:0005737;GO:0042803;GO:0008039;GO:0046982;GO:0048058;GO:0048499;GO:0016200;GO:0001941;GO:2000331;GO:0031012;GO:0043025;GO:0005886;GO:0031594;GO:0001745;GO:0048790;GO:0005887;GO:0099559;GO:0034110;GO:0042051;GO:0031005;GO:0007274;GO:0050808;GO:0051124;GO:0043005;GO:0097090;GO:0045467;GO:0040017;GO:0007155;GO:0099190
B1YGU3	GO:0006351;GO:0003899;GO:0003677;GO:0008270;GO:0000287
A9WH12	GO:0003677;GO:0006351;GO:0032549;GO:0003899
A5FV42	GO:0003924;GO:0003746;GO:0005737;GO:0005525
C4LHU9	GO:0008878;GO:0005524;GO:0005978
A6QD02	GO:0051539;GO:0004160;GO:0009099;GO:0009097;GO:0046872
P59594	GO:0042802;GO:0020002;GO:0019064;GO:0039502;GO:0039587;GO:0055036;GO:0019031;GO:0009405;GO:0075509;GO:0046789;GO:0046813;GO:0016021;GO:0039654;GO:0044173
Q01738	GO:0005576;GO:0047735;GO:0030245;GO:0050660;GO:0046872
Q55710	GO:0009229;GO:0009228;GO:0050660;GO:0005737;GO:0016783;GO:0043799
Q73R08	GO:0003924;GO:0003746;GO:0005737;GO:0005525
P0CB16	GO:0006952;GO:0043531;GO:0005524
Q9LSB8	
Q8N2H9	GO:0008063;GO:0008592;GO:0010804;GO:0070498;GO:0061630;GO:2001237;GO:0070534;GO:0000209;GO:0005829
P97924	GO:0098989;GO:0098978;GO:0051966;GO:0007266;GO:0035023;GO:0005856;GO:0035176;GO:0004674;GO:0046959;GO:0019899;GO:0060137;GO:0050773;GO:0048168;GO:0048659;GO:0061003;GO:1900273;GO:0098696;GO:0043025;GO:0007528;GO:0009612;GO:0005524;GO:0043547;GO:0030676;GO:0060125;GO:0008344;GO:0007409;GO:0005085;GO:0046872;GO:0042711;GO:1903076;GO:0061368;GO:0007613;GO:0035556;GO:0098793;GO:0007595;GO:0043005;GO:0014069;GO:0048471;GO:0048148;GO:0007399;GO:0098885;GO:0001662;GO:0014909;GO:0060999;GO:0099645
Q5AD67	GO:0032508;GO:0003678;GO:0005634;GO:0003677;GO:0034085;GO:0005524;GO:0006139
Q14202	GO:0003677;GO:0005654;GO:0022604;GO:0007275;GO:0008270;GO:0007010
A1A9C8	GO:0005737;GO:0008914;GO:0030163
Q6NZY4	GO:0034470;GO:0005634;GO:0016076;GO:0031499;GO:0005654;GO:0016604;GO:0008270;GO:0000398;GO:0003723;GO:0071013
P40798	GO:0003700;GO:0005634;GO:0000981;GO:0061630;GO:0003723;GO:0000122;GO:0008270;GO:0006355;GO:0000977;GO:0051865
Q8S4P6	GO:0031519;GO:0008168;GO:0032259
B2J1M7	GO:0051539;GO:0006777;GO:0019008;GO:1904047;GO:0046872;GO:0005525;GO:0061798
Q7NHC2	GO:0016462;GO:0005524;GO:0006541;GO:0005829;GO:0003922;GO:0003921;GO:0006177
O25165	GO:0016462;GO:0005524;GO:0006541;GO:0005829;GO:0003922;GO:0003921;GO:0006177
Q2NBL8	GO:0042026;GO:0005737;GO:0051082;GO:0005524
P61426	GO:0051539;GO:0016830;GO:0009229;GO:0009228;GO:0008270
Q86WJ1	GO:0003678;GO:0005634;GO:0006295;GO:0006293;GO:0016887;GO:0000717;GO:0006294;GO:0006338;GO:0005654;GO:0033683;GO:0006281;GO:0005886;GO:0070911;GO:0005524;GO:0000166;GO:0006296;GO:0005829;GO:0006974
Q5GSR4	GO:0009380;GO:0009432;GO:0003677;GO:0006289;GO:0005737;GO:0009381
A2ASS6	GO:0042802;GO:1901897;GO:0006936;GO:0007507;GO:0019901;GO:0005516;GO:0055002;GO:0001701;GO:0043056;GO:0005859;GO:0045859;GO:0030018;GO:0000794;GO:0004674;GO:0050790;GO:0019899;GO:0007512;GO:0031433;GO:0003300;GO:0055003;GO:0097493;GO:0048769;GO:0043621;GO:0051371;GO:0051592;GO:0031430;GO:0005524;GO:0031674;GO:0055008;GO:0010628;GO:0045214;GO:0005509;GO:0030016;GO:0021591;GO:0004713;GO:0031672;GO:0035995;GO:0060419;GO:0005200;GO:0002020;GO:0048739;GO:0001756;GO:0030241;GO:0050714;GO:0030506;GO:0060048;GO:0003007;GO:0005865;GO:0042805;GO:0030017;GO:0030240;GO:0051015;GO:0008307;GO:0010737
Q97GK9	GO:0000049;GO:0005737;GO:0005524;GO:0004826;GO:0000287;GO:0006432
A1CYR9	GO:0051731;GO:0005730;GO:0006364;GO:0005524
Q5HDT4	GO:0061599;GO:0032324;GO:0006777;GO:0046872
B8EA23	GO:0009014;GO:0009089;GO:0050897;GO:0008270;GO:0019877
Q7Z407	GO:0005886;GO:0050773;GO:0016021
Q9R158	GO:0046872;GO:0007283;GO:0004222;GO:0008237;GO:0005178;GO:1990913;GO:0008584;GO:0005886;GO:0016021;GO:0030154;GO:0009897
A8AWM5	GO:0000287;GO:0008966;GO:0005975
Q86KU2	GO:0006418;GO:0031012;GO:0002161;GO:0005737;GO:0004832;GO:0005524;GO:0005829;GO:0006438
Q2QMX9	GO:0046872;GO:0005516;GO:0005388;GO:0005524;GO:0016021;GO:0043231;GO:0019829
O60014	GO:1990303;GO:0006513;GO:0030433;GO:0008540;GO:0061630;GO:0072671;GO:0090089;GO:0005737;GO:0071596;GO:0071629;GO:1904855;GO:0008270;GO:0000209;GO:0120174;GO:1990116
Q31I95	GO:0005737;GO:0006526;GO:0004585;GO:0016597
Q9KG46	GO:0000287;GO:0008966;GO:0005975
Q6R7H5	
H9TB18	GO:0004031;GO:0102797;GO:0050250;GO:0051537;GO:0055114;GO:0050660;GO:0043546;GO:0071949;GO:0042803;GO:0005506;GO:0017144;GO:0051287;GO:0005829;GO:0102798;GO:0009055
Q4K526	GO:0003677;GO:0006351;GO:0032549;GO:0003899
Q9PVZ4	GO:0043560;GO:0004714;GO:0005009;GO:0042169;GO:0043559;GO:0004713;GO:0005886;GO:0007275;GO:0016020;GO:0005524;GO:0043548;GO:0046777;GO:0008286;GO:0005887;GO:0051425
Q59801	GO:0030246;GO:0005576;GO:0030340;GO:0005975
P26637	GO:0004823;GO:1903432;GO:0006429;GO:0002161;GO:0005737;GO:0005524
Q8H1D8	GO:0102487;GO:0102488;GO:0102491;GO:0102490;GO:0102489;GO:0102485;GO:0005524;GO:0016021;GO:0102486
A2ARP1	GO:0032958;GO:0000829;GO:0000832;GO:0006020;GO:0052723;GO:0102092;GO:0000827;GO:0005886;GO:0033857;GO:0005524;GO:0000828;GO:0052724;GO:0005829
B7N6D8	GO:0030170;GO:0019264;GO:0005737;GO:0004372;GO:0035999
Q253K4	GO:0006433;GO:0002161;GO:0005737;GO:0005524;GO:0004827
B2VER0	GO:0030145;GO:0005737;GO:0019569;GO:0008733
D3Z9Z9	GO:0000018;GO:0003678;GO:0003682;GO:0008094;GO:0070932;GO:0005634;GO:0035861;GO:0051304;GO:0003677;GO:0005654;GO:0043044;GO:0043596;GO:0000792;GO:0070933;GO:0005524;GO:0000729
O05969	GO:0008840;GO:0005737;GO:0009089;GO:0019877
Q82DI5	GO:0042026;GO:0005737;GO:0051082;GO:0005524
A6QC65	GO:0051539;GO:0046429;GO:0019288;GO:0005506;GO:0016114
G5EGT9	GO:0010085;GO:0005634;GO:0005737;GO:0045167;GO:0016055;GO:1905491;GO:0018108;GO:0009786;GO:0005886;GO:0005524;GO:0005887;GO:0007409;GO:0004672;GO:0002009;GO:0007275;GO:0007169;GO:0016323;GO:1905488;GO:0040028;GO:0007399;GO:0033674;GO:0048560;GO:0009949;GO:0040035;GO:1905485;GO:1904937;GO:0043235
P34370	GO:0046855;GO:0046856;GO:1902093;GO:0005634;GO:0097730;GO:0090216;GO:0046488;GO:0043025;GO:0001726;GO:0005737;GO:0005886;GO:0030425;GO:0009566;GO:0060378;GO:0030424;GO:0004439
A8GML4	GO:0006435;GO:0000049;GO:0004829;GO:0005737;GO:0005524;GO:0046872
C3PFR2	GO:0046933;GO:0005886;GO:0045261
Q8PTU3	GO:0030677;GO:0004526;GO:0005737;GO:0001682
B2V9N8	GO:0006096;GO:0005576;GO:0009986;GO:0000015;GO:0004634;GO:0000287
B4E603	GO:0009073;GO:0005737;GO:0009423;GO:0000166;GO:0046872;GO:0003856
O46406	GO:0005507;GO:0005769;GO:0046677;GO:0052594;GO:0048038;GO:0009308;GO:1902283;GO:0005886;GO:0005794;GO:0005783;GO:0005615;GO:0052595;GO:0052596;GO:0052593;GO:0008131
A8IW34	GO:0046686;GO:0044208;GO:0004019;GO:0009570;GO:0005525;GO:0000287;GO:0048046
P10755	GO:0000978;GO:0006357;GO:0001835;GO:0046872;GO:0005634;GO:0000981
B8HP19	GO:0051539;GO:0044689;GO:0005506
P34925	GO:0043410;GO:0005634;GO:1904953;GO:0007165;GO:0005737;GO:0005109;GO:0033278;GO:0016055;GO:0018108;GO:0005886;GO:0016020;GO:0016301;GO:0005524;GO:0016021;GO:0022008;GO:1904929;GO:0005887;GO:0007409;GO:0071679;GO:0004888;GO:1904938;GO:0007275;GO:0036518;GO:0007411;GO:0007169;GO:0035567;GO:0060070;GO:0030182;GO:0007399;GO:0033674;GO:0048705;GO:0048843;GO:1904948;GO:0043235;GO:0007416;GO:0042813;GO:0022038;GO:0031175;GO:0017147
A8GZ99	GO:0000287;GO:0016779;GO:0005524
Q2VYZ1	GO:0000049;GO:0005737;GO:0005524;GO:0004826;GO:0000287;GO:0006432
Q84YK7	GO:0008422;GO:0102483;GO:0005975
A0A2Z5TM64	GO:0006633;GO:0016874;GO:0004315;GO:0031177
Q6DFF7	GO:0006511;GO:0016567;GO:0006446;GO:0031463
Q73M28	GO:0046933;GO:0046961;GO:0005524;GO:0042777
B1LQU4	GO:0009380;GO:0009432;GO:0003677;GO:0006289;GO:0005737;GO:0009381
P55995	GO:0034605;GO:0004176;GO:0043565;GO:0005737;GO:0005524;GO:0006515;GO:0004252
P16068	GO:0008074;GO:0048786;GO:0019934;GO:0038060;GO:0099555;GO:0005737;GO:0071732;GO:0046872;GO:0005525;GO:0004383;GO:0006182;GO:0020037
Q63HN8	GO:0006511;GO:0016567;GO:0046872;GO:0051865;GO:0001525;GO:0016887;GO:0005730;GO:0005737;GO:0016020;GO:2000051;GO:0000209;GO:0002040;GO:0005829;GO:0004842;GO:0051260
Q05509	GO:0050097;GO:0019553;GO:0019670;GO:0031419
Q8WYQ9	GO:0003676;GO:0035091;GO:0008270
A5DSK2	GO:0005789;GO:0000139;GO:0030127;GO:0006886;GO:0008270;GO:0006888
A0JPK3	GO:0010385;GO:0000978;GO:0003682;GO:0006357;GO:2000653;GO:0005634;GO:0000981;GO:0010216;GO:0003677;GO:0000122;GO:0046872;GO:0043045;GO:0071517;GO:0005720;GO:0006349
O43747	GO:0030121;GO:0035615;GO:0140312;GO:0005737;GO:0032438;GO:0005794;GO:0050690;GO:0005765;GO:0055037;GO:0000139;GO:0016020;GO:0006896;GO:0005829;GO:0043231;GO:0019894;GO:0030665;GO:0090160;GO:0030742;GO:0035646;GO:0043323;GO:0032588;GO:0030659;GO:0006898;GO:0045954;GO:0017137;GO:0030136;GO:0006886;GO:0019886
Q8BMD7	GO:0005654;GO:0008270
C5BHE3	GO:0003677;GO:0006351;GO:0032549;GO:0003899
Q1QZP3	GO:0016645;GO:0005737;GO:0002097;GO:0004808;GO:0050660
Q7TSI1	GO:0005765;GO:0006914;GO:1900029;GO:0032418;GO:0005730;GO:0045780;GO:0035556;GO:0010008;GO:0046872;GO:0043231;GO:0015031
Q9Z2Q4	GO:0009086;GO:0006479;GO:0046653;GO:0008705;GO:0006555;GO:0061431;GO:0005542;GO:0009235;GO:0008270;GO:0016597;GO:0050667;GO:0008168;GO:0031419;GO:0005829
Q250N9	GO:0006351;GO:0003899;GO:0003677;GO:0008270;GO:0000287
A3QC77	GO:0006096;GO:0005576;GO:0009986;GO:0000015;GO:0004634;GO:0000287
C4LG04	GO:0004817;GO:0005737;GO:0005524;GO:0008270;GO:0006423
A1ZBY1	GO:0016567;GO:0051438
Q7T6X6	GO:0006541;GO:0004360;GO:0006048;GO:0097367
Q9NUL7	GO:0005739;GO:0005730;GO:0042645;GO:0035770;GO:1902775;GO:0005654;GO:0003724;GO:0005524;GO:0003723;GO:0005829;GO:0019843
P75882	GO:0005886
Q9BVI0	GO:0016573;GO:0044545;GO:0006357;GO:0043981;GO:0071339;GO:1901796;GO:0003677;GO:0005654;GO:0031965;GO:0043984;GO:0046872;GO:0000123;GO:0043982;GO:0005829
P50611	GO:0044781;GO:0071973;GO:0009425
A4YIZ5	GO:0006094;GO:0000287;GO:0042132;GO:0004332
Q7VJ82	GO:0006351;GO:0003899;GO:0032549;GO:0003677;GO:0008270;GO:0000287
Q6NCT7	GO:0004373;GO:0009011;GO:0033201;GO:0005978
P16066	GO:0007589;GO:0008217;GO:0019901;GO:0007165;GO:0008528;GO:0005525;GO:0035810;GO:0048662;GO:0035815;GO:0019934;GO:0097746;GO:0005886;GO:0016941;GO:0005524;GO:0016021;GO:0006182;GO:0007166;GO:0010753;GO:0017046;GO:0004672;GO:1903779;GO:0042562;GO:0007168;GO:0030308;GO:0016525;GO:0043114;GO:0001653;GO:0043235;GO:0004383;GO:0042417
Q59757	GO:0008964;GO:0015977;GO:0006107;GO:0006099;GO:0000287
Q9FMR0	GO:0005576;GO:0009506;GO:0020037;GO:0004601;GO:0042744;GO:0046872;GO:0006979;GO:0009505
Q54FW5	GO:0005737;GO:0016020;GO:0043157;GO:0030246
Q00257	GO:0030170;GO:0009693;GO:0016847;GO:0009835
Q8IV33	
O14206	GO:0030687;GO:0005730;GO:0019843;GO:0000027
Q56830	GO:0003677;GO:0009405;GO:0005576;GO:0042025;GO:0034053
Q4TWH8	GO:0008234;GO:0039694;GO:0006351;GO:0070008;GO:0033644;GO:0003968;GO:0005524;GO:0016021;GO:0003723;GO:0004252
B4T2Y7	GO:0006400;GO:0016705
P32886	GO:0039694;GO:0003725;GO:0039502;GO:0042025;GO:0019031;GO:0039564;GO:0004483;GO:0075512;GO:0005198;GO:0005576;GO:0044220;GO:0004482;GO:0005524;GO:0016021;GO:0019028;GO:0003724;GO:0003968;GO:0039654;GO:0039574;GO:0055036;GO:0046983;GO:0039563;GO:0044167;GO:0046872;GO:0039520;GO:0019062;GO:0004252
Q8IYN0	GO:0000978;GO:0046872;GO:0006355;GO:0005634;GO:0000981
Q8Z8M0	GO:0004357;GO:0005524;GO:0042398
Q9CD42	GO:0006096;GO:0005576;GO:0009986;GO:0000015;GO:0004634;GO:0000287
Q4R7B1	GO:0005634;GO:0032039;GO:0016180
Q8K9D2	GO:0003684;GO:0030983;GO:0005524;GO:0006298
Q9EP71	GO:0030054;GO:0003779;GO:0007283;GO:0005739;GO:0005654;GO:0005938;GO:0005856;GO:0030154;GO:0001650;GO:0005829
B3QLC5	GO:0005737;GO:0002949;GO:0005506;GO:0061711
P11532	GO:0045211;GO:0005634;GO:0046716;GO:0045121;GO:0005856;GO:0050998;GO:0030018;GO:0060314;GO:0002162;GO:1901385;GO:0010976;GO:0045202;GO:0045666;GO:2000651;GO:0044458;GO:0003779;GO:0030175;GO:0009986;GO:0005886;GO:0014819;GO:0017022;GO:0014809;GO:0005829;GO:0090287;GO:0035994;GO:0035633;GO:0043043;GO:0007517;GO:0086001;GO:0030055;GO:0017166;GO:0005200;GO:0034613;GO:0031527;GO:0042383;GO:0030049;GO:0002027;GO:0010880;GO:0034622;GO:0044306;GO:0048747;GO:1902083;GO:0060048;GO:0033137;GO:0010881;GO:0016013;GO:0043034;GO:0008270;GO:0008307;GO:0032991;GO:0016010
A8I5R5	GO:0042026;GO:0005737;GO:0051082;GO:0005524
Q13WN4	GO:0051539;GO:0016830;GO:0009229;GO:0009228;GO:0008270
A5GVF0	GO:0003677;GO:0006351;GO:0008270;GO:0003899
Q6AGD6	GO:0000049;GO:0005737;GO:0005524;GO:0004826;GO:0000287;GO:0006432
Q66NC0	GO:0005125;GO:0008083;GO:0005615
Q5REP9	GO:0006511;GO:0016567;GO:0070936;GO:0072156;GO:0050801;GO:0003779;GO:0031463;GO:0005856;GO:0070294;GO:0005829
B2FQ39	GO:0006351;GO:0003899;GO:0003677;GO:0008270;GO:0000287
S0DS17	GO:0004497;GO:0016705;GO:0005506;GO:0020037
P18564	GO:0030054;GO:0005813;GO:0005654;GO:0038044;GO:0007229;GO:0005925;GO:1901388;GO:0005886;GO:0034685;GO:0001618;GO:0033627;GO:0007160;GO:0006954;GO:0008305;GO:0030198;GO:0009897;GO:0038023;GO:0005178;GO:0007155;GO:0016477;GO:0043235
Q9XD78	GO:0047519;GO:0048038;GO:0030288;GO:0005886;GO:0019630;GO:0046279;GO:0016021
Q5PDE6	GO:0006457;GO:0051082;GO:0030288;GO:0050821;GO:0042277;GO:0043165;GO:0003755;GO:0060274
Q3K5Y1	GO:0003677;GO:0006351;GO:0032549;GO:0003899
Q701R0	GO:0032580;GO:0003835;GO:0006486;GO:0016021
Q8Z824	GO:0046677;GO:0015562;GO:0008559;GO:0016887;GO:0005524;GO:0005887;GO:1990961
P63978	GO:0006260;GO:0005737;GO:0008408;GO:0003887
A5GTA8	GO:0004367;GO:0046167;GO:0005975;GO:0009331;GO:0006650;GO:0046168;GO:0051287;GO:0008654
P97697	GO:0042802;GO:0046855;GO:0010226;GO:0052834;GO:0031403;GO:0007165;GO:0006020;GO:0052833;GO:0006796;GO:0008934;GO:0006021;GO:0005737;GO:0042803;GO:0043025;GO:0006661;GO:0030145;GO:0000287;GO:0052832;GO:0030424;GO:0046854
P0CU84	GO:0016491;GO:0016746;GO:0031177
Q01RQ2	GO:0042026;GO:0005737;GO:0051082;GO:0005524
A9W6S6	GO:0009245;GO:0009029;GO:0005524
Q1D7U2	GO:0006351;GO:0003899;GO:0003677;GO:0008270;GO:0000287
Q99676	GO:0000978;GO:0006357;GO:0008270;GO:0005634;GO:0000981
A7Z616	GO:0004834
Q8VWJ1	GO:0010176;GO:0009915;GO:0031969;GO:0071555;GO:0006636;GO:0010189;GO:0031347;GO:0016021;GO:0009507;GO:0009266
Q9TTK4	GO:0007040;GO:0005737;GO:0032510;GO:0042267;GO:0043473;GO:0015630;GO:0015031
Q58444	GO:0003677;GO:0006351;GO:0032549;GO:0003899
Q64604	GO:0042059;GO:0005158;GO:0031102;GO:0005001;GO:0008285;GO:0007156;GO:0050839;GO:0035335;GO:0031345;GO:0051387;GO:0043525;GO:0043065;GO:0043025;GO:0005886;GO:0016020;GO:0016021;GO:0043231;GO:0035373;GO:1900121;GO:0048679;GO:0050803;GO:0008201;GO:0099560;GO:0004725;GO:0001960;GO:0043005;GO:0060076;GO:0042301;GO:0006470;GO:0005768;GO:0007399;GO:0010975;GO:0030426;GO:0030971;GO:0044877;GO:0016477;GO:0050775;GO:0046627
Q01H90	GO:0016491;GO:0006325
Q53654	GO:0005576;GO:0005518;GO:0009274;GO:0007155;GO:0009405
B5BCP6	GO:0099619;GO:0046677;GO:0009103;GO:0099618;GO:0009245
Q4IP34	GO:0003676;GO:0005634;GO:0006397;GO:0003724;GO:0008380;GO:0005524
C0M7R5	GO:0006351;GO:0003899;GO:0003677;GO:0008270;GO:0000287
Q8FNR1	GO:0051537;GO:0016491;GO:0016021;GO:0070469;GO:0005886;GO:0046872
O94806	GO:0030148;GO:0007205;GO:0004697;GO:0089700;GO:0005654;GO:0004698;GO:0016020;GO:0016301;GO:0005524;GO:0046872;GO:0005829;GO:0006468
Q4AAR4	GO:0006457;GO:0051082;GO:0005524
P98182	GO:0005634;GO:0046872
B1LK44	GO:0004457;GO:0010181;GO:0005886;GO:0019516
B5BHX7	GO:0004457;GO:0010181;GO:0005886;GO:0019516
Q86TG7	GO:0006915;GO:0003677;GO:0005654;GO:0005737;GO:0030512;GO:0030154;GO:0008270;GO:0003723;GO:0005829
B8DTV6	GO:0003924;GO:0003746;GO:0005737;GO:0005525
F4K0E8	GO:0051539;GO:0046429;GO:0019288;GO:0009536;GO:0009617;GO:0009570;GO:0005506;GO:0009862;GO:0009507;GO:0016114;GO:0009941
B6SFA4	GO:0005634;GO:0009875;GO:0010183;GO:0004386;GO:0005524;GO:0003723;GO:0009553
Q0SY06	GO:0051539;GO:0016830;GO:0009229;GO:0009228;GO:0008270
Q60670	GO:0042149;GO:0005634;GO:0019901;GO:0010830;GO:0005737;GO:0000122;GO:0032792;GO:0048511;GO:0004674;GO:0006468;GO:0045595;GO:0043276;GO:0042826;GO:0043153;GO:0007346;GO:0002028;GO:0046777;GO:0071889;GO:0005524;GO:0005829;GO:0010868;GO:0045721;GO:0007049;GO:0008140;GO:0035556;GO:0055007;GO:0000287
A2VD93	GO:0005829;GO:0005524
Q0V9M0	GO:0005509;GO:0005576
Q5XIR8	
B5ZBE9	GO:0006457;GO:0051082;GO:0005524
Q6ZSS3	GO:0000978;GO:0006357;GO:0046872;GO:0005634;GO:0000981
B5XKQ6	GO:0000049;GO:0005737;GO:0005524;GO:0004826;GO:0000287;GO:0006432
P16267	GO:0009399;GO:0018697;GO:0016163;GO:0005524;GO:0046872;GO:0051536
A7NJA5	GO:0009073;GO:0005737;GO:0009423;GO:0003866
Q3T0D6	GO:0030246
P42873	GO:0009039;GO:0005737;GO:0016151;GO:0043419
H6WS94	GO:2000032;GO:0042626;GO:0005886;GO:0005524;GO:0016021;GO:0009914
B1HVQ8	GO:0003677;GO:0043937;GO:0007049;GO:0051301
Q9VFC2	GO:0005576;GO:0045861;GO:0004867;GO:0042438;GO:0048526;GO:0045751;GO:0045824;GO:0005615;GO:0010951;GO:0002376
B9DFV2	GO:0003676;GO:0005634;GO:0006397;GO:0061630;GO:0008270
Q9YD18	GO:0051301;GO:0007049;GO:0006260;GO:0003910;GO:0003677;GO:0051103;GO:0006310;GO:0005524;GO:0046872;GO:0071897
Q6ZNG0	GO:0006357;GO:0001227;GO:0000790;GO:0000981;GO:0000122;GO:0046872;GO:0000977
Q47146	GO:0003995;GO:0050660;GO:0005886;GO:0033539;GO:0004466
Q3UHK6	GO:0042802;GO:0060912;GO:0060038;GO:0005634;GO:0048714;GO:0007165;GO:0031643;GO:0048666;GO:0007157;GO:0031641;GO:0005737;GO:0005886;GO:0042803;GO:0050839;GO:0043005;GO:2000543;GO:0046982;GO:0032289;GO:0005887;GO:0001702
Q7VBZ5	GO:0004823;GO:0006429;GO:0002161;GO:0005737;GO:0005524
B0CBU2	GO:0044208;GO:0004019;GO:0005737;GO:0005525;GO:0000287
Q5ZMR9	GO:0005643;GO:0005737;GO:0006611;GO:0005049
A1ZAK1	GO:0010628;GO:0045666;GO:0032039;GO:0034472;GO:0016180
B5DF27	GO:0005604;GO:0005634;GO:0006464;GO:0000122;GO:0005783;GO:0070492;GO:0005507;GO:0001666;GO:0001935;GO:0016020;GO:0030199;GO:0010718;GO:0005509;GO:0070828;GO:0000785;GO:0043542;GO:0002040;GO:0046688;GO:0032332;GO:0045892;GO:1902455;GO:0005615;GO:0005044;GO:0004720;GO:0018057;GO:0001837
P0C5E4	GO:0050885;GO:0004725;GO:0050910;GO:0042472;GO:0032421;GO:0045598;GO:0002244;GO:0016021;GO:0043235;GO:0060116;GO:1990264
A0LXZ7	GO:0003684;GO:0030983;GO:0005524;GO:0006298
Q5RKG2	GO:0005634;GO:0071339;GO:0006338;GO:0003713;GO:0000122;GO:0005737;GO:0035097;GO:0006355
P27438	GO:0003678;GO:0046872;GO:0042025;GO:0006260;GO:0039526;GO:0039592;GO:0003677;GO:0039645;GO:0005524;GO:0004519;GO:0039693
P33213	GO:0009877
Q3J5S9	GO:0006351;GO:0003899;GO:0003677;GO:0008270;GO:0000287
B7LK09	GO:0006146;GO:0000034
Q6IFW5	GO:0005198;GO:0060429;GO:0061303;GO:0005882
Q9H9Z2	GO:0035198;GO:0045686;GO:0000932;GO:0005634;GO:0007281;GO:0005737;GO:0003723;GO:0048863;GO:0010494;GO:0045666;GO:0005791;GO:1903800;GO:0031369;GO:2000767;GO:0005829;GO:1901724;GO:0005730;GO:0002151;GO:0071076;GO:0071333;GO:1990904;GO:1990825;GO:0005844;GO:0010587;GO:0019827;GO:0032008;GO:0031123;GO:0035019;GO:0017148;GO:1905538;GO:0008270;GO:0031054;GO:0051897
B1KD33	GO:0003887;GO:0005737;GO:0006281;GO:0000287;GO:0003684;GO:0006261
O43310	GO:0000184;GO:0003723;GO:0005829;GO:0048471;GO:0006446;GO:0008494
Q4FUE4	GO:0000049;GO:0005840;GO:0006412;GO:0003735;GO:0019843
Q6GKG7	GO:0004139;GO:0005737;GO:0016052;GO:0009264;GO:0046386
P06684	GO:0010575;GO:0006957;GO:0005579;GO:0006954;GO:0019835;GO:0001701;GO:0004866;GO:0090197;GO:0005615;GO:0006958;GO:0045766;GO:0010760
Q86YD3	GO:0090394;GO:0005576;GO:0005764;GO:0005886;GO:0031647;GO:0016021;GO:0005770
A1JT25	GO:0004125;GO:0005737;GO:0001514;GO:0097056
P42694	GO:0043186;GO:0005634;GO:0016020;GO:0004386;GO:0035194;GO:0005524;GO:0046872;GO:0003723;GO:0005829
Q8CB87	GO:0005525;GO:0003924;GO:0005886
B5F952	GO:0006400;GO:0016705
Q07YF5	GO:0042744;GO:0004096;GO:0046872;GO:0006979;GO:0020037
B1X3M9	GO:0006351;GO:0070111;GO:0003899;GO:0003677;GO:0009536;GO:0008270;GO:0000287
Q5NR58	GO:0051539;GO:0016830;GO:0009229;GO:0009228;GO:0008270
Q79VJ3	GO:0009039;GO:0005737;GO:0016151;GO:0043419
Q6Y5D8	GO:0007165;GO:0043066;GO:0005886;GO:0007010;GO:0005829;GO:0048471;GO:0005096
P57677	GO:0006430;GO:0000049;GO:0005737;GO:0004824;GO:0005524
A8ZSY5	GO:0006096;GO:0005576;GO:0009986;GO:0000015;GO:0004634;GO:0000287
A0LR17	GO:0042026;GO:0005737;GO:0051082;GO:0005524
A7HDY8	GO:0030170;GO:0019264;GO:0005737;GO:0004372;GO:0035999
O15015	GO:0000978;GO:0006355;GO:0000790;GO:0000981;GO:0046872
B7MRU8	GO:0005737;GO:0008914;GO:0030163
B2UCW7	GO:0065002;GO:0006605;GO:0005737;GO:0005886;GO:0017038;GO:0005524;GO:0046872
Q51487	GO:0046677;GO:0015562;GO:0016021;GO:0042910;GO:0009279
Q3A4P8	GO:0004823;GO:0006429;GO:0002161;GO:0005737;GO:0005524
Q1X881	GO:0039694;GO:0046872;GO:0003725;GO:0039502;GO:0042025;GO:0019031;GO:0039564;GO:0004483;GO:0075512;GO:0003724;GO:0019062;GO:0005198;GO:0005525;GO:0003968;GO:0039654;GO:0005576;GO:0055036;GO:0046983;GO:0044220;GO:0004482;GO:0044167;GO:0005524;GO:0016021;GO:0039520;GO:0019028;GO:0004252
B9LUM0	GO:0005524;GO:0005737;GO:0006433;GO:0004827
A6QGY4	GO:0009405;GO:0005886;GO:0016021
O05714	GO:0006457;GO:0051082;GO:0005524
Q8VA42	GO:0016787;GO:0019079;GO:0003968;GO:0019013;GO:0000166;GO:0003723
C0JRZ9	GO:0051539;GO:0030772;GO:0017000;GO:0046872;GO:0031419
A8FZ10	GO:0004823;GO:0006429;GO:0002161;GO:0005737;GO:0005524
Q2FU77	GO:0046872;GO:0000049;GO:0005737;GO:0005524;GO:0006431;GO:0004825
Q9K9V7	GO:0004151;GO:0044205;GO:0008270
Q1MBK9	GO:0003676;GO:0006430;GO:0005737;GO:0004824;GO:0005524;GO:0000287
Q8GYN9	GO:0042372;GO:0016853;GO:0005777;GO:0009234;GO:0008935;GO:0005829
P22892	GO:0030121;GO:0035615;GO:0140312;GO:0005802;GO:0005794;GO:0000226;GO:0055037;GO:0016192;GO:0008022;GO:0006896;GO:0043231;GO:0005829;GO:0015630;GO:0019894;GO:0090160;GO:0030742;GO:0035646;GO:0043323;GO:0048471;GO:0006898;GO:0045954;GO:0005518;GO:0017137;GO:0030136;GO:0006886
O94782	GO:0006511;GO:0035520;GO:0001501;GO:0008233;GO:0004843;GO:0005634;GO:0006282;GO:0009411;GO:0004197;GO:0005654;GO:0016579;GO:0042769;GO:0005829;GO:0036297
Q3JVW9	GO:0043165;GO:0015920;GO:0010033;GO:0009279
Q29108	GO:0005576;GO:0007339;GO:0002080;GO:0001675;GO:0002199;GO:0001669
Q2JZT8	GO:0042744;GO:0004096;GO:0046872;GO:0006979;GO:0020037
Q8IYR2	GO:0032259;GO:0008168;GO:0046872
O94372	GO:0030688;GO:0032040;GO:0030692;GO:0005730;GO:0006364;GO:0016021
A1DHK2	GO:0005789;GO:0006888;GO:0015031;GO:0012507
O75800	GO:0016324;GO:0046872;GO:0044183;GO:1905505;GO:0003341;GO:0060090;GO:0036159;GO:0036158;GO:0005737;GO:0061512;GO:0034451;GO:0044458
P38863	GO:0007020;GO:0005822;GO:0031122;GO:0051225;GO:0005874;GO:0000278;GO:0005634;GO:0051415;GO:0000922;GO:0005824;GO:0000928;GO:0008275;GO:0005737;GO:0005816;GO:0000923;GO:0000930;GO:0051321;GO:0043015;GO:0044732
Q8EEB6	GO:0009014;GO:0043093;GO:0009089;GO:0008270;GO:0050897;GO:0005829;GO:0019877
Q9HJ28	GO:0004514;GO:0000166;GO:0046872;GO:0004516;GO:0009435
Q2JPZ9	GO:0051539;GO:0046429;GO:0019288;GO:0005506;GO:0016114
P12929	GO:0003678;GO:0046872;GO:0042025;GO:0006260;GO:0039526;GO:0039592;GO:0003677;GO:0039645;GO:0005524;GO:0004519;GO:0039693
Q6FED0	GO:0008360;GO:0009252;GO:0007049;GO:0051301;GO:0019277;GO:0008760;GO:0005737;GO:0071555
P0CY96	GO:0042026;GO:0005737;GO:0051082;GO:0005524
A0JP82	GO:0008327;GO:0005634;GO:0070989;GO:0007275;GO:0005694;GO:0008270;GO:0080111;GO:0070579;GO:0045944;GO:0006211;GO:0006325
Q9ZED6	GO:0016491
Q3MF89	GO:0006007;GO:0006096;GO:0005737;GO:0030145;GO:0046537
A3PGJ0	GO:0006351;GO:0003899;GO:0003677;GO:0008270;GO:0000287
Q12V98	GO:0005737;GO:0016149
A9WCM4	GO:0006096;GO:0005576;GO:0009986;GO:0000015;GO:0032889;GO:0004634;GO:0000287
O00459	GO:0038095;GO:0050852;GO:0032869;GO:0005634;GO:0046854;GO:0038096;GO:0043551;GO:0046982;GO:0043409;GO:0046935;GO:0051897;GO:0014065;GO:0019903;GO:0051056;GO:0005829;GO:0008286;GO:0010506;GO:0050900;GO:0048010;GO:0006661;GO:0045944;GO:0001784;GO:0042307;GO:0001678;GO:0030971;GO:0048015;GO:0034976;GO:0005942;GO:0015031
Q57R58	GO:0046677;GO:0015562;GO:0008559;GO:0016887;GO:0005524;GO:0005887;GO:1990961
B1H1Z8	GO:0051301;GO:0034088;GO:0005634;GO:0090694;GO:0005654;GO:0071921;GO:0032116;GO:0000785
P97677	GO:0030155;GO:0035265;GO:0008217;GO:0097102;GO:0008285;GO:0045121;GO:0072014;GO:0005112;GO:0009912;GO:1900746;GO:0031410;GO:0007219;GO:0021510;GO:0032693;GO:0045596;GO:0097009;GO:0014002;GO:0070986;GO:0072583;GO:0097150;GO:0040008;GO:0005912;GO:0045807;GO:0007267;GO:0005886;GO:0048839;GO:0030957;GO:0045638;GO:0014807;GO:0016021;GO:0072006;GO:0001947;GO:0001709;GO:0021688;GO:0034351;GO:2000726;GO:0010628;GO:0048633;GO:0005509;GO:0097110;GO:0050767;GO:0045608;GO:0098773;GO:0051302;GO:0060041;GO:0001757;GO:0008284;GO:0009954;GO:0048665;GO:0045605;GO:0001756;GO:0045944;GO:0007386;GO:0045665;GO:0003323;GO:0007368;GO:0016324;GO:0045746;GO:0045747;GO:0060853;GO:0007399;GO:0030857;GO:0045662;GO:1903672;GO:0002315;GO:0046331;GO:0048631;GO:0060042;GO:0072070;GO:0048630;GO:0021693
Q4FU86	GO:0009014;GO:0009089;GO:0050897;GO:0008270;GO:0019877
A1A1R2	GO:0004823;GO:0006429;GO:0002161;GO:0005737;GO:0005524
Q2LKW6	GO:0032610;GO:0032611;GO:0019904;GO:0030163;GO:0005634;GO:0006919;GO:0006954;GO:0051402;GO:0005654;GO:1904784;GO:0070269;GO:0016020;GO:0061702;GO:0005524;GO:0005829;GO:0045087;GO:0019899;GO:0043280;GO:0072558
Q68X04	GO:0006430;GO:0000049;GO:0005737;GO:0004824;GO:0005524
Q2RNH8	GO:0000049;GO:0005737;GO:0005524;GO:0004826;GO:0000287;GO:0006432
Q4A8U5	GO:0006457;GO:0051082;GO:0005524
A0RLP6	GO:0044208;GO:0004019;GO:0005737;GO:0005525;GO:0000287
A1WX31	GO:0006457;GO:0051082;GO:0005524
B2VTT3	GO:0017108;GO:0005739;GO:0006260;GO:0005730;GO:0043137;GO:0003677;GO:0005654;GO:0000287;GO:0006284;GO:0008409
Q46C04	GO:0051301;GO:0007049;GO:0006260;GO:0003910;GO:0003677;GO:0051103;GO:0006310;GO:0005524;GO:0046872;GO:0071897
Q12749	GO:0005739;GO:0005634;GO:0035861;GO:0051304;GO:1990683;GO:0071139;GO:0000724;GO:0006281;GO:0005524;GO:0030915;GO:0003684;GO:0016925
Q2RKX6	GO:0003677;GO:0045892
P14891	GO:0042282;GO:0016126;GO:0005789;GO:0019287;GO:0004420;GO:0015936;GO:0008299;GO:0005783;GO:0016021;GO:0005778
Q31IY9	GO:0003677;GO:0006351;GO:0032549;GO:0003899
P12606	GO:0038023;GO:0030054;GO:0032154;GO:0032587;GO:0007160;GO:0071438;GO:0008305;GO:0030027;GO:0007229;GO:0042470
B3Q9C2	GO:0004373;GO:0009011;GO:0033201;GO:0005978
Q9QXT9	GO:0000978;GO:0003682;GO:0006357;GO:0000122;GO:0046872;GO:0005634;GO:0000981
Q4G3A7	GO:0003677;GO:0006351;GO:0009507;GO:0003899;GO:0032549
Q5I2M7	GO:0043410;GO:0050729;GO:0032009;GO:0002639;GO:0034165;GO:0036019;GO:0042803;GO:0005783;GO:0045322;GO:0050871;GO:0002755;GO:0045577;GO:0032729;GO:0016021;GO:0032728;GO:0050707;GO:0005789;GO:0034163;GO:0005764;GO:0006954;GO:0004888;GO:0030890;GO:0038187;GO:0005768;GO:0002237;GO:0034162;GO:0032727;GO:0035197;GO:0045087
I1RIV2	GO:0008152;GO:0016874;GO:0031177
A1CFB5	GO:0051731;GO:0005730;GO:0006364;GO:0005524
A7GJZ9	GO:0000049;GO:0006424;GO:0005737;GO:0005524;GO:0008270;GO:0004818
Q9TXV7	GO:0003697;GO:0005634;GO:0004527;GO:0000012;GO:0017005;GO:0006302;GO:0003690
Q0HES2	GO:0042744;GO:0004096;GO:0046872;GO:0006979;GO:0020037
B5YAR3	GO:0006457;GO:0051082;GO:0005524
F1MBP6	GO:0006511;GO:0016567;GO:0070936;GO:0072156;GO:0050801;GO:0003779;GO:0031463;GO:0005856;GO:0070294;GO:0005829;GO:0097602
P38227	GO:0010509;GO:0006855;GO:0015562;GO:0071944;GO:0055085;GO:0030476;GO:0005886;GO:0042910;GO:0015203;GO:0005887
P0A374	GO:0009405;GO:0090729;GO:0005102;GO:0030435
A0JYN2	GO:0006782;GO:0050661;GO:0008883
Q5RFQ8	GO:0005576;GO:0008233;GO:0004222;GO:0046872
Q6AYS8	GO:0016229;GO:0006710;GO:0016616;GO:0005737;GO:0004303;GO:0005783;GO:0006694;GO:0005811
P36330	GO:0020002;GO:0042025;GO:0005198;GO:0030430;GO:0055036;GO:0039619;GO:0019031;GO:0039657;GO:0075512;GO:0016021;GO:0003723;GO:0039654;GO:0019062;GO:0004252
B7UMX6	GO:0005737;GO:0008914;GO:0030163
B0B8B6	GO:0003676;GO:0004815;GO:0050560;GO:0005737;GO:0006422;GO:0005524
A2RQG7	GO:0003677;GO:0005634;GO:0006355
P53076	GO:0045721;GO:0005634;GO:0034657;GO:0006808;GO:0005737;GO:0043161
Q15027	GO:0016020;GO:0055038;GO:0046872;GO:0005096;GO:0015031
P51400	GO:0042802;GO:0003725;GO:0007420;GO:0005634;GO:0008285;GO:0060384;GO:0005654;GO:0005737;GO:0003726;GO:0003723;GO:0044387;GO:0045202;GO:0021618;GO:0006396;GO:0035264;GO:0050884;GO:0016556;GO:0060415;GO:0021965;GO:0021610;GO:0016553;GO:0006382;GO:0061744;GO:0008251;GO:0006397;GO:0005730;GO:0030336;GO:0007274;GO:0097049;GO:0051726;GO:0046872;GO:0050685;GO:0045070
A5VB82	GO:0051539;GO:0016830;GO:0009229;GO:0009228;GO:0008270
Q7NGW6	GO:0042744;GO:0004096;GO:0070301;GO:0046872;GO:0005829;GO:0020037
O43916	GO:0005976;GO:0006012;GO:0005802;GO:0000139;GO:0006954;GO:0016021;GO:0042339;GO:0006044;GO:0006790;GO:0001517;GO:0018146;GO:0045130;GO:0008146
Q96H40	GO:0000978;GO:0070062;GO:0005634;GO:0000981;GO:0006355;GO:0046872
Q9ESP7	GO:0042742;GO:0046872;GO:0008233;GO:0006508;GO:0004222;GO:0008237;GO:0031012;GO:0044691;GO:0005615;GO:0002020;GO:0030198
P49080	GO:0009086;GO:0009088;GO:0050661;GO:0009089;GO:0005524;GO:0009067;GO:0004412;GO:0004072;GO:0009507;GO:0009090
Q9KZZ7	GO:0051539;GO:0016829;GO:0044689;GO:0046872
Q98D57	GO:0009014;GO:0009089;GO:0050897;GO:0008270;GO:0019877
Q7N121	GO:0008295;GO:0009446;GO:0046872;GO:0006527;GO:0008792
A3KMI0	GO:0043024;GO:0003743;GO:0003724;GO:0045948;GO:0005524;GO:0016282
B3QLW3	GO:0008360;GO:0009252;GO:0007049;GO:0051301;GO:0071555;GO:0005737;GO:0008763;GO:0005524
P98174	GO:0007165;GO:0001726;GO:0005737;GO:0005856;GO:0005794;GO:0030027;GO:0008360;GO:0043087;GO:0043065;GO:0030036;GO:0051056;GO:0007010;GO:0046847;GO:0005829;GO:0007186;GO:0031267;GO:0005085;GO:0009887;GO:0007275;GO:0005089;GO:0046872
B3E2S8	GO:0006096;GO:0005576;GO:0009986;GO:0000015;GO:0004634;GO:0000287
Q18331	GO:0046872;GO:0004672;GO:0007165;GO:0035556;GO:0005886;GO:0007168;GO:0001653;GO:0005524;GO:0016021;GO:0005525;GO:0004383;GO:0006182
Q9C6L5	GO:0102337;GO:0009922;GO:0009409;GO:0009416;GO:0048868;GO:0102756;GO:0006633;GO:0102338;GO:0005783;GO:0016021;GO:0102336
Q8VYA5	GO:0005681;GO:0005634;GO:0003729;GO:0000245;GO:0008380;GO:0045292;GO:0016607;GO:0000398;GO:0008270;GO:0003723;GO:0000381
A6SY97	GO:0042744;GO:0004096;GO:0046872;GO:0006979;GO:0020037
Q1J219	GO:0004521;GO:0006402;GO:0005886;GO:0016021;GO:0003723
Q5WF63	GO:0052865;GO:0009228;GO:0008661;GO:0030976;GO:0000287;GO:0016114
Q31V36	GO:0004125;GO:0005737;GO:0001514;GO:0097056
Q8VDC1	GO:0072383;GO:1901098;GO:0005764;GO:0005794;GO:0005776;GO:0046872;GO:0043231;GO:0005770
Q09804	GO:0005829;GO:0042254;GO:0005730;GO:0006364
O75373	GO:0000978;GO:0046872;GO:0006355;GO:0005634;GO:0000981
Q8YHZ8	GO:0009039;GO:0005737;GO:0016151;GO:0043419
O30565	GO:0005576;GO:0046872;GO:2001070;GO:0004556;GO:0043895;GO:0005975
Q5AR54	GO:0044550;GO:0016853;GO:0016874;GO:0032259;GO:0005737;GO:0008168;GO:0031177;GO:0043041
Q7Z1Z9	GO:0005634;GO:0030246;GO:0043157;GO:0005737;GO:0016020
B6HN77	GO:0032259;GO:0008168;GO:0016746
B5EXA8	GO:0004457;GO:0010181;GO:0005886;GO:0019516
P35835	GO:0042730;GO:0005576;GO:0030435;GO:0046872;GO:0007596;GO:0004252
Q47V96	GO:0030170;GO:0005737;GO:0006782;GO:0042286;GO:0008483
A4JCZ0	GO:0051539;GO:0016830;GO:0009229;GO:0009228;GO:0008270
Q74J64	GO:0006096;GO:0005576;GO:0043236;GO:0009986;GO:0000015;GO:0004634;GO:0000287
Q93GW2	GO:0042026;GO:0005737;GO:0051082;GO:0005524
A2CAX1	GO:0009073;GO:0005737;GO:0009423;GO:0003866
Q8IED2	GO:0051301;GO:0000796;GO:0005634;GO:0000070;GO:0007076;GO:0005524
P27219	GO:0009401;GO:0016301;GO:0005886;GO:0016021;GO:0008982
Q45FA5	GO:0005634;GO:0004674;GO:0005524
Q8ZQE4	GO:0022857;GO:0046677;GO:0015562;GO:0008559;GO:0016887;GO:0005886;GO:0005524;GO:0005887;GO:1990961
Q60DN5	GO:0005886;GO:0016021;GO:0006865
P58502	GO:0042802;GO:0005576;GO:0004252
B1JB38	GO:0006096;GO:0005576;GO:0009986;GO:0000015;GO:0004634;GO:0000287
Q7TSH9	GO:0000978;GO:0006357;GO:0005634;GO:0000981;GO:0046872
Q4R8D2	GO:0005525;GO:0003924
Q8IYT8	GO:0006914;GO:0030659;GO:0048675;GO:0048671;GO:0007165;GO:0046777;GO:0075044;GO:0005524;GO:0034045;GO:0004674;GO:0042594
Q3YUZ0	GO:0051539;GO:0016830;GO:0009229;GO:0009228;GO:0008270
Q3SZA0	GO:0000338;GO:0008021;GO:0008180;GO:0005829
O83110	GO:0009408;GO:0016887;GO:0005737;GO:0005524;GO:0042026
P12526	GO:0007250;GO:0007283;GO:0004930;GO:0008584;GO:0001595;GO:0014823;GO:0021766;GO:0009986;GO:0005886;GO:0016021;GO:0070528;GO:0001933;GO:0007186;GO:0071375;GO:0045740;GO:0050727;GO:0034698;GO:0008284;GO:0043434;GO:0042277;GO:0042493;GO:0060732
Q9SCW1	GO:0004565;GO:0009506;GO:0005618;GO:0030246;GO:0009505;GO:0005829;GO:0048046;GO:0005773;GO:0005975
P63017	GO:0061738;GO:0008021;GO:0010667;GO:0031686;GO:1990124;GO:0032279;GO:0099524;GO:0008088;GO:0030425;GO:0005524;GO:0031647;GO:0005829;GO:0006457;GO:0044788;GO:0016887;GO:0005730;GO:0001786;GO:1904593;GO:0043209;GO:0048471;GO:0005874;GO:0050766;GO:0072318;GO:0098684;GO:0051082;GO:0098978;GO:0045121;GO:0005102;GO:0042026;GO:0030424;GO:0016192;GO:0001917;GO:0098880;GO:0005886;GO:0046777;GO:0051087;GO:0043204;GO:0051787;GO:0006397;GO:0005764;GO:0061077;GO:0101031;GO:0006606;GO:0008380;GO:0001916;GO:1990836;GO:0043005;GO:0031625;GO:1904592;GO:0005681;GO:0045862;GO:0044829;GO:0061684;GO:0043198;GO:0030674;GO:0003723;GO:0097214;GO:0019899;GO:0098690;GO:0044183;GO:0043195;GO:0043624;GO:0009986;GO:0051085;GO:0005770;GO:0043197;GO:0008134;GO:0031072;GO:0000974;GO:0098793;GO:0005776;GO:1990904;GO:0099523;GO:0098794;GO:1904764;GO:0032991;GO:0005634;GO:0006986;GO:0046034;GO:0005737;GO:0061741;GO:0005882;GO:1990833;GO:1990832;GO:0005765;GO:0061740;GO:0034620;GO:0043025;GO:0043085;GO:0010628;GO:0070062;GO:0048026;GO:0042470;GO:0044309;GO:0014069;GO:0045892;GO:0061635;GO:0099175;GO:0055131;GO:0001664;GO:0042277;GO:0051726;GO:0043531;GO:1902904
Q55DL1	GO:0006807;GO:0005576;GO:0008233;GO:0046872
F1CKI9	GO:0043693;GO:0010333;GO:0016829;GO:0000287;GO:0009507
Q9SKK0	GO:0006511;GO:0016567;GO:0019005;GO:0005634;GO:0009723;GO:0009873;GO:0010105;GO:0005737;GO:0031146
B5R5C7	GO:0004457;GO:0010181;GO:0005886;GO:0019516
Q0WVN5	GO:0005802;GO:0000139;GO:0016760;GO:0009833;GO:0071555;GO:0005886;GO:0005794;GO:0030244;GO:0016021;GO:0051753
A7H7J7	GO:0006433;GO:0002161;GO:0005737;GO:0005524;GO:0004827
P21520	GO:0008587;GO:0007399;GO:0097305;GO:0008407;GO:0016318;GO:0048749;GO:0005615;GO:0062023;GO:0030154;GO:0007219;GO:0005770
B3DLA6	GO:0004530;GO:0090501;GO:0070578;GO:0030422;GO:0016442;GO:0046872;GO:0005634;GO:0030423;GO:0005737;GO:0004386;GO:0005524;GO:0031054;GO:0003723;GO:0006309;GO:0004525
Q5NVM9	GO:0005681;GO:0045892;GO:0005634;GO:0006397;GO:0005730;GO:0000974;GO:0008380;GO:0005886;GO:0042470;GO:0005524;GO:1990904
Q9DBZ9	GO:0044300;GO:0031532;GO:1901165;GO:0007130;GO:0007165;GO:0030695;GO:0044877;GO:0090630;GO:0098793;GO:0016477;GO:0060711;GO:0097060;GO:0050806;GO:0046578;GO:0005829;GO:0060716;GO:0005096;GO:0016081;GO:0051493
Q5DJU3	GO:0003677;GO:0005664;GO:0006260
P81910	GO:0004984;GO:0007165;GO:0007608;GO:0004888;GO:0032590;GO:0005886;GO:0030425;GO:0016021;GO:0050911;GO:0005549
Q6PGZ0	GO:0005813;GO:0007099;GO:0042770;GO:0051225;GO:0051301;GO:0098535;GO:0000922;GO:0005737;GO:0000077;GO:0005814
Q640B4	GO:0031573;GO:0048476;GO:0005634;GO:0000712;GO:0003677;GO:0048257;GO:0046872;GO:0000727
Q664G2	GO:0016887;GO:0005886;GO:0015611;GO:0005524
P87112	GO:0000288;GO:0000932;GO:0030014;GO:0030015;GO:0005634;GO:0060090;GO:0017148;GO:0005829;GO:0000289
A6QFM7	GO:0070395;GO:0047228;GO:0009246;GO:0005886;GO:0009247
O54838	GO:0017017;GO:0045892;GO:0005634;GO:0008138;GO:0045906;GO:0004725;GO:0001706;GO:0008330;GO:0000188;GO:0051019;GO:0005737;GO:0016311;GO:0004721;GO:0035970;GO:0006470;GO:0016791;GO:0035335
C1AY93	GO:0006096;GO:0005576;GO:0009986;GO:0000015;GO:0004634;GO:0000287
A1K313	GO:0009432;GO:0003677;GO:0006281;GO:0006310;GO:0005524;GO:0009378
Q9H2F9	GO:0008104;GO:0035556;GO:0005737;GO:0120103;GO:0005814;GO:0034454
O35595	GO:0008158;GO:0097108;GO:0008544;GO:0009957;GO:0007224;GO:0042633;GO:0001558;GO:0043588;GO:0045606;GO:0005886;GO:0016021;GO:0001709;GO:0005119
Q8GT06	GO:0051301;GO:0031573;GO:0048476;GO:0005634;GO:0000712;GO:0003677;GO:0048257;GO:0046872;GO:0000727
Q2J2I0	GO:0008534;GO:0006289;GO:0008270;GO:0140078;GO:0003684;GO:0006284
Q73IT7	GO:0004823;GO:0006429;GO:0002161;GO:0005737;GO:0005524
P0CG10	GO:0005634
B1JYX0	GO:0051539;GO:0016830;GO:0009229;GO:0009228;GO:0008270
Q8UE08	GO:0003677;GO:0006351;GO:0032549;GO:0003899
Q9Y933	GO:0006541;GO:0003922;GO:0005524;GO:0016462
B0K3Y0	GO:0006457;GO:0051082;GO:0005524
A3CQI5	GO:0006433;GO:0002161;GO:0005737;GO:0005524;GO:0004827
A0MQH0	GO:0070883;GO:0030422;GO:0003725;GO:0032720;GO:0035148;GO:0030423;GO:0038061;GO:0004386;GO:0005524;GO:0033168;GO:0070062;GO:0070578;GO:0048471;GO:0004525;GO:0019904;GO:0035087;GO:0003677;GO:0035197;GO:0035280;GO:0046872;GO:0016442;GO:0031054
Q3AZK3	GO:0042026;GO:0005737;GO:0051082;GO:0005524
Q63421	GO:0061179;GO:0048101;GO:0005516;GO:0007165;GO:0007608;GO:0043025;GO:0051592;GO:0030552;GO:0005929;GO:0004114;GO:0046872;GO:0004117
Q74D60	GO:0051539;GO:0046429;GO:0019288;GO:0005506;GO:0016114
B6QW35	GO:0003924;GO:0005759;GO:0005743;GO:0043022;GO:0045727;GO:0006412;GO:0005525
O13988	GO:0098505;GO:0016233;GO:0000783;GO:0070187;GO:0140445;GO:0005634;GO:0000782;GO:0032210;GO:0010521;GO:0032211;GO:0051974;GO:0000723;GO:0043047;GO:0000784;GO:0005829
A1JQP6	GO:0003700;GO:0019217;GO:0000062;GO:0006631;GO:0003677;GO:0005737
Q9H5H4	GO:0006366;GO:0046872;GO:0006357;GO:0000790;GO:0000981;GO:0000977;GO:0003723
O86053	GO:0055129;GO:0004350;GO:0005737;GO:0050661
A1UCM5	GO:0065002;GO:0006605;GO:0005737;GO:0005886;GO:0017038;GO:0005524
Q2U0C3	GO:0006914;GO:0030259;GO:0016906;GO:0016126;GO:0102205;GO:0102202;GO:0034045;GO:0102203;GO:0015031;GO:0005975
G5EG38	GO:0016567;GO:0005680;GO:0051301;GO:0007091;GO:0006836;GO:0030703;GO:0009949;GO:0005737;GO:0031145;GO:0008356;GO:0051321;GO:0045842;GO:0045202
Q8Z326	GO:0051539;GO:0016830;GO:0009229;GO:0009228;GO:0008270
O75077	GO:0005576;GO:0004222;GO:0008237;GO:0005178;GO:0007417;GO:0007155;GO:0099056;GO:1990830;GO:0005886;GO:0005887
Q9H330	GO:0016021
Q4K396	GO:0003924;GO:0006400;GO:0005737;GO:0046872;GO:0005525
Q61483	GO:0030155;GO:0042491;GO:0035265;GO:0005634;GO:0008217;GO:0097102;GO:0008285;GO:0045121;GO:0072014;GO:0005112;GO:0009912;GO:1900746;GO:0001701;GO:0031410;GO:0007219;GO:0021510;GO:0032693;GO:0045596;GO:0097009;GO:0014002;GO:0070986;GO:0072583;GO:0040008;GO:0005912;GO:0045807;GO:0007267;GO:0005886;GO:0048839;GO:0030957;GO:0045638;GO:0014807;GO:0016021;GO:0072006;GO:0001947;GO:0097150;GO:0021688;GO:0034351;GO:2000726;GO:0010628;GO:0048633;GO:0005509;GO:0097110;GO:0050767;GO:0045608;GO:0098773;GO:0051302;GO:0060041;GO:0001757;GO:0008284;GO:0009887;GO:0009954;GO:0042472;GO:0042475;GO:0048665;GO:0045605;GO:0001756;GO:0045944;GO:0007386;GO:0045665;GO:0003323;GO:0007368;GO:0016324;GO:0045746;GO:0045747;GO:0060853;GO:0007399;GO:0030857;GO:0061314;GO:0045662;GO:1903672;GO:0002315;GO:0046331;GO:0048631;GO:0060042;GO:0072070;GO:0048630;GO:0021693
Q6ZMI0	GO:0005769;GO:0016020
Q9SIZ4	GO:0005886;GO:0004672;GO:0005524;GO:0016021
Q8CG65	GO:0007399;GO:0031012;GO:0007155;GO:0005737;GO:0005615;GO:0062023;GO:0030154
Q5R5M8	GO:0005777;GO:0006635;GO:0003857;GO:0004300;GO:0004165;GO:0016863;GO:0016509
A2Q0Z1	GO:0005681;GO:0051082;GO:0005634;GO:0006986;GO:0061738;GO:0005737;GO:0061741;GO:1990833;GO:0042026;GO:1990832;GO:0030424;GO:0061740;GO:0016192;GO:0034620;GO:0044183;GO:0043195;GO:0099524;GO:0005886;GO:0008088;GO:0030425;GO:0005524;GO:0051085;GO:0005829;GO:0031072;GO:0006397;GO:0005730;GO:0005764;GO:0016887;GO:0000974;GO:0051787;GO:0008380;GO:0042470;GO:0005776;GO:1990904;GO:0099523;GO:0045892;GO:1904764
O87821	GO:0003676;GO:0006430;GO:0005737;GO:0004824;GO:0005524;GO:0000287
Q965H3	GO:0002119;GO:0040015;GO:0030334;GO:0040034;GO:0042802;GO:0045892;GO:0010607;GO:0040029;GO:0016604;GO:0042659;GO:0007275;GO:0016607;GO:0007411;GO:0031625;GO:0003723;GO:0042803;GO:0009952;GO:0048665;GO:0019899;GO:0006325
P19120	GO:0005681;GO:0051082;GO:0005634;GO:0006986;GO:0061738;GO:0005737;GO:0061741;GO:1990833;GO:0042026;GO:0016191;GO:0030424;GO:1990832;GO:0061740;GO:0016192;GO:0034620;GO:0044183;GO:0043195;GO:0099524;GO:0005886;GO:0008088;GO:0030425;GO:0005524;GO:0051085;GO:0005829;GO:0031072;GO:0006397;GO:0005730;GO:0005764;GO:0016887;GO:0000974;GO:0051787;GO:0008380;GO:0042470;GO:0005776;GO:1990904;GO:0099523;GO:0045892;GO:1904764
B5XMW1	GO:0004125;GO:0005737;GO:0001514;GO:0097056
B2GJ15	GO:0051539;GO:0002935;GO:0070040;GO:0000049;GO:0005737;GO:0046872;GO:0019843;GO:0070475
Q99LG2	GO:0005634;GO:0008536;GO:0008139;GO:0006606;GO:0005737;GO:0051148;GO:0061608
P80148	GO:0004108;GO:0005737;GO:0006099;GO:0005975
O74452	GO:0003723;GO:0005737;GO:0032995;GO:0003729
Q39735	GO:0006090;GO:0015979;GO:0016301;GO:0005524;GO:0046872;GO:0009507;GO:0050242
Q9H013	GO:0010628;GO:0046872;GO:0001890;GO:0004222;GO:2000049;GO:0005634;GO:0017124;GO:0006509;GO:0005886;GO:0005794;GO:0016021;GO:0062023;GO:0030198
P0CQ87	GO:0005643;GO:0003724;GO:0031965;GO:0005737;GO:0005524;GO:0003723;GO:0051028;GO:0015031
Q8W468	GO:0006511;GO:0032436;GO:0046872;GO:0061630;GO:0005737;GO:0000209;GO:0031624;GO:0004842;GO:0000151
P0DOH8	GO:0005576;GO:0055036;GO:0046983;GO:0019031;GO:0075512;GO:0019062;GO:0044167;GO:0016021;GO:0005198;GO:0039654;GO:0019028
P10078	GO:0000978;GO:0006357;GO:0005634;GO:0000981;GO:0046872
Q8DHY6	GO:0006527;GO:0008792;GO:0008295;GO:0046872
P45446	GO:1990837;GO:0007420;GO:0005634;GO:0007601;GO:0005654;GO:0045893;GO:0000978;GO:0008502;GO:0071300;GO:0046548;GO:0007623;GO:0009725;GO:0004879;GO:0008134;GO:0035881;GO:0060041;GO:0043565;GO:0042462;GO:0045668;GO:0045944;GO:0042752;GO:0003700;GO:0045892;GO:0046549;GO:0001228;GO:0008270
Q1XA76	GO:0042802;GO:0071467;GO:0044736;GO:0070207;GO:0015280;GO:0035725;GO:0005887
Q7MAE6	GO:0030170;GO:0005737;GO:0006526;GO:0003992
Q8K031	GO:0005925;GO:0008289;GO:0030036;GO:0005096;GO:0007165;GO:0035023
C0ZA28	GO:0070038;GO:0005737
A8N8S3	GO:0030956;GO:0005739;GO:0016787;GO:0050567;GO:0070681;GO:0005524;GO:0032543
Q5V2S5	GO:0004478;GO:0006730;GO:0006556;GO:0005524;GO:0000287
Q6GJG8	GO:0000716;GO:0005737;GO:0005524;GO:0006355;GO:0004386;GO:0003684
P56950	GO:0016567;GO:0006357;GO:0071157;GO:0005634;GO:0005730;GO:0043021;GO:0008097;GO:0061630;GO:0005654;GO:0043066;GO:0005737;GO:0000122;GO:0043130;GO:0046872;GO:0045944
Q9H4A3	GO:0004860;GO:0050852;GO:0018105;GO:0019901;GO:0005737;GO:0004674;GO:0006468;GO:0033633;GO:0090263;GO:1904062;GO:2000651;GO:0006811;GO:0038116;GO:0048666;GO:0002028;GO:0016020;GO:0005524;GO:0023016;GO:0005829;GO:1903288;GO:0010923;GO:1903038;GO:0050794;GO:0010820;GO:0004672;GO:1990869;GO:0030295;GO:0035556;GO:0034115;GO:0019902;GO:0034260;GO:0050801;GO:0097022;GO:0010766;GO:0018107;GO:0019870;GO:0019869;GO:0032414
Q15RL9	GO:0016879;GO:0008616;GO:0008270;GO:0005524
P61108	GO:0004139;GO:0005737;GO:0016052;GO:0009264;GO:0046386
Q757D9	GO:0042802;GO:0006366;GO:0046872;GO:0031573;GO:0000781;GO:0042138;GO:0000790;GO:0000722;GO:0006348;GO:0030174;GO:0061630;GO:0000724;GO:0070534;GO:0010390;GO:0003688;GO:0031571
A0A0D4BSP3	GO:0032259;GO:0008168;GO:0017000
B3CMR1	GO:0045261;GO:0005886;GO:0005524;GO:0042777;GO:0046933
A0JPE1	GO:0005789;GO:0016021
Q2L083	GO:0051539;GO:0016830;GO:0009229;GO:0009228;GO:0008270
D2D3B6	GO:0004104
A1V5K2	GO:0006096;GO:0005576;GO:0009986;GO:0000015;GO:0004634;GO:0000287
Q0T4L9	GO:1905887;GO:0042626;GO:0005886;GO:0005524;GO:0016021
Q9UQR0	GO:0031519;GO:0003682;GO:0045892;GO:0042393;GO:0005634;GO:0009653
C6BSD8	GO:0006541;GO:0003922;GO:0005524;GO:0016462
Q145F1	GO:0006457;GO:0051082;GO:0005524
B4T986	GO:0004457;GO:0010181;GO:0005886;GO:0019516
B2UBD1	GO:0006541;GO:0003922;GO:0005524;GO:0016462
Q6NWH1	GO:0016567;GO:0080008
B3ER92	GO:0042026;GO:0005737;GO:0051082;GO:0005524
Q72WW1	GO:0044208;GO:0004019;GO:0005737;GO:0005525;GO:0000287
P53327	GO:0003729;GO:0002181;GO:0003724;GO:0005737;GO:0006417;GO:0005524;GO:0051607;GO:0010494
Q4WID6	GO:0006914;GO:0030259;GO:0016906;GO:0016126;GO:0102205;GO:0043231;GO:0102202;GO:0034045;GO:0102203;GO:0015031;GO:0005975
Q2IFK0	GO:0042026;GO:0005737;GO:0051082;GO:0005524
A5USB5	GO:0050567;GO:0005524;GO:0006412
B5BJR3	GO:0051539;GO:0016830;GO:0009229;GO:0009228;GO:0008270
P17813	GO:0003084;GO:0030509;GO:0030155;GO:0042325;GO:0042802;GO:0097084;GO:0060348;GO:0005114;GO:0048745;GO:0030513;GO:0071260;GO:0001934;GO:0000122;GO:0003209;GO:0042803;GO:0070483;GO:0006355;GO:0072563;GO:0007179;GO:0003273;GO:0001666;GO:0005925;GO:0042060;GO:0001525;GO:0010629;GO:0001300;GO:0048870;GO:0009986;GO:0003148;GO:0005886;GO:0016021;GO:0001937;GO:0042127;GO:0001947;GO:0048845;GO:0003203;GO:0051001;GO:0001570;GO:0015026;GO:0060394;GO:0035912;GO:0031960;GO:0055009;GO:0003222;GO:0022617;GO:0004888;GO:0022009;GO:0030336;GO:0060326;GO:0030512;GO:0048185;GO:0034713;GO:1905065;GO:0005539;GO:0003198;GO:0009897;GO:0045944;GO:0010862;GO:0032967;GO:1905222;GO:1905007;GO:0003208;GO:0001569;GO:0048844;GO:0005024;GO:0007155;GO:0031953;GO:0005534;GO:0017015;GO:0016604;GO:0016477;GO:0050431;GO:0042493;GO:0005615;GO:0043235;GO:0070278;GO:0045766;GO:0051897;GO:0001837
A9KNK6	GO:0006402;GO:0006396;GO:0005737;GO:0004654;GO:0003723;GO:0000287
Q8IZH2	GO:0000932;GO:0005634;GO:0032211;GO:0003723;GO:0071409;GO:0045202;GO:0051880;GO:0090503;GO:1905795;GO:0043025;GO:0005886;GO:0016020;GO:0030425;GO:0005829;GO:0043488;GO:0071044;GO:0002151;GO:0070034;GO:0004534;GO:0017148;GO:0071028;GO:0016075;GO:0033574;GO:0000956
Q9FK23	GO:0005739;GO:0009508;GO:0015979;GO:0003729;GO:0006393;GO:0032502;GO:0009658;GO:0006355;GO:0042644;GO:0009507;GO:0003690
A5DAC8	GO:0005730;GO:0000464;GO:0003724;GO:0030687;GO:0005524;GO:0008186;GO:0003723
O96772	GO:0005634;GO:0005524
A3GGS6	GO:0030688;GO:0033553;GO:0034511;GO:0032040;GO:0030686;GO:0000447;GO:0045943;GO:0000480;GO:0034455;GO:0016021;GO:0000472
Q9S7E9	GO:0009058;GO:0009853;GO:0005777;GO:0004021;GO:0005739;GO:0030170;GO:0047958;GO:0003729;GO:0009570;GO:0008453;GO:0005829;GO:0009507;GO:0042853
Q6G7H3	GO:0004139;GO:0005737;GO:0016052;GO:0009264;GO:0046386
Q6LZC3	GO:0089714;GO:0016616;GO:0051287;GO:0016628;GO:0000271
Q2S006	GO:0006146;GO:0000034
Q7S9D2	GO:0005634;GO:0004252;GO:0006915
Q9F364	GO:0051539;GO:0008987;GO:0046872;GO:0005829;GO:0034628
Q96VT4	GO:0005576;GO:0042744;GO:0034605;GO:0019953;GO:0000302;GO:0004096;GO:0005737;GO:0009267;GO:0070301;GO:0046872;GO:0005829;GO:0020037
O97554	GO:0004601;GO:0005789;GO:0008217;GO:0006954;GO:0004666;GO:0046872;GO:0006979;GO:0051213;GO:0019371;GO:0020037
B5FFY0	GO:0042026;GO:0005737;GO:0051082;GO:0005524
Q5QUT9	GO:0006260;GO:0008408;GO:0003887;GO:0005737;GO:0006281
Q9FF17	GO:0042281;GO:0006490;GO:0005789;GO:0006487;GO:0016021;GO:0006488
Q5L4T1	GO:0006435;GO:0000049;GO:0004829;GO:0005737;GO:0005524;GO:0046872
Q8JZW4	GO:0071277;GO:1903861;GO:0043025;GO:0005886;GO:0043005;GO:0046872;GO:0043204;GO:0005544
P36947	GO:0016887;GO:0005886;GO:0015611;GO:0005524
Q1E4N0	GO:0003723;GO:0006397;GO:0000002;GO:0031305
Q2VYT1	GO:0006457;GO:0051082;GO:0005524
Q5X866	GO:0003677;GO:0006351;GO:0032549;GO:0003899
Q6QNU4	GO:0016567;GO:0005634;GO:0006289;GO:0043161;GO:0009585;GO:0003684;GO:0031461
Q88Z28	GO:0003676;GO:0006430;GO:0005737;GO:0004824;GO:0005524;GO:0000287
B7KKW4	GO:0006782;GO:0005737;GO:0004853
A4IH82	GO:0004860;GO:0035556;GO:0005737;GO:0017112;GO:0061099
P32896	GO:0000978;GO:0005634;GO:0003677;GO:2001172;GO:0090180;GO:0045944
Q9SIB9	GO:0006102;GO:0003994;GO:0005507;GO:0046686;GO:0047780;GO:0006097;GO:0051539;GO:0005739;GO:0009737;GO:0006101;GO:0006099;GO:0005737;GO:0009570;GO:0005774;GO:0005524;GO:0090351;GO:0006979;GO:0005829;GO:0009507;GO:0005618
A0R5D9	GO:0003677;GO:0006265;GO:0003917;GO:0046872
P00925	GO:0006096;GO:0005739;GO:0009898;GO:0000015;GO:0005886;GO:0032889;GO:0004634;GO:0000287;GO:0000324;GO:1904408;GO:0005829
O88196	GO:0006511;GO:0045665;GO:0070936;GO:0005634;GO:0005730;GO:0005654;GO:0005794;GO:0046872;GO:0010771;GO:0005829;GO:0004842;GO:0005773
Q92GW0	GO:0045239;GO:0004333;GO:0006099;GO:0006106
P09108	GO:0043495;GO:0045211;GO:0046872;GO:0033130;GO:0005737;GO:0005856;GO:0007268
P47170	GO:0010506;GO:0034198;GO:1990130;GO:2000785;GO:0032007;GO:0051058;GO:0097042;GO:0035556;GO:0010508;GO:0000329;GO:0035859;GO:1904262;GO:0043547;GO:0005096;GO:0015031
Q7NDF8	GO:0006351;GO:0003899;GO:0003677;GO:0008270;GO:0000287
Q9K855	GO:0008534;GO:0006289;GO:0008270;GO:0140078;GO:0003684;GO:0006284
B5XXK0	GO:0006400;GO:0016705
Q5HLQ6	GO:0019569;GO:0008741;GO:0005524
P44401	GO:0004856;GO:0005998;GO:0042732;GO:0005524
Q06488	GO:0003682;GO:0030435;GO:0006337;GO:0070914;GO:0007062;GO:0016586;GO:0000724;GO:0006303;GO:0006368;GO:0007059;GO:0043044;GO:0042173;GO:0070577;GO:0006276
A1AE82	GO:0030170;GO:0019264;GO:0005737;GO:0004372;GO:0035999
I1RVD9	GO:0031177;GO:0016874;GO:0016853
B0DOB4	GO:0005737;GO:0097730;GO:0090090;GO:0005856
B5E2F2	GO:0003677;GO:0006351;GO:0008270;GO:0003899;GO:0000287
P31928	GO:0046524;GO:0005986;GO:0016157
F1QCC6	GO:0005576;GO:0017134;GO:1905475;GO:0046658;GO:0009986;GO:0016477;GO:0061009;GO:0035622;GO:0040037;GO:0005615;GO:0062023;GO:0045202
Q8X7R2	GO:0033539;GO:0004466;GO:0050660
A1UFK4	GO:0006526;GO:0044205;GO:0005524;GO:0046872;GO:0004088
B4SXA4	GO:0004457;GO:0010181;GO:0005886;GO:0019516
A9MVJ5	GO:0004457;GO:0010181;GO:0005886;GO:0019516
Q9Y3T9	GO:0030690;GO:0042393;GO:0005634;GO:0005654;GO:0000122;GO:0003723;GO:0035067;GO:2001243;GO:0002903;GO:0030691;GO:1901796;GO:0070491;GO:0031497;GO:0005829;GO:0003682;GO:0005730;GO:0003714;GO:0042273;GO:0006915;GO:0034644;GO:0031491
O29230	GO:0016887;GO:0008270;GO:0006302;GO:0005524
Q585H6	GO:0020016;GO:0000281;GO:0005856;GO:0060271;GO:0005929;GO:0031514;GO:0032991
B1XEA1	GO:1905887;GO:0016887;GO:0042626;GO:0005886;GO:0005524;GO:0016021
Q9DUD8	GO:0019012;GO:0030430;GO:0004482;GO:0005524;GO:0003968
P0CQ86	GO:0005643;GO:0005634;GO:0003724;GO:0031965;GO:0005524;GO:0003723;GO:0016973;GO:0010494
Q32AG7	GO:0051539;GO:0016830;GO:0009229;GO:0009228;GO:0008270
Q9RFW1	GO:0016655;GO:0006814
O35095	GO:0048168;GO:0043025;GO:0016020;GO:0030425;GO:0010008;GO:0043005;GO:0045453;GO:0098794;GO:0005829;GO:0031175;GO:0043204
Q7CPI7	GO:0005886;GO:0030244;GO:0016021
Q6DDI6	
Q5R8X6	GO:0042730;GO:0005576;GO:0048771;GO:0007596;GO:0004252
A0QBX4	GO:0006096;GO:0005576;GO:0009986;GO:0000015;GO:0004634;GO:0000287
Q59821	GO:0004742;GO:0006096
Q21KD6	GO:0000049;GO:0005737;GO:0005524;GO:0004826;GO:0000287;GO:0006432
P37464	GO:0004828;GO:0016260;GO:0097056;GO:0006434;GO:0005737;GO:0005524
Q9PF55	GO:0005737;GO:0006096;GO:0004618;GO:0005524
Q0A6H8	GO:0008360;GO:0009252;GO:0007049;GO:0051301;GO:0019277;GO:0008760;GO:0005737;GO:0071555
Q9HBD1	GO:0006511;GO:0060173;GO:0000932;GO:0003725;GO:0050852;GO:2000628;GO:0048286;GO:0003723;GO:0010494;GO:0043029;GO:0001782;GO:0003729;GO:0035264;GO:0009986;GO:0061630;GO:0016020;GO:0042098;GO:0043231;GO:0048535;GO:1901224;GO:0043488;GO:0048536;GO:0000288;GO:2000320;GO:0003677;GO:0035613;GO:0000209;GO:0046872;GO:0061470;GO:0009791
B5XMV0	GO:0004457;GO:0010181;GO:0005886;GO:0019516
B8JI71	GO:0007015;GO:0005509;GO:0045494;GO:0005112;GO:0007601;GO:0046549;GO:0005737;GO:0005856;GO:0005929;GO:0050896;GO:0033165;GO:0035845
A7TGR2	GO:0009594;GO:0045807;GO:0005886;GO:0005524;GO:0034613;GO:0004674;GO:0006470;GO:0030003
O68008	GO:0047689;GO:0016788;GO:0016874;GO:0017000;GO:0005524;GO:0031177;GO:0047462
Q9YBQ2	GO:0005737;GO:0004252
B5QYE9	GO:0051539;GO:0016830;GO:0009229;GO:0009228;GO:0008270
Q3SXZ3	GO:0000978;GO:0005634;GO:0000981;GO:0006355;GO:0046872
Q0WQG8	GO:0005789;GO:0009737;GO:0000139;GO:0010427;GO:0005886;GO:0016021;GO:0005525
P80012	GO:0031589;GO:0042802;GO:0005576;GO:0005518;GO:0007599;GO:0033093;GO:0005178;GO:0030168;GO:0031012;GO:0007155;GO:0047485;GO:0062023;GO:0019865;GO:0005783;GO:0005615;GO:0002020;GO:0051087;GO:0007596
Q6PEH8	GO:0060021;GO:0016592;GO:0045944;GO:0005667
B5EYH4	GO:0004357;GO:0005524;GO:0042398
Q1MN39	GO:0005525;GO:0003924;GO:0005737;GO:0003743
A9N0K6	GO:0051539;GO:0016830;GO:0009229;GO:0009228;GO:0008270
A8H819	GO:0009168;GO:0008270;GO:0009117;GO:0004000
Q21815	GO:0006256;GO:0030173;GO:0030334;GO:0035262;GO:0043262;GO:0046712;GO:0060050;GO:0005737;GO:0007506;GO:0045134;GO:0030154;GO:0004382;GO:0046032
B0RU01	GO:0003723;GO:0031119;GO:0106029
Q9X6Y1	GO:0003677;GO:0006351;GO:0032549;GO:0003899
B0UKC4	GO:0006189;GO:0004641;GO:0005524;GO:0005737
B9KYT9	GO:0006007;GO:0006096;GO:0005737;GO:0030145;GO:0046537
Q9Z0E0	GO:0048168;GO:0043025;GO:0016020;GO:0030425;GO:0010008;GO:0043005;GO:0045453;GO:0098794;GO:0005829;GO:0031175;GO:0043204
Q5WT23	GO:0005886;GO:0048038;GO:0051287;GO:0050136
Q6VYH9	GO:0042110;GO:0005739;GO:0051902;GO:0007165;GO:0030674;GO:0005829;GO:0002903
P15822	GO:0030509;GO:0000978;GO:0001227;GO:0005634;GO:0005739;GO:0003677;GO:0005654;GO:0016604;GO:0000122;GO:0046872;GO:0045944
A0B212	GO:0046677;GO:0015562;GO:0008559;GO:0016887;GO:0005524;GO:0005887;GO:1990961
Q09477	GO:0045892;GO:0042393;GO:0000790;GO:0007399;GO:0071565;GO:0003712;GO:0008270;GO:0045944
Q640Z6	GO:0051292;GO:0003677;GO:0031965;GO:0046872;GO:0005643;GO:0051028;GO:0015031
B9J9Y1	GO:0005737;GO:0006427;GO:0004821;GO:0005524
Q96MR9	GO:0006357;GO:0001227;GO:0000790;GO:0000981;GO:0000122;GO:0046872;GO:0000977
Q60A06	GO:0003677;GO:0006351;GO:0032549;GO:0003899
Q7VYQ0	GO:0008152;GO:0047388;GO:0008882;GO:0000820;GO:0005524;GO:0000287
Q9Y473	GO:0003700;GO:0000978;GO:0006357;GO:0001227;GO:0005634;GO:0000981;GO:0045111;GO:0001228;GO:0005654;GO:0000122;GO:0051607;GO:0046872;GO:0000977;GO:0005829;GO:0045944
Q8K9P4	GO:0051539;GO:0046429;GO:0019288;GO:0005506;GO:0016114
Q93UZ0	GO:0000287;GO:0016984;GO:0015977
Q5HQJ5	GO:0051539;GO:0003678;GO:0000724;GO:0005524;GO:0046872;GO:0003690;GO:0008409
Q72HM6	GO:0006351;GO:0003899;GO:0003677;GO:0008270;GO:0000287
P05883	GO:0020002;GO:0039502;GO:0044175;GO:0039587;GO:0055036;GO:0019031;GO:0075512;GO:0016021;GO:0005198;GO:0039654;GO:0019062
Q131B9	GO:0030170;GO:0000105;GO:0004400
C4L5H4	GO:0006096;GO:0005576;GO:0009986;GO:0000015;GO:0004634;GO:0000287
P42823	GO:0009039;GO:0005737;GO:0016151;GO:0043419
P53769	GO:0005681;GO:0046872;GO:0005684;GO:0005634;GO:0003677;GO:0000398;GO:0000349;GO:0034247
Q60YN5	GO:0005634;GO:0006664;GO:0010390;GO:0031624;GO:0046872;GO:0004842
Q03213	GO:0000978;GO:0016251;GO:0005634;GO:0000981;GO:0051123;GO:0060963;GO:0045944
Q9QUR8	GO:0071526;GO:0030215;GO:0001934;GO:0001755;GO:0007229;GO:0060907;GO:0045499;GO:0048675;GO:0005886;GO:0021988;GO:0005887;GO:0045773;GO:0050727;GO:0006954;GO:0031225;GO:0007411;GO:0030335;GO:0009897;GO:0050919;GO:0005178;GO:0070374;GO:0048843;GO:0005615;GO:0031175
B4S2W4	GO:0051539;GO:0016830;GO:0009229;GO:0009228;GO:0008270
B2T6I7	GO:0006428;GO:0004822;GO:0002161;GO:0000049;GO:0005737;GO:0005524;GO:0008270
Q84WJ0	GO:0043130;GO:0043531;GO:0046872
Q0S4I1	GO:0006096;GO:0005576;GO:0009986;GO:0000015;GO:0004634;GO:0000287
Q98Q24	GO:0006351;GO:0003899;GO:0003677;GO:0008270;GO:0000287
B4T0Z6	GO:0051539;GO:0016830;GO:0009229;GO:0009228;GO:0008270
B1JU67	GO:0009073;GO:0005737;GO:0009423;GO:0000166;GO:0046872;GO:0003856
P19787	GO:0016788;GO:0050564;GO:0017000;GO:0005524;GO:0031177
B6ENE2	GO:0005525;GO:0003924;GO:0005737;GO:0003743
Q8X7Q1	GO:0003887;GO:0005737;GO:0006281;GO:0000287;GO:0003684;GO:0006261
Q1QDH4	GO:0000049;GO:0005840;GO:0006412;GO:0003735;GO:0019843
B3MG58	GO:0015771;GO:0005886;GO:0015574;GO:0016021
A0KTR5	GO:0003887;GO:0005737;GO:0006281;GO:0000287;GO:0003684;GO:0006261
A0K3S0	GO:0009073;GO:0005737;GO:0009423;GO:0000166;GO:0046872;GO:0003856
Q65GJ9	GO:0006782;GO:0050661;GO:0008883
A3CL77	GO:0006782;GO:0050661;GO:0008883
Q3ZFI7	GO:0102098;GO:0016616;GO:0019698
A7WNB3	GO:0055036;GO:0033644;GO:0019031;GO:0075512;GO:0016021;GO:0039654;GO:0019062
Q15020	GO:0015030;GO:0042393;GO:0005634;GO:0005654;GO:0005737;GO:0030621;GO:1990381;GO:0003723;GO:0000244;GO:0048872;GO:0006334;GO:0016607;GO:0000398;GO:1903586;GO:0000902;GO:0030624;GO:0000387;GO:0071425;GO:0008380;GO:0017070;GO:0061574;GO:0000381;GO:0010468
H2L002	GO:0032026;GO:0004672;GO:0006935;GO:0007165;GO:0016021;GO:0007635;GO:0035556;GO:0005886;GO:0007168;GO:0001653;GO:0005524;GO:0005929;GO:0006182;GO:0004383
B2U5A3	GO:0004125;GO:0005737;GO:0001514;GO:0097056
Q9BMP8	GO:0009986;GO:0005886;GO:0031225
P19687	GO:0008074;GO:0008217;GO:0035556;GO:0060087;GO:0010750;GO:0005525;GO:0004383;GO:0020037
Q5P792	GO:0000105;GO:0005737;GO:0004424
Q02EX9	GO:0009073;GO:0005737;GO:0009423;GO:0000166;GO:0046872;GO:0003856
Q0ZIW0	GO:0015031;GO:0009706;GO:0016021
B0R9L6	GO:0005737
Q4ZHR9	GO:0008074;GO:0045202;GO:0038060;GO:0099555;GO:0005737;GO:0071732;GO:0046872;GO:0005525;GO:0004383;GO:0006182;GO:0020037
Q9ZLT1	GO:0019534
P13885	GO:0042025;GO:0005198;GO:0075732;GO:0019013;GO:0003723;GO:0046718;GO:0019029
Q80W31	GO:0000978;GO:0006357;GO:0046872;GO:0005634;GO:0000981
Q04TV4	GO:0005525;GO:0042254
Q54DV3	
Q68F67	GO:0030665;GO:0042734;GO:1901981;GO:0042995;GO:0032266;GO:0030136;GO:0017112;GO:0043547;GO:0006897;GO:0032456;GO:0015031
Q32D21	GO:0030170;GO:0019264;GO:0005737;GO:0004372;GO:0035999
Q03GE2	GO:0006420;GO:0005737;GO:0004814;GO:0005524
Q6TEM9	GO:0006511;GO:0007369;GO:0005856;GO:0005737;GO:0046872;GO:0005829;GO:0004842;GO:0030178
A6TGQ1	GO:0051539;GO:0016830;GO:0009229;GO:0009228;GO:0008270
Q5HE63	GO:0004139;GO:0005737;GO:0016052;GO:0009264;GO:0046386
O24629	GO:0003700;GO:2001141;GO:0016987;GO:0071482;GO:0080005;GO:0003677;GO:0006355;GO:0006352;GO:0071461;GO:0009507
H6WS93	GO:2000032;GO:0042626;GO:0005886;GO:0005524;GO:0016021;GO:0009914
O78441	GO:0065002;GO:0006605;GO:0009570;GO:0017038;GO:0009535;GO:0005524
Q9V431	GO:0005634;GO:0043066;GO:0006915
B6D9A8	GO:0016853;GO:0016874;GO:0032259;GO:0008168;GO:0031177
Q5RDG2	
Q87MA6	GO:0016655;GO:0006814
Q9AUE0	GO:0008360;GO:0000148;GO:0009506;GO:0003843;GO:0071555;GO:0005886;GO:0046527;GO:0016021;GO:0009504;GO:0006075
Q91FX2	
P0C090	GO:0006511;GO:0060173;GO:0000932;GO:0003725;GO:0050852;GO:2000628;GO:0048286;GO:0010494;GO:0043029;GO:0001782;GO:0003729;GO:0035264;GO:0009986;GO:0061630;GO:0016020;GO:0042098;GO:0043231;GO:0048535;GO:1901224;GO:0043488;GO:0010608;GO:0048536;GO:0000288;GO:2000320;GO:0003677;GO:0035613;GO:0000209;GO:0046872;GO:0061470;GO:0009791;GO:0010468
P75417	
P51841	GO:0038023;GO:0042802;GO:0004672;GO:0120200;GO:0097381;GO:0005640;GO:0050908;GO:0007165;GO:0044877;GO:0022400;GO:0007601;GO:0019934;GO:0005886;GO:0007168;GO:0001653;GO:0005524;GO:0005525;GO:0004383;GO:0005887;GO:0006182
B4QL99	GO:0043186;GO:0030718;GO:0000976;GO:0007283;GO:0045892;GO:0005634;GO:0060964;GO:0034587;GO:0005737;GO:0048477;GO:0007275;GO:0031047;GO:0051321;GO:0048471
B4SXT5	GO:0004357;GO:0005524;GO:0042398
A7I2D4	GO:0006457;GO:0051082;GO:0005524
Q3UMB5	GO:0010506;GO:0006914;GO:0004860;GO:0016242;GO:0032045;GO:1903432;GO:0010629;GO:0019901;GO:1901098;GO:0032008;GO:0006469;GO:0005654;GO:0005737;GO:1902902;GO:0017112;GO:0000785;GO:1990316
P0CQ91	GO:0005730;GO:0003724;GO:0006364;GO:0005524;GO:0003723
Q9ZEJ6	GO:0006457;GO:0051082;GO:0005524
Q9QMI1	GO:0006260;GO:0003964;GO:0003887;GO:0003677;GO:0004523;GO:0046872;GO:0039503
A0QLS0	GO:0051539;GO:0016830;GO:0009229;GO:0009228;GO:0008270
Q60024	GO:0042026;GO:0005737;GO:0051082;GO:0005524
P26046	GO:0016788;GO:0050564;GO:0017000;GO:0005524;GO:0031177
O02298	GO:0019826;GO:0050829;GO:0070026;GO:0055093;GO:0019934;GO:0043025;GO:0019825;GO:0005737;GO:0070482;GO:0030425;GO:0046872;GO:0005525;GO:0007610;GO:0070025;GO:0004383;GO:0009454;GO:0020037
A7HNY1	GO:0006351;GO:0003899;GO:0003677;GO:0008270;GO:0000287
A0A2U8NET4	GO:0006633;GO:0016788;GO:0004315;GO:0031177
B5FMX1	GO:0046872;GO:0000049;GO:0005737;GO:0005524;GO:0006431;GO:0004825
Q1GAG1	GO:0006633;GO:0005737;GO:0004315;GO:0033818
Q5SDA5	GO:0042802;GO:0004672;GO:0120200;GO:0050908;GO:0007165;GO:0016021;GO:0044877;GO:0019934;GO:0005886;GO:0007168;GO:0001653;GO:0005524;GO:0016020;GO:0005525;GO:0004383;GO:0006182
P18728	GO:0003677;GO:0005634;GO:0046872
A1BJB6	GO:0000049;GO:0005737;GO:0005524;GO:0004826;GO:0000287;GO:0006432
Q8DKR7	GO:0006457;GO:0031072;GO:0051082;GO:0006260;GO:0009408;GO:0005737;GO:0008270;GO:0005524
P0A373	GO:0009405;GO:0090729;GO:0005102;GO:0030435
Q08EC4	GO:0005925;GO:1990782;GO:1900026;GO:0007155;GO:0005737;GO:0005856;GO:0016477;GO:0090527;GO:0007169;GO:0030335;GO:0061098
Q6E7D1	GO:0003676;GO:0016567;GO:0005634;GO:0009585
A7HY46	GO:0005886;GO:0048038;GO:0051287;GO:0050136
Q6LXI1	GO:0003924;GO:0003746;GO:0005737;GO:0005525
B4F8I5	GO:1990559;GO:0005743;GO:0015228;GO:0005347;GO:0016021
E9P860	GO:0003700;GO:0031380;GO:0005634;GO:0003724;GO:0005524;GO:0008270;GO:0003723;GO:0031047;GO:0048471;GO:0031048
C1CMQ7	GO:0003677;GO:0006351;GO:0008270;GO:0003899;GO:0000287
Q2HJC0	GO:0005634;GO:0045171;GO:0016604;GO:0070131;GO:0007275;GO:0031966;GO:0072686;GO:0030154;GO:0019843
Q85BW1	GO:0006351;GO:0003899;GO:0032549;GO:0003677;GO:0009507
P52332	GO:0005634;GO:0150105;GO:0005737;GO:0005856;GO:0012505;GO:0007260;GO:0018108;GO:0038110;GO:0031730;GO:0005131;GO:0019903;GO:0016020;GO:1904894;GO:0005524;GO:0005829;GO:0036016;GO:0046677;GO:0034112;GO:0004715;GO:0004713;GO:0098761;GO:0035556;GO:0031625;GO:0019221;GO:1903672;GO:0007167;GO:0046872
Q6FWS1	GO:2000200;GO:0070180;GO:0005730;GO:0005654;GO:0030687;GO:0000055;GO:0005525
P48580	GO:0004721;GO:0046872
Q9FQ02	GO:0004534;GO:0000967;GO:0010587;GO:0060149;GO:0005634;GO:0071035;GO:0006397;GO:0008270;GO:0003723;GO:0000956
A5IRJ3	GO:0070395;GO:0047228;GO:0009246;GO:0005886;GO:0009247
Q49AA0	GO:0006357;GO:0001227;GO:0000790;GO:0000981;GO:0005634;GO:0006629;GO:0019216;GO:0000122;GO:0046872;GO:0000977
Q06539	GO:0005737;GO:0043837;GO:0006574
Q3YVV3	GO:0004125;GO:0005737;GO:0001514;GO:0097056
P98167	GO:0007399;GO:0030414;GO:0030154;GO:0005615;GO:0031012;GO:0007155
P03371	GO:0004190;GO:0015074;GO:0004533;GO:0003964;GO:0003677;GO:0004523;GO:0006310;GO:0044826;GO:0008270;GO:0046718;GO:0075713
P28473	GO:0045211;GO:1902476;GO:0022851;GO:0005254;GO:0007165;GO:0004890;GO:0034707;GO:1904315;GO:0051932;GO:0045202;GO:0030594;GO:1902711;GO:0032590;GO:0098982;GO:0005887;GO:0043005;GO:0060078;GO:0005237;GO:0007214;GO:0042391;GO:0042493;GO:0050877;GO:0007268;GO:0098794;GO:0099699;GO:0034220
Q20176	GO:0005509;GO:0005576;GO:0004222;GO:0008270
P55772	GO:0042802;GO:0043262;GO:0005604;GO:0008021;GO:0097060;GO:0102487;GO:0102488;GO:0102489;GO:0102485;GO:0009181;GO:0043025;GO:0009986;GO:0005524;GO:0016021;GO:0017111;GO:0007186;GO:0033602;GO:0016887;GO:0102490;GO:0017110;GO:0043005;GO:0014069;GO:0016323;GO:0102491;GO:2001170;GO:0030168;GO:0005615;GO:0102486
Q66L58	GO:0033674;GO:0000306;GO:0010008;GO:0005774;GO:0006661;GO:0070772
Q4P3U5	GO:0072659
B5FQK9	GO:0051539;GO:0016830;GO:0009229;GO:0009228;GO:0008270
P21330	GO:0046872
A6NK75	GO:0000978;GO:0046872;GO:0006355;GO:0005634;GO:0000981
Q9NWM0	GO:0005634;GO:0016491;GO:0006598;GO:0052894;GO:0046208;GO:0005654;GO:0031965;GO:0005737;GO:0043231;GO:0052895;GO:0052901;GO:0005829;GO:0006596;GO:0046592
Q96EY1	GO:0042981;GO:0045211;GO:0051082;GO:0007005;GO:0005739;GO:0005634;GO:0009408;GO:0019901;GO:0008285;GO:0030695;GO:0006469;GO:0031398;GO:0005737;GO:0000122;GO:0032088;GO:0043066;GO:0034341;GO:0051059;GO:0007264;GO:0043124;GO:0043065;GO:0006924;GO:0050821;GO:0007528;GO:0006264;GO:0005524;GO:0031594;GO:0005829;GO:0043231;GO:0006457;GO:0005759;GO:0008134;GO:0019897;GO:0060336;GO:0007569;GO:0106137;GO:0043069;GO:0043154;GO:0030544;GO:0033077;GO:0042645;GO:0006919;GO:0044877;GO:0042102;GO:0046872;GO:0005133;GO:0071340
B5Z842	GO:0006541;GO:0003922;GO:0005524;GO:0016462
Q29486	GO:0004035;GO:0046658;GO:0005886;GO:0046872;GO:0016311
Q2T4T8	GO:0006108;GO:0030060;GO:0006099;GO:0005975
Q86AS5	GO:0010226;GO:0006508;GO:0009966;GO:0004175;GO:0070012;GO:0005737;GO:0005829;GO:0004252;GO:0010468
G4MS28	GO:0006665;GO:0102769;GO:0000139;GO:0016021;GO:0008120
P36620	GO:0005948;GO:0009099;GO:0005739;GO:0030976;GO:0050660;GO:0009097;GO:0003984;GO:0000287;GO:0009098
Q96C24	GO:1905684;GO:0070382;GO:0032418;GO:0006887;GO:0046676;GO:0030658;GO:0071985;GO:0019898;GO:0005543;GO:0050714;GO:0005768;GO:0017137;GO:0002576;GO:0045921;GO:0006886;GO:0005886;GO:0031092;GO:0042043;GO:0046872;GO:0001778
Q94A84	GO:0005634;GO:0009636;GO:0009808;GO:0047209
Q6GHZ0	GO:0004742;GO:0006096
A4JAT5	GO:0009073;GO:0005737;GO:0009423;GO:0000166;GO:0046872;GO:0003856
C0Q1T7	GO:0004457;GO:0010181;GO:0005886;GO:0019516
Q6P6B1	
Q9CJ82	GO:0009401;GO:0005737;GO:0016301;GO:0046872;GO:0008965
P34002	GO:0009073;GO:0005737;GO:0009423;GO:0000166;GO:0046872;GO:0003856
P80204	GO:0007507;GO:0060982;GO:0018105;GO:0043066;GO:0043627;GO:1905075;GO:0060412;GO:0001666;GO:0001525;GO:0043065;GO:0043393;GO:0030307;GO:0051491;GO:0007566;GO:0005524;GO:0030199;GO:0010718;GO:0048179;GO:0016361;GO:0060317;GO:0035556;GO:0048185;GO:0007568;GO:0048701;GO:0016323;GO:0009636;GO:0042118;GO:1905007;GO:0046332;GO:0006915;GO:0005024;GO:0018107;GO:0060978;GO:2001237;GO:0043235;GO:0005901;GO:0001837;GO:0048538;GO:0005114;GO:0007165;GO:0045121;GO:0008584;GO:0005102;GO:0008354;GO:0006355;GO:0003223;GO:0007179;GO:0045893;GO:0030324;GO:0060021;GO:0048870;GO:0005886;GO:0046777;GO:0001822;GO:0051602;GO:0001501;GO:0048663;GO:0003222;GO:0008284;GO:0071363;GO:0031625;GO:0016324;GO:0007399;GO:0048844;GO:0031100;GO:1902894;GO:0002088;GO:0050431;GO:0048762;GO:0060017;GO:0001701;GO:0071560;GO:0051272;GO:0070723;GO:0006468;GO:0070411;GO:0060391;GO:0032331;GO:0009986;GO:0060389;GO:0060037;GO:0005025;GO:0060043;GO:2001235;GO:0004672;GO:0032924;GO:0010862;GO:0005768;GO:0045602;GO:0010717;GO:1902895;GO:0048705;GO:0031396;GO:0044877;GO:0001938;GO:0005923;GO:0032991;GO:0009791;GO:0000186;GO:0051897;GO:1905223;GO:0010468;GO:0005634;GO:0034695;GO:0004674;GO:0051496;GO:0001937;GO:0010628;GO:0001824;GO:0014070;GO:0043542;GO:0009952;GO:0030335;GO:0048565;GO:0046872
B1WRV9	GO:0051539;GO:0050418;GO:0005737;GO:0046872
P21817	GO:0005219;GO:0071313;GO:0001666;GO:0030315;GO:0051209;GO:1990425;GO:0005524;GO:0005887;GO:0005509;GO:1903779;GO:0005262;GO:0005245;GO:0002020;GO:0042383;GO:0005790;GO:0043931;GO:0003151;GO:0006936;GO:0030314;GO:0048741;GO:0033017;GO:0005516;GO:0015278;GO:0051480;GO:0005737;GO:0030018;GO:0071277;GO:0051289;GO:0014802;GO:0034704;GO:0005886;GO:0031674;GO:0014701;GO:0031301;GO:0070062;GO:0006816;GO:0014808;GO:0030659;GO:0031000;GO:0048763;GO:0043588;GO:0005938;GO:0016529;GO:0034220
Q7MUD3	GO:0006428;GO:0004822;GO:0002161;GO:0000049;GO:0005737;GO:0005524;GO:0008270
P20795	GO:0035542;GO:0032889;GO:0000324;GO:0042144;GO:0016192;GO:0051469;GO:0007033;GO:0000329;GO:0005524;GO:0006896;GO:0005829;GO:0034727;GO:0006904;GO:0005764;GO:0099022;GO:0033263;GO:0006886;GO:0030897;GO:0006623;GO:0006897;GO:0048278
P27681	GO:0045211;GO:1902476;GO:0022851;GO:0005254;GO:0007165;GO:0004890;GO:0034707;GO:1904315;GO:0051932;GO:0045202;GO:0030594;GO:1902711;GO:0032590;GO:0098982;GO:0005887;GO:0043005;GO:0060078;GO:0005237;GO:0007214;GO:0042391;GO:0042493;GO:0050877;GO:0007268;GO:0098794;GO:0099699;GO:0034220
P24842	GO:0003678;GO:0046872;GO:0042025;GO:0006260;GO:0039526;GO:0039592;GO:0003677;GO:0039645;GO:0005524;GO:0004519;GO:0039693
Q2SZ20	GO:0042744;GO:0004096;GO:0046872;GO:0006979;GO:0020037
P46587	GO:0030446;GO:0051082;GO:0005634;GO:0006986;GO:0062040;GO:0005737;GO:0042026;GO:0015833;GO:0016192;GO:0034620;GO:0044183;GO:0009986;GO:0005886;GO:0016020;GO:0051085;GO:0005524;GO:0005829;GO:0031072;GO:0016887;GO:0051787;GO:0009636;GO:0019730;GO:0006616;GO:0009277;GO:0042277
B0R6H4	GO:0006520;GO:0006450;GO:0050567;GO:0004067;GO:0005524;GO:0006412
Q6FLP2	GO:0000978;GO:0001227;GO:0005634;GO:0001228;GO:0005737;GO:0008270;GO:0006006
D5FM38	GO:0005576;GO:0004222;GO:0008270
B2RL44	GO:0006351;GO:0003899;GO:0003677;GO:0008270;GO:0000287
B9KRK8	GO:0047151;GO:0005737;GO:0030698;GO:0050660
Q98FF1	GO:0003824
A0A0A7HJC7	GO:0030435;GO:0005634;GO:0003677;GO:0046872;GO:0048315
Q8Z7L5	GO:0006400;GO:0016705
Q9ZD10	GO:0003678;GO:1990077;GO:0003677;GO:0005524;GO:0006269;GO:0006268;GO:0008270
Q7V7S6	GO:0051539;GO:0005737;GO:0008987;GO:0046872;GO:0009435
P55013	GO:0046873;GO:0071944;GO:0016021;GO:0006814;GO:0098659;GO:0015377;GO:0006813
A1A7U2	GO:0003887;GO:0005737;GO:0006281;GO:0000287;GO:0003684;GO:0006261
A6LE80	GO:0006351;GO:0003899;GO:0003677;GO:0008270;GO:0000287
A3LZ54	GO:0016592;GO:0006357;GO:0003712
Q8VDF2	GO:0006511;GO:0042802;GO:0042393;GO:0005634;GO:0005654;GO:0000122;GO:0016574;GO:0031410;GO:0004842;GO:0000791;GO:0051865;GO:0016567;GO:0031493;GO:0016363;GO:0032270;GO:0061630;GO:0006281;GO:0005886;GO:0050678;GO:0008327;GO:0007049;GO:0000790;GO:0010216;GO:0000987;GO:0010390;GO:0035064;GO:0000792;GO:0005657;GO:0008270;GO:0044729;GO:0005720
Q0SYB5	GO:0004125;GO:0005737;GO:0001514;GO:0097056
Q9FFI0	GO:0005634;GO:0003700;GO:0043565;GO:0008289
Q9Y6X3	GO:0051301;GO:0034088;GO:0005634;GO:0047485;GO:0090694;GO:0005654;GO:0016604;GO:0071921;GO:0000785;GO:0032116;GO:0003690
Q9BE01	GO:0008887;GO:0005737;GO:0006468;GO:0005524
A9A2R0	GO:0046961;GO:0005886;GO:0005524;GO:0042777;GO:0046933
Q1D777	GO:0003924;GO:0003746;GO:0005737;GO:0005525
A1AX75	GO:0006351;GO:0003899;GO:0032549;GO:0003677
O49353	GO:0005576;GO:0042973;GO:0046658;GO:0006952;GO:0004338;GO:0005975
Q1REC0	GO:0038023;GO:0055072;GO:0016021;GO:0015344;GO:0009279
P20595	GO:0051879;GO:0008074;GO:0098978;GO:0043167;GO:0044877;GO:0048786;GO:0019934;GO:0038060;GO:0099555;GO:0032991;GO:0071732;GO:0046872;GO:0005525;GO:0005829;GO:0004383;GO:0098831;GO:0006182;GO:0020037
C1ERL1	GO:0019805;GO:0006569;GO:0034354;GO:0008198;GO:0043420;GO:0000334
A7J1T0	GO:0004709;GO:0005737;GO:0016020;GO:0046777;GO:0005524
B4SXY7	GO:0046872;GO:0000049;GO:0005737;GO:0005524;GO:0006431;GO:0004825
A9N7I2	GO:0046872;GO:0000049;GO:0005737;GO:0005524;GO:0006431;GO:0004825
Q6BSP4	GO:0045131;GO:0008270;GO:0000398;GO:0005829;GO:0000243
A9WWW7	GO:0055129;GO:0004350;GO:0005737;GO:0050661
Q9AP06	GO:0042744;GO:0004096;GO:0046872;GO:0006979;GO:0020037
Q7A7B2	GO:0000716;GO:0005737;GO:0005524;GO:0006355;GO:0004386;GO:0003684
Q86281	GO:0039624
Q66IZ7	GO:0005819;GO:1900029;GO:0005815;GO:0005874;GO:0007399;GO:0032418;GO:0007100;GO:0005737;GO:0060052;GO:2000574
P42079	GO:0006351;GO:0003899;GO:0003677;GO:0008270;GO:0000287
P01266	GO:0030878;GO:0042802;GO:0005576;GO:0015705;GO:0007165;GO:0042446;GO:0031641;GO:0006590;GO:0005179;GO:0005615
Q4L386	GO:0006541;GO:0003922;GO:0005524;GO:0016462
Q9UIE0	GO:0000978;GO:0006357;GO:0046872;GO:0005634;GO:0000981
A1A5K2	GO:0005828;GO:0000777;GO:0007020;GO:0043515;GO:0005815;GO:0007049;GO:0031023;GO:0051010;GO:0051301;GO:0005794;GO:0005881;GO:0034453
Q3UCV8	GO:0008234;GO:0010803;GO:0050728;GO:0016055;GO:0060828;GO:0004843;GO:0070431;GO:0005737;GO:0032088;GO:1990108;GO:0002040;GO:0045087
Q07845	GO:0051731;GO:0030874;GO:0005634;GO:0006396;GO:0000448;GO:0006364;GO:0005524;GO:0006363
B5EC42	GO:0006457;GO:0051082;GO:0005524
Q8RQE8	GO:0006351;GO:0003899;GO:0003677;GO:0008270;GO:0000287
Q6GBY5	GO:0000716;GO:0005737;GO:0005524;GO:0006355;GO:0004386;GO:0003684
Q940J8	GO:0005576;GO:0009506;GO:0005618;GO:0071555;GO:0052689;GO:0052793;GO:0009505
Q8Z5C3	GO:0046872;GO:0000049;GO:0005737;GO:0005524;GO:0006431;GO:0004825
Q49460	GO:0005886;GO:0016021
A2VCW9	GO:0004753;GO:0047131;GO:0005739;GO:0005737;GO:0019477;GO:0033512;GO:0019878;GO:0047130
Q4R4Z9	GO:0047760;GO:0005739;GO:0006631;GO:0031956;GO:0005524
B1ZHG6	GO:0015940;GO:0005737;GO:0046872;GO:0003864
Q9D2X5	GO:0051301;GO:0034088;GO:0005634;GO:0047485;GO:0090694;GO:0005654;GO:0016604;GO:0071921;GO:0000785;GO:0032116;GO:0003690
Q987S0	GO:0042744;GO:0004096;GO:0046872;GO:0006979;GO:0020037
Q00951	GO:0020002;GO:0005509;GO:0005576;GO:0090729;GO:0009405;GO:0044179;GO:0016021
P34434	GO:0016021
Q0I7U3	GO:0042026;GO:0005737;GO:0051082;GO:0005524
Q07965	GO:0005737;GO:0005886;GO:0007349
Q1I5F9	GO:0005737;GO:0030145;GO:0070006
P0CQ90	GO:0005730;GO:0003724;GO:0006364;GO:0005524;GO:0003723
Q5FAJ0	GO:0006799;GO:0008976;GO:0009358;GO:0005524;GO:0046872
Q9PSZ3	GO:0004222;GO:0016021
Q9BWX1	GO:0005634;GO:0005654;GO:0005886;GO:0005794;GO:0016607;GO:0046872;GO:0005829
A2C3G4	GO:0047151;GO:0005737;GO:0030698;GO:0050660
B1XSU7	GO:0008360;GO:0009252;GO:0007049;GO:0051301;GO:0019277;GO:0008760;GO:0005737;GO:0071555
O55528	GO:0019012;GO:0030430;GO:0039689;GO:0004482;GO:0005524;GO:0003968
A3SR25	GO:0050487;GO:0019529;GO:0005737;GO:0030976;GO:0000287
P24554	GO:0003697;GO:0008094;GO:0003684;GO:0006281;GO:0005524;GO:0046872;GO:0000725;GO:0009314
P0A2Y4	GO:0009073;GO:0003866;GO:0009635;GO:0005737;GO:0009423
A6ZRM0	GO:0044208;GO:0004019;GO:0005737;GO:0005525;GO:0000287
Q6MR29	GO:0065002;GO:0006605;GO:0005737;GO:0005886;GO:0017038;GO:0005524
A7Y521	GO:0000338;GO:0008021;GO:0008180;GO:0005829
P73053	GO:0032259;GO:0070402;GO:0006235;GO:0006231;GO:0050797;GO:0004799;GO:0050660
Q9LMI0	GO:0016311;GO:0005829;GO:0005737;GO:0016757
B3CSS5	GO:0006435;GO:0000049;GO:0004829;GO:0005737;GO:0005524;GO:0046872
Q9AGP1	GO:0046653;GO:0008115;GO:0005737
P57836	GO:0004828;GO:0016260;GO:0097056;GO:0006434;GO:0005737;GO:0005524
Q9CA63	GO:0005634
B5FCY6	GO:0051539;GO:0004160;GO:0009099;GO:0009097;GO:0046872
O08467	GO:0006542;GO:0005737;GO:0005524;GO:0046872;GO:0004356
Q875P5	GO:0005737;GO:0005524
Q2H988	GO:0005634;GO:0006354;GO:0046975;GO:0005694;GO:0006355
P15493	GO:0016042;GO:0004806;GO:0005576;GO:0046872
Q3YZ04	GO:0030170;GO:0019264;GO:0005737;GO:0004372;GO:0035999
Q038Y9	GO:0006520;GO:0044205;GO:0016597;GO:0004070;GO:0006207
Q54XP4	GO:0005681;GO:0005634;GO:0071014;GO:0000974;GO:0000245;GO:0016607;GO:0000398;GO:0071007;GO:0003723;GO:0071013
A7TSV6	GO:0030479
Q5P706	GO:0006526;GO:0005737;GO:0103045;GO:0004358;GO:0004042
Q253F1	GO:0003924;GO:0003746;GO:0005737;GO:0005525
B3R6D6	GO:0019547;GO:0005737;GO:0004585;GO:0016597;GO:0019546
F6VSS6	GO:0052906;GO:0005759;GO:0070901;GO:0009019;GO:0030488;GO:0005634;GO:0002939;GO:0008175;GO:0005737
A4X4L9	GO:0051539;GO:0046429;GO:0019288;GO:0005506;GO:0016114
Q2GCD7	GO:0003677;GO:0006351;GO:0032549;GO:0003899
P49608	GO:0047780;GO:0003994;GO:0051539;GO:0006097;GO:0005737;GO:0046872
A1TM36	GO:0000105;GO:0005737
B9L698	GO:0042026;GO:0005737;GO:0051082;GO:0005524
P0CO53	GO:0019805;GO:0006569;GO:0030170;GO:0034354;GO:0030429;GO:0097053;GO:0005737;GO:0043420
C5G168	GO:0009405;GO:0005576;GO:0004252
K7NCP5	GO:0008152;GO:0016874;GO:0031177
Q12N78	GO:0009014;GO:0009089;GO:0050897;GO:0008270;GO:0019877
B5FGX0	GO:0009014;GO:0009089;GO:0050897;GO:0008270;GO:0019877
A4H7A3	GO:0044208;GO:0004019;GO:0005737;GO:0005525;GO:0000287
Q57H61	GO:0051539;GO:0016830;GO:0009229;GO:0009228;GO:0008270
Q2KN96	GO:0005819;GO:0031941;GO:0007049;GO:0005815;GO:0005921;GO:0051301;GO:0005737;GO:0030036
Q8CIZ8	GO:0042802;GO:0047485;GO:0001889;GO:0005737;GO:0005783;GO:0005576;GO:0001890;GO:0031012;GO:0051087;GO:0062023;GO:0031589;GO:0033093;GO:0002020;GO:0007596;GO:0009897;GO:0005518;GO:0007599;GO:0005178;GO:0030168;GO:0007155;GO:0019865;GO:0005615
P0CQ62	GO:0005634;GO:0004842;GO:0010390;GO:0046872
A7ZUK9	GO:0051539;GO:0016830;GO:0009229;GO:0009228;GO:0008270
B4TCT3	GO:0051539;GO:0016830;GO:0009229;GO:0009228;GO:0008270
Q83J28	GO:0004125;GO:0005737;GO:0001514;GO:0097056
A6QV55	GO:0017108;GO:0005739;GO:0006260;GO:0005730;GO:0006286;GO:0043137;GO:0008409;GO:0003677;GO:0005654;GO:0006303;GO:0000287;GO:0001302;GO:0035753;GO:0000734;GO:0005829
B1AUR6	GO:0035101;GO:0031297;GO:0000724;GO:0005654;GO:0043596;GO:0005829;GO:0042555
Q03562	GO:0005737;GO:0019187;GO:0006688;GO:0009636;GO:0006486
Q3J5C7	GO:0004814;GO:0004820;GO:0006426;GO:0006420;GO:0005737;GO:0005524
Q5HIH2	GO:0000716;GO:0005737;GO:0005524;GO:0006355;GO:0004386;GO:0003684
A4XBH2	GO:0042026;GO:0005737;GO:0051082;GO:0005524
A0A0N7D4P6	GO:0016491;GO:0016746;GO:0031177
Q9CWY3	GO:0034968;GO:0051059;GO:0050727;GO:0018026;GO:0005634;GO:0019827;GO:0005654;GO:0032088;GO:0005829;GO:0048863;GO:0016279
Q5R030	GO:0006108;GO:0030060;GO:0006099;GO:0005975
P42885	GO:0009039;GO:0005737;GO:0016151;GO:0043419
Q9HCH3	GO:0070062;GO:0071277;GO:1903861;GO:0005886;GO:0043005;GO:0046872;GO:0043204;GO:0005544
D4DCV9	GO:0046872;GO:0004222;GO:0016021
C0QFS1	GO:0003684;GO:0030983;GO:0005524;GO:0006298
Q8CMQ8	GO:0006541;GO:0003922;GO:0005524;GO:0016462
B3QPW8	GO:0006457;GO:0031072;GO:0051082;GO:0006260;GO:0009408;GO:0005737;GO:0008270;GO:0005524
P04189	GO:0005576;GO:0030435;GO:0004252;GO:0046872
A8LXY8	GO:0006419;GO:0000049;GO:0005737;GO:0004813;GO:0005524;GO:0008270
Q31GN5	GO:0000105;GO:0005737
Q6ADK2	GO:0042026;GO:0005737;GO:0051082;GO:0005524
B1MGH8	GO:0003924;GO:0003746;GO:0005737;GO:0005525
A8A651	GO:0004125;GO:0005737;GO:0001514;GO:0097056
Q6DRC3	GO:0007368;GO:0005576;GO:0072114;GO:0090660;GO:0005737;GO:0005856;GO:0060271;GO:0005929;GO:0048793;GO:0044458;GO:0003352
Q10408	GO:0019905;GO:0007264;GO:0017137;GO:0006893;GO:0017157;GO:0045159;GO:0051286;GO:0006887;GO:0005737;GO:0005886;GO:0030010;GO:0032153;GO:0050708;GO:0016021;GO:0032991;GO:0005829;GO:0000149;GO:0005096
Q887M0	GO:0005737;GO:0006508;GO:0030145;GO:0070006
Q5HRX1	GO:0006541;GO:0003922;GO:0005524;GO:0016462
A2R7P5	GO:0005737
B1J100	GO:0003887;GO:0005737;GO:0006281;GO:0000287;GO:0003684;GO:0006261
Q96HD1	GO:0005509;GO:0003279;GO:0003756;GO:0016021;GO:0062023;GO:0003197
Q7P0J3	GO:0006433;GO:0002161;GO:0005737;GO:0005524;GO:0004827
B8XGQ5	GO:0009405;GO:0005576;GO:0004252
Q8KML6	GO:0006457;GO:0051082;GO:0005524
Q1ZXE8	GO:0030942;GO:0005047;GO:0005786;GO:0008312;GO:0006614
A5DR68	GO:0005759;GO:1990400;GO:0016070;GO:1902775;GO:0003724;GO:0005524
Q8XVD1	GO:0006782;GO:0050661;GO:0008883
P50851	GO:0008104;GO:0019901;GO:0005764;GO:0005886;GO:0005794;GO:0016020;GO:0005783;GO:0016021;GO:0005829
Q8ENK7	GO:0006072;GO:0019563;GO:0006071;GO:0005524;GO:0004370
P40955	GO:0034044;GO:0006893;GO:0016020;GO:0034221;GO:0005829;GO:0015031
A8A794	GO:0051539;GO:0016830;GO:0009229;GO:0009228;GO:0008270
P22703	GO:0003677;GO:0006351;GO:0032549;GO:0003899
Q6ZMV8	GO:0000978;GO:0046872;GO:0006355;GO:0005634;GO:0000981
A0A0A1EA36	GO:0016853;GO:0016874;GO:0046585;GO:0032259;GO:0008168;GO:0031177
Q5P221	GO:0006428;GO:0004822;GO:0002161;GO:0000049;GO:0005737;GO:0005524;GO:0008270
Q74ZJ0	GO:0000774;GO:0006914;GO:0005634;GO:0010499;GO:0042026;GO:0043161;GO:0042277;GO:0005524;GO:0005829;GO:0005844
B2U3S3	GO:0003887;GO:0005737;GO:0006281;GO:0000287;GO:0003684;GO:0006261
P40142	GO:0004802;GO:0005509;GO:0009052;GO:0040008;GO:0005777;GO:0005789;GO:0006098;GO:0030246;GO:0046166;GO:0005654;GO:0016604;GO:0043209;GO:0042803;GO:0016607;GO:0043231;GO:0030976;GO:0000287;GO:0046390;GO:0048029
Q03J81	GO:0030956;GO:0016787;GO:0050567;GO:0005524;GO:0006412
P34656	
A1VTF8	GO:0003677;GO:0006351;GO:0032549;GO:0003899
Q6DFG0	GO:0030054;GO:0007165;GO:0000139;GO:0005856;GO:0030659;GO:0005096
Q2FJD8	GO:0000716;GO:0005737;GO:0005524;GO:0006355;GO:0004386;GO:0003684
Q37145	GO:0046872;GO:0005634;GO:0005516;GO:0016021;GO:0009706;GO:0005886;GO:0005388;GO:0005262;GO:0005524;GO:0005783;GO:0043231;GO:0019829
Q8I589	GO:0005737
C5Z7K4	GO:0006419;GO:0006400;GO:0005739;GO:0002161;GO:0000049;GO:0004813;GO:0016597;GO:0005524;GO:0008270;GO:0009507
Q87T10	GO:0006412;GO:0016740;GO:0003735;GO:0019843;GO:0015934
B3DZP5	GO:0042026;GO:0005737;GO:0051082;GO:0005524
A8FAH5	GO:0006541;GO:0003922;GO:0005524;GO:0016462
Q2RS50	GO:0004373;GO:0009011;GO:0033201;GO:0005978
Q5RE72	GO:0004497;GO:0006695;GO:0005789;GO:0016705;GO:0005506;GO:0016021;GO:0020037
A1TJ41	GO:0046961;GO:0045261;GO:0005886;GO:0005524;GO:0046933
P0C8K8	GO:0006511;GO:0032436;GO:0046872;GO:0061630;GO:0005737;GO:0031624;GO:0000209;GO:0000151
O08908	GO:0032869;GO:0005634;GO:0046854;GO:0045785;GO:0043551;GO:0046982;GO:0043409;GO:0046935;GO:0005925;GO:0090051;GO:0014065;GO:0019903;GO:0008286;GO:0010506;GO:0008134;GO:1903076;GO:0036312;GO:0051492;GO:0030833;GO:0045944;GO:0001784;GO:0042307;GO:0001678;GO:0030971;GO:0034976;GO:0005942;GO:0015031
Q9VS46	GO:0006890;GO:0070939;GO:0060628;GO:0007030;GO:0005783;GO:0048193;GO:0007112;GO:0036090;GO:1902504
B2V8W5	GO:0004834
Q9HCB6	GO:1902430;GO:0050693;GO:0046872;GO:0005201;GO:0031012;GO:0007155;GO:1902993;GO:0010954;GO:0005788;GO:0005615;GO:0032092
A1UBL0	GO:0003924;GO:0003746;GO:0005737;GO:0005525
B3MI77	GO:0032447;GO:0000049;GO:0002098;GO:0005829;GO:0016779;GO:0034227
Q92753	GO:1990837;GO:0005634;GO:0000981;GO:0007601;GO:0005654;GO:0048511;GO:0006355;GO:0045893;GO:0000978;GO:0008502;GO:0071300;GO:0046548;GO:0004879;GO:0008134;GO:0000790;GO:0035881;GO:0060041;GO:0042462;GO:0045668;GO:0042752;GO:0003700;GO:0045892;GO:0046549;GO:0001228;GO:0008270;GO:0006367
Q8DVY6	GO:0050118;GO:0009089;GO:0019877
Q47IN4	GO:0055129;GO:0004350;GO:0005737;GO:0050661
P45372	GO:0070088;GO:0042619
C6HQJ2	GO:0017108;GO:0005739;GO:0006260;GO:0005730;GO:0043137;GO:0003677;GO:0005654;GO:0000287;GO:0006284;GO:0008409
D3ZAP3	GO:0005813;GO:0031122;GO:0008017;GO:0051301;GO:0097431;GO:0030496;GO:0051256;GO:0032467;GO:1990023;GO:0005881;GO:0032886
Q06996	GO:0019012;GO:0030430;GO:0004482;GO:0005524;GO:0003968
Q9AJ83	GO:0005737
P23594	GO:0004722;GO:0000082;GO:0007015;GO:0005634;GO:2000786;GO:0070262;GO:0005737;GO:0006417;GO:0007117;GO:0000159;GO:0046872;GO:0006470;GO:0010494
Q81J61	GO:0000049;GO:0006424;GO:0005524;GO:0008270;GO:0005829;GO:0004818
O17237	GO:0005886;GO:0010314;GO:0009966
Q2YUN1	GO:0006081;GO:0004029;GO:0043878
Q9LTG5	GO:0008360;GO:0000148;GO:0003843;GO:0071555;GO:0005886;GO:0046527;GO:0016021;GO:0006075
A6NDY2	
Q5ANA3	GO:1901474;GO:0090554;GO:0090556;GO:0015244;GO:1903561;GO:0009986;GO:0005886;GO:0016020;GO:0045332;GO:0005524;GO:0016021;GO:1903924;GO:0042910;GO:0017111;GO:1903875;GO:0045117;GO:0046677;GO:0015903;GO:0016887;GO:0035690;GO:0140341;GO:0042626;GO:0000166;GO:0015247;GO:0046898;GO:1990961
Q8CE64	GO:1990837;GO:0000777;GO:0006357;GO:0005634;GO:0005694;GO:0008270;GO:0000776;GO:0043035
Q5B6T1	GO:0008094;GO:0006312;GO:0032302;GO:0000735;GO:0007131;GO:0000710;GO:0032135;GO:0032300;GO:0005524;GO:0006298;GO:0043111;GO:0043570;GO:0051096
B0S2A9	GO:0006223;GO:0044206;GO:0004845;GO:0005525;GO:0000287;GO:0009116
B1H1F9	GO:0005789;GO:0003756;GO:0015035;GO:0034975;GO:0016671
Q96631	GO:0003968
Q0HY21	GO:0003887;GO:0005737;GO:0006281;GO:0000287;GO:0003684;GO:0006261
P21331	GO:0046872
A0A1B1WAJ0	GO:0005634;GO:0006355;GO:0009610;GO:0010247;GO:0036377;GO:0016036
Q8CHR6	GO:0042802;GO:0006212;GO:0019483;GO:0004159;GO:0071949;GO:0005737;GO:0050661;GO:0006210;GO:0042803;GO:0051539;GO:0002058;GO:0007623;GO:0005829;GO:0017113;GO:0014070;GO:0006145;GO:0006208;GO:0007584;GO:0019860;GO:0042493;GO:0005506;GO:0051536;GO:0006214
Q8L1I4	GO:0010181;GO:0004452;GO:0016491;GO:0008299;GO:0070402;GO:0005737;GO:0000287
F4K3G5	GO:0031937;GO:1900111;GO:0005634;GO:1900363;GO:0007165;GO:0043565;GO:0061087;GO:0006355;GO:0050832;GO:0044030;GO:0003700;GO:0009911;GO:0090436;GO:0010228;GO:2000024;GO:0046872;GO:0032991;GO:0070829
Q023P9	GO:0004816;GO:0006421;GO:0003676;GO:0005737;GO:0005524
Q45KJ5	GO:0000932;GO:0010494;GO:0010587;GO:0005634;GO:0019827;GO:0005791;GO:0005730;GO:0031123;GO:1905538;GO:0008270;GO:0031054;GO:0003723;GO:1990904;GO:2000767;GO:0005844
O22060	GO:0046524;GO:0005986;GO:0016157
A1CME3	GO:0048208;GO:0006914;GO:0005789;GO:0000139;GO:0015031
A9L3M8	GO:0009014;GO:0009089;GO:0050897;GO:0008270;GO:0019877
P27484	GO:0003723;GO:0008270
Q739J0	GO:0019805;GO:0006569;GO:0034354;GO:0008198;GO:0043420;GO:0000334
Q96R06	GO:0000777;GO:0008017;GO:0051301;GO:0071539;GO:0097431;GO:0030496;GO:0032388;GO:0035371;GO:0000070;GO:0005737;GO:0007059;GO:0034451;GO:0051988;GO:1905832;GO:0072686;GO:0000776;GO:0090235;GO:0007051
Q9ENK7	GO:0019012;GO:0030430;GO:0044163
B3E4X8	GO:0008360;GO:0009252;GO:0007049;GO:0051301;GO:0019277;GO:0008760;GO:0005737;GO:0071555
A1TYJ0	GO:0003677;GO:0006351;GO:0032549;GO:0003899
A1WT61	GO:0006072;GO:0019563;GO:0006071;GO:0005524;GO:0004370
Q09798	GO:0004535;GO:0000932;GO:0004843;GO:0003676;GO:0006397;GO:0031251;GO:0005737;GO:0070647;GO:0046872;GO:0000289
Q9VI58	GO:0006378;GO:0046872;GO:2000627;GO:0005634;GO:0006397;GO:0005737;GO:0005524;GO:0031054;GO:0050265;GO:0004652;GO:0071076;GO:0016779
Q8N944	GO:0016055;GO:0060828;GO:0005546;GO:0005886;GO:0008013
Q92ZL2	GO:0065003;GO:0009399;GO:0016163
Q95L74	GO:0006801;GO:0034765;GO:0016491;GO:0006954;GO:0043020;GO:0046872;GO:0005244;GO:0045087
Q00869	GO:0019184;GO:0046585;GO:0032259;GO:0016881;GO:0008168;GO:0031177
Q6L1V1	GO:0006430;GO:0000049;GO:0005737;GO:0004824;GO:0005524
P37498	GO:0005886;GO:0022857;GO:0016021
Q5RK27	GO:0140157;GO:1990573;GO:0008519;GO:0015377;GO:0055064;GO:1902476;GO:0019901;GO:0005886;GO:0055075;GO:0007268;GO:0032991;GO:0015379;GO:0005887;GO:0006884;GO:0045202
A7H5I4	GO:0005198;GO:0071973;GO:0009428;GO:0030288
F4HPF1	GO:0004252;GO:0005615
A2A935	GO:0043586;GO:0005634;GO:0005654;GO:0030853;GO:0000122;GO:0050873;GO:0045893;GO:0000978;GO:0060021;GO:0006357;GO:0043457;GO:0022008;GO:0046974;GO:0005829;GO:0001227;GO:0090336;GO:0120162;GO:0043565;GO:0016235;GO:0030512;GO:0070828;GO:0045892;GO:0046332;GO:0019827;GO:0017053;GO:0035019;GO:0001228;GO:0050872;GO:0003713;GO:0048468;GO:0003712;GO:0046872;GO:0033613
Q04692	GO:0000018;GO:0003678;GO:0003682;GO:0008094;GO:0070932;GO:0005634;GO:0035861;GO:0051304;GO:0003677;GO:0005654;GO:0043044;GO:0043596;GO:0000792;GO:0070933;GO:0005524;GO:0000729
A0A0R4ITC5	GO:0016573;GO:0005634;GO:0006281;GO:0016301;GO:0035267;GO:0003712;GO:0000124;GO:0006355;GO:0035675
Q68DK2	GO:0005765;GO:0005813;GO:0030496;GO:0032266;GO:0000281;GO:0000724;GO:0032465;GO:0046872
P54858	GO:0005737
B8NV37	GO:0017108;GO:0005739;GO:0006260;GO:0005730;GO:0006286;GO:0043137;GO:0008409;GO:0003677;GO:0005654;GO:0006303;GO:0000287;GO:0001302;GO:0035753;GO:0000734;GO:0005829
B8IS78	GO:0003677;GO:0006351;GO:0032549;GO:0003899
Q9UBW7	GO:0016605;GO:0005829;GO:0031624;GO:0008270
Q9K6Z2	GO:0051287;GO:0000105;GO:0004399;GO:0008270
P48311	GO:0042025;GO:0008408;GO:0003677;GO:0003887;GO:0000166;GO:0039693;GO:0006261
B0DSK4	GO:0003924;GO:0005739;GO:0003746;GO:0070125;GO:0005525
A8AEB2	GO:0046872;GO:0000049;GO:0005737;GO:0005524;GO:0006431;GO:0004825
P15353	GO:0003677;GO:0006351;GO:0003899
Q9HVM4	GO:0006428;GO:0004822;GO:0002161;GO:0000049;GO:0005524;GO:0008270;GO:0005829
O74199	GO:0005576;GO:0000272;GO:0004568;GO:0006032;GO:0009405;GO:0008061
P20871	GO:0019012;GO:0019082;GO:0019064;GO:0020002;GO:0044175;GO:0039654;GO:0055036;GO:0030307;GO:0019031;GO:0075512;GO:0002223;GO:0090527;GO:1903905;GO:1903908;GO:0016021;GO:0005198;GO:0030683;GO:0019062;GO:1903911
Q5VWP3	GO:0016605;GO:0005521;GO:0031981;GO:0010614;GO:0005634;GO:1903243;GO:0003714;GO:0000122;GO:0005635;GO:0042383;GO:0045944
Q6FQH2	GO:0004674;GO:0005524;GO:0005737
P15255	GO:0003677;GO:0006310
A3N339	GO:0000270;GO:0008933;GO:0016829;GO:0016998;GO:0071555;GO:0016798;GO:0009279
A6W399	GO:0003677;GO:0006351;GO:0032549;GO:0003899
Q2FPN5	GO:0042026;GO:0005737;GO:0051082;GO:0005524
Q17XG0	GO:0008233;GO:0016887;GO:0009376;GO:0043335;GO:0005524
Q8N3Y1	GO:0016567;GO:0019005;GO:0008283;GO:0031467;GO:0050775;GO:0007030;GO:0005794;GO:1901485;GO:0000209;GO:0060716;GO:0005829;GO:0043687;GO:0048471;GO:0060712
P09932	GO:0000728;GO:0046872;GO:0007533;GO:0005634;GO:0003677;GO:0004519;GO:0016539
Q4WZA8	GO:0046148;GO:0016788;GO:0005768;GO:0001848;GO:0042243;GO:0008295;GO:0042438;GO:0009405;GO:0004014;GO:0006633;GO:0019748;GO:0004315;GO:0075136;GO:0031177
F4IAR2	GO:0008017;GO:0003777;GO:0005524;GO:0005874;GO:0007018
Q4ZSY3	GO:0018298;GO:0009405;GO:0000155;GO:0005524;GO:0009881
Q58863	GO:0005886;GO:0016021
Q8B0U2	GO:0019012;GO:0030430;GO:0004482;GO:0005524;GO:0003968
A0A0E4AFH6	GO:0102164;GO:0071949
B7MRC0	GO:0051539;GO:0016830;GO:0009229;GO:0009228;GO:0008270
Q2TAF3	GO:0005737;GO:0005874
B6VA85	GO:0009405;GO:0005576;GO:0004252
Q0BRH7	GO:0042744;GO:0004096;GO:0046872;GO:0006979;GO:0020037
O77628	GO:0035976;GO:0005634;GO:0000981;GO:0034614;GO:0005654;GO:0005783;GO:0006355;GO:0046982;GO:0007179;GO:0032993;GO:0000978;GO:0006357;GO:0071277;GO:0005829;GO:0031668;GO:0003690;GO:0035994;GO:0070412;GO:0003682;GO:0060395;GO:0005667;GO:0035914;GO:0000979;GO:0001102;GO:0003700;GO:0007399;GO:0001228;GO:0003677;GO:0042493;GO:0045672;GO:0071276
Q4X0M4	GO:0005789;GO:0090110;GO:0000139;GO:0030127;GO:0006886;GO:0070971;GO:0090114;GO:0005198;GO:0006888;GO:0007029
P27133	GO:0042742;GO:0010467;GO:0009991;GO:0006972;GO:0015629;GO:1905861;GO:0043621;GO:0043521;GO:0048870;GO:0009986;GO:0005886;GO:0030036;GO:0031152;GO:0030042;GO:0061802;GO:0007015;GO:0006909;GO:0051707;GO:0030863;GO:1904643;GO:0061803;GO:0000281;GO:1903673;GO:0005938;GO:0009617;GO:0051015;GO:0006897
Q8BV42	GO:0000978;GO:0006357;GO:0005634;GO:0001228;GO:0046872
Q0TA71	GO:0051539;GO:0016830;GO:0009229;GO:0009228;GO:0008270
C0LGV1	GO:0010449;GO:0010082;GO:0005886;GO:0005524;GO:0016021;GO:0004674
Q0CNV1	GO:0000287;GO:0004737;GO:0030976
Q9PL64	GO:0045239;GO:0004333;GO:0006099;GO:0006106
P27502	GO:0004190;GO:0042025;GO:0046740;GO:0003964;GO:0075732;GO:0004523;GO:0046872;GO:0046718;GO:0019028
P17922	GO:0009328;GO:0000049;GO:0005524;GO:0004826;GO:0000287;GO:0006432
P15321	GO:0008320;GO:0006811;GO:0046930;GO:0044179;GO:0015288;GO:0009279
P0C870	GO:0004497;GO:0004177;GO:0005634;GO:0004175;GO:0005737;GO:0035064;GO:0046872;GO:0016706;GO:0018126
Q0RNP1	GO:0050511;GO:0008360;GO:0009252;GO:0007049;GO:0030259;GO:0051301;GO:0071555;GO:0005886;GO:0051991;GO:0005975
Q89AJ7	GO:0030976;GO:0006096;GO:0006099;GO:0004591
Q49UU9	GO:0006541;GO:0003922;GO:0005524;GO:0016462
A1WWY5	GO:0005737;GO:0004719;GO:0030091
B1XTW6	GO:0006541;GO:0003922;GO:0005524;GO:0016462
B8DNL3	GO:0006457;GO:0051301;GO:0007049;GO:0005737;GO:0003755;GO:0015031
P58963	GO:0006260;GO:0003887;GO:0006281;GO:0005737;GO:0046872;GO:0003684
Q8ZRJ7	GO:0003995;GO:0050660;GO:0005886;GO:0033539;GO:0004466
O48676	GO:0042742;GO:0103100;GO:0103101;GO:0005634;GO:0080043;GO:0103102;GO:0019761;GO:0080044;GO:0103103;GO:0052544;GO:0102659;GO:0047251;GO:0005829;GO:0103099
B1IUQ3	GO:0051539;GO:0016830;GO:0009229;GO:0009228;GO:0008270
B3EE31	GO:0006457;GO:0031072;GO:0051082;GO:0006260;GO:0009408;GO:0005737;GO:0008270;GO:0005524
P11707	GO:0070330;GO:0004497;GO:0005789;GO:0005506;GO:0020037
Q5RBX0	GO:0003677;GO:0046872;GO:0005634;GO:0006355
A7ZTD9	GO:0004125;GO:0005737;GO:0001514;GO:0097056
P19615	GO:0055037;GO:0005769;GO:0046872;GO:0055072;GO:0045735;GO:0005886;GO:0005615;GO:0006826
P25092	GO:0017046;GO:0042127;GO:0004672;GO:0005789;GO:0007165;GO:0015643;GO:0035556;GO:0005886;GO:0007168;GO:0001653;GO:0005524;GO:0016021;GO:0005525;GO:0016941;GO:0007586;GO:0004383;GO:0009636;GO:0006182
A1TNF7	GO:1902560;GO:0003920;GO:0006163
Q9I9P9	GO:0030509;GO:0005634;GO:0000981;GO:0005737;GO:0000122;GO:0006355;GO:0007179;GO:0070411;GO:0000978;GO:0006357;GO:0021999;GO:0060282;GO:0008134;GO:0060395;GO:0035556;GO:0043565;GO:0031625;GO:0030154;GO:0045944;GO:0003700;GO:0009880;GO:0001228;GO:0009653;GO:0071144;GO:0046872
Q73YS9	GO:0004812;GO:0035446;GO:0006418;GO:0010125;GO:0005524;GO:0008270
P0AC86	GO:0030170;GO:0102250;GO:0008184;GO:0005737;GO:0102499;GO:0005980
P54583	GO:0030247;GO:0030245;GO:0008810
Q2LD37	GO:0006909;GO:0030856;GO:0005634;GO:0001558;GO:0098793;GO:0048488;GO:0016020;GO:0016021;GO:0016197;GO:0032456
Q8DVX5	GO:0004056;GO:0005737;GO:0042450
Q3A225	GO:0008759;GO:0009245;GO:0103117;GO:0046872
B7NEP6	GO:0004125;GO:0005737;GO:0001514;GO:0097056
A8AX17	GO:0009380;GO:0009432;GO:0003677;GO:0006289;GO:0005737;GO:0009381;GO:0005524;GO:0004386
Q7WHH4	GO:0008152;GO:0047388;GO:0008882;GO:0000820;GO:0005524;GO:0000287
Q2YVY2	GO:0000716;GO:0005737;GO:0005524;GO:0006355;GO:0004386;GO:0003684
Q01Y13	GO:0065002;GO:0006605;GO:0005737;GO:0005886;GO:0017038;GO:0005524;GO:0046872
P56302	GO:0051539;GO:0046872;GO:0019685;GO:0005524;GO:0016730;GO:0036068;GO:0009507;GO:0016636
A7ZHZ2	GO:0003887;GO:0005737;GO:0006281;GO:0000287;GO:0003684;GO:0006261
Q8Y8Q5	GO:0046872;GO:0016887;GO:0005886;GO:0005388;GO:0008553;GO:0005524;GO:0016021
P42080	GO:0006351;GO:0003899;GO:0003677;GO:0008270;GO:0000287;GO:0009842
P25368	GO:0000028;GO:0032545;GO:0005634;GO:0005730;GO:0005654;GO:0031167;GO:0006364;GO:0034456;GO:0019843
A1BHL1	GO:0006457;GO:0031072;GO:0051082;GO:0006260;GO:0009408;GO:0005737;GO:0008270;GO:0005524
C3MAX2	GO:0003677;GO:0006351;GO:0032549;GO:0003899
B7LTL2	GO:0004457;GO:0010181;GO:0005886;GO:0019516
O54865	GO:0051879;GO:0008074;GO:0020037;GO:0047805;GO:0098978;GO:0043167;GO:0044877;GO:0048786;GO:0019934;GO:0038060;GO:0099555;GO:0005737;GO:0032991;GO:0071732;GO:0046872;GO:0005525;GO:0098831;GO:0004383;GO:0006182;GO:0004016
A5F5X1	GO:0055114;GO:0016655;GO:0006814
Q1LI88	GO:0009073;GO:0005737;GO:0009423;GO:0000166;GO:0046872;GO:0003856
B4TNL2	GO:0046872;GO:0000049;GO:0005737;GO:0005524;GO:0006431;GO:0004825
B5YFB8	GO:0019464;GO:0004375;GO:0009116
A5UZK7	GO:0003684;GO:0030983;GO:0005524;GO:0006298
B5FJX0	GO:0080030
E9QCD3	GO:0005789;GO:0000139;GO:0019706;GO:0005794;GO:0006612;GO:0005783;GO:0016021;GO:0018230
Q55FR9	GO:0006890;GO:0000139;GO:0006886;GO:0005198;GO:0006888;GO:0030126;GO:0006891
Q8BPN8	GO:0043291;GO:0017137;GO:0008021;GO:0030672;GO:0007035;GO:0098992
P25723	GO:0005509;GO:0005518;GO:0004222;GO:0006508;GO:0007378;GO:0016485;GO:0007313;GO:0030513;GO:0008270;GO:0005615;GO:0008586;GO:0032927;GO:0045464
Q3UPP8	GO:0005813;GO:0007099;GO:0042770;GO:0045141;GO:0051225;GO:0051298;GO:0051301;GO:0071539;GO:0098535;GO:0000922;GO:1902254;GO:0007131;GO:0005737;GO:0000077;GO:0005814
Q4UK35	GO:0004828;GO:0016260;GO:0097056;GO:0006434;GO:0005737;GO:0005524
Q03924	GO:0003700;GO:0000978;GO:0008270;GO:0006355;GO:0005634;GO:0000981
Q54BE0	GO:0031072;GO:0051082;GO:0034620;GO:0044183;GO:0016887;GO:0006986;GO:0051787;GO:0005737;GO:0051085;GO:0005524;GO:0042026;GO:0005811
Q5M3R7	GO:0009380;GO:0009432;GO:0003677;GO:0006289;GO:0005737;GO:0009381
B2J199	GO:0006351;GO:0003899;GO:0003677;GO:0008270;GO:0000287
Q15813	GO:0006457;GO:0005874;GO:0007021;GO:0007052;GO:0005737;GO:0051087;GO:0007023;GO:0043014;GO:0000226
P07949	GO:0030155;GO:0043410;GO:0001838;GO:0033619;GO:0007165;GO:0000165;GO:0033141;GO:0042551;GO:0045121;GO:0007156;GO:0060384;GO:0001755;GO:0010008;GO:0035860;GO:0006468;GO:0048484;GO:0030424;GO:0045893;GO:0072300;GO:0010976;GO:0048265;GO:0071300;GO:0007158;GO:0043025;GO:0005886;GO:0030425;GO:0005524;GO:2001241;GO:0007497;GO:0005887;GO:0033630;GO:0005509;GO:0014042;GO:0004713;GO:0060041;GO:0035799;GO:0007275;GO:0007411;GO:0098797;GO:0007169;GO:0030335;GO:0038023;GO:0045793;GO:0000187;GO:0004714;GO:0005769;GO:0061146;GO:0033674;GO:0050770;GO:0006919;GO:0001657;GO:0042493;GO:0097021;GO:0043235;GO:0051897
F9XMW5	GO:0003677;GO:0000981;GO:0005634;GO:0008270
B5BBD3	GO:0006400;GO:0016705
Q2GUU0	GO:0003723;GO:0006397;GO:0000002;GO:0031305
Q47NK0	GO:0002161;GO:0005737;GO:0004832;GO:0005524;GO:0006438
A2C1X5	GO:0000287;GO:0000162;GO:0004048
Q3KSU8	GO:0008234;GO:0042025;GO:0030430;GO:0004843;GO:0019033;GO:0039648
Q5PAR7	GO:0050661;GO:0004324;GO:0050660
Q8XSF6	GO:0046873;GO:0015293;GO:0016021;GO:0005886;GO:0046872
Q9WVL3	GO:0140157;GO:1990573;GO:0008519;GO:1902476;GO:0055064;GO:0019901;GO:0055075;GO:0007268;GO:0032991;GO:0015379;GO:0005887;GO:0006884;GO:0045202
Q8L7C2	GO:0000373;GO:0000372;GO:0006397;GO:0003729;GO:0009570;GO:0009507;GO:0009532
A7ZEB5	GO:0006457;GO:0051082;GO:0005524
Q12246	GO:0017050;GO:0006665;GO:0019722;GO:0005789;GO:0071944;GO:0008481;GO:0046512;GO:0001727;GO:0000139;GO:0005737;GO:0005886;GO:0005794;GO:0016020;GO:0005524;GO:0005783;GO:0016310;GO:0032541;GO:0043231;GO:0031902;GO:0003951
P22437	GO:0001516;GO:0008217;GO:0045907;GO:0005737;GO:0007612;GO:0005794;GO:0019233;GO:0030216;GO:0004601;GO:0004666;GO:0032811;GO:0006693;GO:0097756;GO:0042127;GO:0043231;GO:0010700;GO:0035633;GO:0005789;GO:0007613;GO:0006954;GO:0005635;GO:0020037;GO:0045987;GO:0001750;GO:0046872;GO:0006979;GO:0051213;GO:0019371
Q866F4	GO:0005576;GO:0006171;GO:0007283;GO:0005634;GO:0071241;GO:0035556;GO:0003351;GO:0005856;GO:0005886;GO:0005929;GO:0005524;GO:0000287;GO:0048471;GO:0071890;GO:0004016
Q2JJ18	GO:0006351;GO:0003899;GO:0003677;GO:0008270;GO:0000287
P37275	GO:0071230;GO:0005634;GO:0000981;GO:0008285;GO:0005654;GO:0000122;GO:0051150;GO:0045666;GO:0006357;GO:0033081;GO:0048596;GO:0005829;GO:0051216;GO:0003682;GO:0048704;GO:0001227;GO:0000790;GO:0007389;GO:0048752;GO:0010464;GO:0045944;GO:0019221;GO:0003700;GO:0045602;GO:0045892;GO:0007417;GO:0070888;GO:0017015;GO:0008270;GO:0090103
Q795Y4	GO:0051539;GO:0015942;GO:0008863;GO:0051537;GO:0043546;GO:0009326;GO:0046872;GO:0009055
Q2M1P5	GO:0005871;GO:0003777;GO:0008017;GO:0005874;GO:0016887;GO:0045880;GO:0097542;GO:0005737;GO:0005929;GO:0005524;GO:0007018;GO:0036064;GO:0045879
Q14584	GO:0006357;GO:0001227;GO:0000790;GO:0000981;GO:0000122;GO:0046872;GO:0000977
O26953	
Q2HR64	GO:0008234;GO:0042025;GO:0019030;GO:0004843;GO:0030430;GO:0019033;GO:0019031;GO:0039648
P20164	GO:0090729;GO:0005576;GO:0004222;GO:0046872
B5BCW8	GO:0004357;GO:0005524;GO:0042398
P35845	GO:0120015;GO:0006887;GO:0097038;GO:0005783;GO:0008142;GO:0071561;GO:0000139;GO:0005886;GO:0016020;GO:0005829;GO:0043231;GO:0034727;GO:0030011;GO:0032934;GO:0008289;GO:0005640;GO:0005635;GO:0000138;GO:0005769;GO:0015248;GO:0015918;GO:0006897;GO:0005545
Q66HG4	GO:0006012;GO:0030246;GO:0004034;GO:0005737;GO:0006006;GO:0033499;GO:0005975
Q8BI99	GO:0000978;GO:0006357;GO:0046872;GO:0005634;GO:0000981
Q48543	GO:0005737;GO:0004197;GO:0004177
A6Q354	GO:0000049;GO:0006424;GO:0005737;GO:0005524;GO:0004818
B9LTX1	GO:0003922;GO:0005524;GO:0016462
Q6BH02	GO:0005743;GO:0006783;GO:0015187;GO:0016021;GO:1904983
Q9KJG4	GO:0003677;GO:0006351;GO:0032549;GO:0003899
Q91YE8	GO:0000045;GO:0005925;GO:0003779;GO:0005634;GO:0051371;GO:0031005;GO:0005654;GO:0030335;GO:0001725;GO:0032233;GO:0043231;GO:0061684;GO:0030018;GO:0030674;GO:0051393;GO:0005829;GO:0015629;GO:0071889;GO:2000298
Q52658	GO:0005737
Q0VGT4	GO:0017108;GO:0071932;GO:0005634;GO:0005737;GO:0004386;GO:0008270;GO:0016021;GO:0003723;GO:0000784
O81770	GO:0010027;GO:0009706;GO:0008194;GO:0009793;GO:0035250;GO:0009536;GO:0005886;GO:0009247;GO:0046509;GO:0009941
P17999	GO:0005727;GO:0042742;GO:0019835;GO:0043022;GO:0009405;GO:0004519;GO:0003723
G5EFI8	GO:0005085;GO:0042307;GO:0046872;GO:0007264;GO:0050830;GO:1902634;GO:0004435;GO:0005095;GO:0002253;GO:0048015;GO:0017016
P23188	GO:0006465;GO:0005802;GO:0019058;GO:1901394;GO:0016485;GO:0045121;GO:0032911;GO:0048406;GO:0005788;GO:0010008;GO:0005783;GO:0032804;GO:0005576;GO:0004867;GO:0000139;GO:0016486;GO:0030511;GO:0009986;GO:0042176;GO:0005886;GO:0016020;GO:0090472;GO:0031985;GO:0016021;GO:0012510;GO:0001825;GO:0032940;GO:0030173;GO:0043043;GO:0009966;GO:0005789;GO:0002020;GO:0030335;GO:0097341;GO:0005769;GO:0030140;GO:0008233;GO:0031638;GO:0045714;GO:0052548;GO:0004175;GO:0042277;GO:0046872;GO:0032902;GO:0004252
A5WCK2	GO:0000049;GO:0005840;GO:0006412;GO:0003735;GO:0019843
Q5G872	GO:0005509;GO:0005576;GO:0042694;GO:0048747;GO:0007224;GO:0007517;GO:0009986;GO:0030141;GO:0005615;GO:0051146;GO:0009897;GO:0001756;GO:0008015
Q0P3M6	GO:0006351;GO:0003899;GO:0032549;GO:0003677;GO:0009507
Q83NN0	GO:0042026;GO:0005737;GO:0051082;GO:0005524
A8MA77	GO:0002101;GO:0005737;GO:0016879;GO:0005524
Q01583	GO:0004143;GO:0005509;GO:0046834;GO:0007205;GO:0046486;GO:0035556;GO:0005886;GO:0016310;GO:0046339;GO:0005524;GO:0003951
Q89WB4	GO:0042744;GO:0004096;GO:0070301;GO:0046872;GO:0005829;GO:0020037
Q5HMB0	GO:0030170;GO:0019264;GO:0005737;GO:0004372;GO:0035999
Q9KBE6	GO:0019556;GO:0005737;GO:0004397;GO:0019557
Q2VWH6	GO:0000978;GO:0046872;GO:0007399;GO:0000790;GO:0000981;GO:0006355;GO:0030154
Q5SXI5	GO:0000978;GO:0006357;GO:0043621;GO:0005634;GO:0000981;GO:0003677;GO:0016604;GO:0000122;GO:0046872;GO:0045893
P63722	GO:0004497;GO:0016705;GO:0005506;GO:0020037
A0QWX4	GO:0008964;GO:0015977;GO:0006107;GO:0006099;GO:0000287
Q61818	GO:0040015;GO:0001501;GO:0006357;GO:0005634;GO:0005654;GO:0000987;GO:0005737;GO:0046872;GO:0045893;GO:0045944;GO:0032922
P16452	GO:0030863;GO:0008360;GO:0000902;GO:0003810;GO:0055072;GO:0043249;GO:0005856;GO:0005886;GO:0020027;GO:0005200;GO:0005524;GO:0048536;GO:0018149
Q6GCY6	GO:0004139;GO:0005737;GO:0016052;GO:0009264;GO:0046386
C8ZG13	GO:0044208;GO:0004019;GO:0005737;GO:0005525;GO:0000287
B8NM73	GO:0004499;GO:0050661;GO:0050660
Q8TGH6	GO:0030447;GO:0036187;GO:0006493;GO:0000139;GO:0009272;GO:0005794;GO:0036178;GO:0016021;GO:0036244;GO:0004382;GO:0006486
Q55D99	GO:0006935;GO:0007163;GO:0045159;GO:0005737;GO:0005856;GO:0032147;GO:0004674;GO:0032467;GO:0048870;GO:0030010;GO:0031152;GO:0005524;GO:0097204;GO:0005829;GO:0031254;GO:0043327;GO:0006909;GO:1903013;GO:0023014;GO:0031098;GO:0031156;GO:0031036;GO:0032154;GO:0000281;GO:0005938;GO:0046872
Q7MIC7	GO:0016655;GO:0006814
Q9DKT8	GO:0042025;GO:0006260;GO:0003887;GO:0003677;GO:0004523;GO:0000166;GO:0039693
Q93XX2	GO:0010088;GO:0042803;GO:0043621
A0R8F9	GO:0000049;GO:0006424;GO:0005737;GO:0005524;GO:0008270;GO:0004818
Q9U2R0	GO:0040031;GO:0008171;GO:0017069;GO:0008173
Q57ID8	GO:0004457;GO:0010181;GO:0005886;GO:0019516
Q07192	GO:0004708;GO:0004674;GO:0004713;GO:0005524
Q90923	GO:0007520;GO:0005604;GO:0008045;GO:0016358;GO:0009887;GO:0009888;GO:0005102;GO:0006355
Q04DH2	GO:0006096;GO:0005576;GO:0009986;GO:0000015;GO:0004634;GO:0000287
Q6GR16	GO:0043009;GO:0060212;GO:0043621;GO:0048255;GO:0006397;GO:0005737;GO:0006412;GO:0031370;GO:0008143
Q00547	GO:0005813;GO:0009986;GO:0005829;GO:0015630;GO:0005540
Q9KBM8	GO:0006541;GO:0009236;GO:0042242;GO:0005524
C6E643	GO:0006457;GO:0051082;GO:0005524
A0B2Q6	GO:0042744;GO:0004096;GO:0046872;GO:0006979;GO:0020037
Q9Z0D4	GO:0042025;GO:0006260;GO:0016888;GO:0018142;GO:0003677;GO:0003724;GO:0005524;GO:0046872;GO:0003723;GO:0016779
B4S3B3	GO:0042744;GO:0004096;GO:0046872;GO:0006979;GO:0020037
F4IXE7	GO:0010385;GO:0044030;GO:0043971;GO:0009506;GO:0042393;GO:0005634;GO:0043972;GO:0044154;GO:0080188;GO:0046872;GO:0004402
Q97AG7	GO:0006428;GO:0004822;GO:0002161;GO:0000049;GO:0005737;GO:0005524;GO:0008270
Q5R8N4	GO:1990126;GO:0005768;GO:0015031;GO:0016021;GO:0032456
P40901	GO:0016021;GO:0003333;GO:0005783;GO:0015171
Q1D4L3	GO:0051539;GO:0016830;GO:0009229;GO:0009228;GO:0008270
A7ME70	GO:0006400;GO:0016705
B1YLA2	GO:0051539;GO:0016114;GO:0005506;GO:0046429;GO:0019288
A4F804	GO:0006096;GO:0005576;GO:0009986;GO:0000015;GO:0004634;GO:0000287
Q05235	
Q5JHC0	GO:0008616;GO:0005737;GO:0046872;GO:0003723;GO:0016763;GO:0002099
Q92AQ3	GO:0030956;GO:0016787;GO:0050567;GO:0005524;GO:0006412
P58666	GO:0051539;GO:0046429;GO:0019288;GO:0005506;GO:0016114
Q3KG59	GO:0005198;GO:0071973;GO:0009428;GO:0030288
F1LZ52	GO:0006511;GO:0016567;GO:0070936;GO:0072156;GO:0050801;GO:0003779;GO:0031463;GO:0005856;GO:0070294;GO:0005829;GO:0097602
P17097	GO:0000978;GO:0006357;GO:0005634;GO:0000981;GO:0003677;GO:0007275;GO:0046872
A0LSY4	GO:0004823;GO:0006429;GO:0002161;GO:0005737;GO:0005524
P31244	GO:0006511;GO:0016567;GO:0046872;GO:0031463;GO:0000113;GO:0003677;GO:0005524;GO:0034613;GO:0004386;GO:0000715
P09609	GO:0003978;GO:0030246;GO:0004034;GO:0005829;GO:0033499
A4J5U0	
A4VCH4	GO:0042147;GO:1990126;GO:0005768;GO:0015031;GO:0030906;GO:0005829;GO:0032456
O67762	GO:0003677;GO:0006351;GO:0032549;GO:0003899
F1Q8X5	GO:0008360;GO:0005925;GO:0008289;GO:0001525;GO:0016055;GO:0005178;GO:0005634;GO:0007160;GO:0005938;GO:0009986;GO:0005856;GO:0014704;GO:0007229;GO:0016477;GO:0030055;GO:0007010;GO:0031258;GO:0031674;GO:0055008;GO:0031234
Q311X7	GO:0006541;GO:0003922;GO:0005524;GO:0016462
P20676	GO:0008139;GO:0006405;GO:0006607;GO:0044613;GO:0006606;GO:0000972;GO:0031965;GO:0000055;GO:0044615;GO:0005643;GO:0016973;GO:0017056
Q0BI48	GO:0042744;GO:0004096;GO:0046872;GO:0006979;GO:0020037
Q15075	GO:0005969;GO:0055037;GO:0005769;GO:0019897;GO:0039694;GO:0070062;GO:0030742;GO:0005516;GO:0016189;GO:0031901;GO:0005737;GO:0006906;GO:0016020;GO:0042803;GO:0008270;GO:0045022;GO:0005829;GO:0006897;GO:0044308;GO:0005545
Q5FUR7	GO:0051539;GO:0046429;GO:0019288;GO:0005506;GO:0016114
C3K863	GO:0008615;GO:0004733;GO:0010181
P09339	GO:0047780;GO:0003994;GO:0051539;GO:0006101;GO:0006099;GO:0003729;GO:0047456;GO:0043937;GO:0046872;GO:0003730;GO:0005829;GO:0019679
E1C065	GO:0005813;GO:0018095;GO:0005737;GO:0060271;GO:0005929;GO:0005814;GO:0036064;GO:0015031
B5Z090	GO:0051539;GO:0016830;GO:0009229;GO:0009228;GO:0008270
Q9P2S6	GO:0046872
P34490	GO:0005886;GO:0004930;GO:0016021
Q6VVW5	GO:0042802;GO:0060348;GO:0007165;GO:0097011;GO:0005525;GO:1900194;GO:0019934;GO:0005886;GO:0016941;GO:0005524;GO:0006182;GO:0010753;GO:0005887;GO:0017046;GO:0001503;GO:0004672;GO:0042562;GO:0007168;GO:0051447;GO:0001653;GO:0004383;GO:0022414
Q73FB9	GO:0000049;GO:0006424;GO:0005737;GO:0005524;GO:0008270;GO:0004818
P27756	GO:0052692;GO:0016052
Q9FZK1	GO:0060776;GO:0010305;GO:0031146;GO:0010928;GO:0004842
Q9DAZ9	GO:0005813;GO:0090543;GO:0032154;GO:0051301;GO:0030496;GO:0032266;GO:0044878;GO:0005737;GO:0046872;GO:0009838;GO:0032466
A7GZ81	GO:0004823;GO:0006429;GO:0002161;GO:0005737;GO:0005524
Q9SKP0	GO:0005829
Q8JIR8	GO:0035374;GO:0008201;GO:0007601;GO:0001917;GO:0001750;GO:0033165;GO:0005540
Q9UH77	GO:0006511;GO:0016567;GO:0070936;GO:0072156;GO:0050801;GO:0003779;GO:0031463;GO:0061912;GO:0005856;GO:0070294;GO:0005198;GO:0005829;GO:0043687;GO:0097602
Q99NH0	GO:1900246;GO:0042742;GO:0003682;GO:1900087;GO:0051151;GO:1900245;GO:0005634;GO:0006275;GO:0045787;GO:0005654;GO:0031965;GO:0005737;GO:0001955;GO:0000785;GO:0043123;GO:0003723;GO:0045087;GO:0007492
Q0WPU1	GO:0007015;GO:0031982;GO:0005516;GO:0007097;GO:0030048;GO:0030050;GO:0030898;GO:0000146;GO:0031965;GO:0005737;GO:0005524;GO:0051015;GO:0015629;GO:2000769;GO:0003774;GO:0016459
A6R7S1	GO:0005634;GO:0030983;GO:0005524;GO:0006298
B2GBY6	GO:0005737;GO:0006427;GO:0004821;GO:0005524
B3PEP6	GO:0042744;GO:0004096;GO:0046872;GO:0006979;GO:0020037
A5CFM7	GO:0003924;GO:0006400;GO:0005737;GO:0046872;GO:0005525
Q9PL44	GO:0005576;GO:0016021;GO:0009279;GO:0005618
Q8BNE1	GO:0010359;GO:0044325;GO:1901529;GO:0030336;GO:0005886;GO:0090314
A4W5A7	GO:0003677;GO:0006351;GO:0032549;GO:0003899
E0CZ16	GO:0006511;GO:0016567;GO:0070936;GO:0072156;GO:0050801;GO:0003779;GO:0031463;GO:0005856;GO:0070294;GO:0003824;GO:0005829;GO:0097602
Q9LV35	GO:0030836;GO:0051015;GO:0030042;GO:0005829;GO:0080008;GO:0030864
A5IL06	GO:0008880;GO:0006064
Q8RG42	GO:0004386;GO:0008186;GO:0005524;GO:0003723;GO:0006353
Q96F44	GO:0016567;GO:0008134;GO:0045892;GO:0019904;GO:0046597;GO:0061630;GO:0005654;GO:0032897;GO:0005737;GO:0051607;GO:1902187;GO:0008270;GO:0050768;GO:0005829;GO:0045087;GO:0046598;GO:0010468
Q8G481	GO:0051539;GO:0002935;GO:0070040;GO:0000049;GO:0005737;GO:0046872;GO:0019843;GO:0070475
Q826D9	GO:0008878;GO:0005524;GO:0005978
Q9NSC2	GO:0060173;GO:0007507;GO:0003281;GO:0072092;GO:0005634;GO:0000981;GO:0031129;GO:0072073;GO:0005654;GO:0005737;GO:0000122;GO:0021889;GO:0008013;GO:0045893;GO:0000978;GO:0042733;GO:0006357;GO:0048566;GO:0001658;GO:0001822;GO:0008406;GO:0000976;GO:0001227;GO:0021553;GO:0010369;GO:0030177;GO:0061034;GO:0045944;GO:0045892;GO:0021983;GO:0003337;GO:0035019;GO:0001657;GO:0000792;GO:0046872;GO:0030325
Q5REG1	GO:0015030;GO:0030624;GO:0000387;GO:0005634;GO:0042393;GO:0006334;GO:0005654;GO:0005737;GO:0017070;GO:0016607;GO:0000398;GO:1903586;GO:0000244
A2VDQ7	GO:0000978;GO:0006357;GO:0005634;GO:0000981;GO:0046872
A0PVZ1	GO:0010125;GO:0000287;GO:0102710;GO:0008375
C3MBD2	GO:0006097;GO:0004474;GO:0006099;GO:0005737;GO:0046872
P92186	GO:0070883;GO:0040034;GO:0005634;GO:1990715;GO:0001708;GO:0003729;GO:0007549;GO:0070878;GO:0005737;GO:0042659;GO:0007275;GO:2000635;GO:0008270;GO:0031054;GO:0003730;GO:0019899
P57208	GO:0019521;GO:0006098;GO:0050661;GO:0004616
Q85WU2	GO:0015031;GO:0009706;GO:0016021
Q9FE59	GO:0005801;GO:0005985;GO:0008515;GO:0008506;GO:0005886;GO:0016020;GO:0009705;GO:0005887;GO:0005773
Q7MI40	GO:0008973;GO:0006015;GO:0005737;GO:0043094;GO:0030145;GO:0000287;GO:0009264
Q6GMG5	GO:0005634;GO:0006183;GO:0003938;GO:0001654;GO:0005737;GO:0000166;GO:0046872;GO:0048066;GO:0006177
Q2QZ80	GO:0046274;GO:0005507;GO:0016491;GO:0048046;GO:0052716
P16067	GO:0042802;GO:0060348;GO:0007165;GO:0097011;GO:0005525;GO:1900194;GO:0019934;GO:0005886;GO:0016941;GO:0005524;GO:0006182;GO:0010753;GO:0005887;GO:0017046;GO:0001503;GO:0004672;GO:0042562;GO:0007168;GO:0051447;GO:0001653;GO:0004383;GO:0022414
B5EN68	GO:0005886;GO:0048038;GO:0051287;GO:0050136
Q2SWQ8	GO:0006457;GO:0051301;GO:0007049;GO:0005737;GO:0003755;GO:0015031
Q1L8G6	GO:0006511;GO:0032436;GO:0046872;GO:0061630;GO:0005737;GO:0031624;GO:0000209;GO:0000151
Q96QP1	GO:0005524;GO:0043123;GO:0045087;GO:0005829;GO:0004674;GO:0048029;GO:0002753
Q8XYE3	GO:0003677;GO:0005576;GO:0042025
A8FKR3	GO:0003677;GO:0006351;GO:0032549;GO:0003899
A8MCK2	GO:0004642;GO:0005737;GO:0005524;GO:0006189;GO:0000287
Q6CR42	GO:0002128;GO:0005737;GO:0016300
Q6J3P1	GO:0039694;GO:0046872;GO:0003725;GO:0039502;GO:0042025;GO:0019031;GO:0039564;GO:0004483;GO:0075512;GO:0003724;GO:0019062;GO:0005198;GO:0005525;GO:0003968;GO:0039654;GO:0005576;GO:0055036;GO:0046983;GO:0044220;GO:0004482;GO:0044167;GO:0005524;GO:0016021;GO:0039520;GO:0019028;GO:0004252
B7Z6K7	GO:0000978;GO:0006357;GO:0005634;GO:0001228;GO:0046872
A8WVM4	GO:0032794;GO:0005085;GO:0051223;GO:0007165;GO:0030136;GO:0016020;GO:0005829;GO:0006897;GO:0005096
P37900	GO:0006457;GO:0051082;GO:0005524;GO:0005739
Q7TTX1	GO:0042026;GO:0005737;GO:0051082;GO:0005524
Q2LT20	GO:0005198;GO:0071973;GO:0009428;GO:0030288
B5Z123	GO:0030170;GO:0019264;GO:0005737;GO:0004372;GO:0035999
Q2GJ36	GO:0006419;GO:0000049;GO:0005737;GO:0004813;GO:0005524;GO:0008270
Q64K35	GO:0009405;GO:0005576;GO:0004252
A8EZT5	GO:0006281;GO:0046872;GO:0003911;GO:0006260
D7DQH5	GO:0031119;GO:0106029;GO:0000049
Q2G5G2	
B3LP64	GO:0044208;GO:0004019;GO:0005737;GO:0005525;GO:0000287
B0BT63	GO:0003677;GO:0004386;GO:0005524;GO:0006355
P75080	GO:0008408;GO:0003677;GO:0003887;GO:0005737;GO:0006261
Q88UH9	
Q3MG27	GO:0051539;GO:0046429;GO:0019288;GO:0005506;GO:0016114
Q9FZL4	GO:0009247;GO:0046509;GO:0031969
Q7MA35	GO:0006457;GO:0051082;GO:0005524
Q85433	GO:0039617;GO:0030430
Q5BJ90	GO:0000466;GO:0000463;GO:0005730;GO:0043021;GO:0005654;GO:0051726;GO:0030687;GO:0070545
Q9P219	GO:0042802;GO:0005085;GO:0001932;GO:0005813;GO:0003383;GO:0007264;GO:0008017;GO:0030054;GO:0030165;GO:0030705;GO:0031122;GO:0031648;GO:0001965;GO:0043621;GO:0051959;GO:0005737;GO:0031098;GO:0090090;GO:0035567;GO:0005109
Q9Z7Y3	GO:0006420;GO:0005737;GO:0004814;GO:0005524
B4U8T6	GO:0042026;GO:0005737;GO:0051082;GO:0005524
A8EZY3	GO:0004828;GO:0016260;GO:0097056;GO:0006434;GO:0005737;GO:0005524
P12834	GO:0042026;GO:0005737;GO:0051082;GO:0005524
Q3U133	GO:0003700;GO:0000978;GO:0046872;GO:0000976;GO:0006357;GO:0045892;GO:0001227;GO:0000790;GO:0005737;GO:0000122;GO:1901216;GO:0031625;GO:0045944
B7GKC8	GO:0006457;GO:0051082;GO:0005524
C0Q2S6	GO:0051539;GO:0016830;GO:0009229;GO:0009228;GO:0008270
Q5U247	GO:0000145;GO:0030426;GO:0006887;GO:0048471;GO:0015031
Q1IRZ2	GO:0042744;GO:0004096;GO:0046872;GO:0006979;GO:0020037
Q8N271	GO:0071914;GO:0070062;GO:0015485;GO:0016324;GO:0042995;GO:0043087;GO:0031346;GO:0009986;GO:0001934;GO:0031528;GO:2001287;GO:0005929;GO:0048550;GO:0005902;GO:0031410;GO:0016323;GO:0005887;GO:0044393;GO:0060170
Q6TUI4	GO:0004530;GO:0090501;GO:0070578;GO:0030422;GO:0016442;GO:0046872;GO:0005634;GO:0030423;GO:0005737;GO:0004386;GO:0005524;GO:0031054;GO:0003723;GO:0006309;GO:0048471;GO:0004525
Q3AKK1	GO:0004373;GO:0009011;GO:0033201;GO:0005978
A1Z9L3	GO:0005681;GO:0000390;GO:0071011;GO:0005634;GO:0003724;GO:0048477;GO:0030261;GO:0000398;GO:0005524;GO:0003723;GO:0000381;GO:0007419;GO:0071013;GO:0006325
P0DTV2	GO:0008289;GO:0008203;GO:0034364;GO:0006869;GO:0042157
P91599	GO:0003676;GO:0001708;GO:0005737;GO:0007275;GO:0008270
Q55462	GO:0016887;GO:0005886;GO:0005524;GO:0015112
Q25AG2	GO:0004674;GO:0030246;GO:0005524;GO:0016021
B1JJF1	GO:0003684;GO:0030983;GO:0005524;GO:0006298
P22503	GO:0009835;GO:0030245;GO:0008810
Q7N2D9	GO:1905887;GO:0016887;GO:0042626;GO:0005886;GO:0005524;GO:0016021
Q554D9	GO:0004816;GO:0006421;GO:0045335;GO:0003676;GO:0005524
A6L6X5	GO:0019464;GO:0008483;GO:0004047
Q02963	GO:0039694;GO:0006351;GO:0018144;GO:0005198;GO:0004197;GO:0003968;GO:0008236;GO:0004386;GO:0005524;GO:0003723;GO:0019029
Q90922	GO:0005576;GO:0005604;GO:0008045;GO:0042100;GO:0032488;GO:0045773;GO:0071944;GO:0016358;GO:0009887;GO:0005125;GO:0009888;GO:0002456;GO:0005737;GO:0006930;GO:0007265;GO:0019724;GO:2000147
Q9VUK5	GO:0004984;GO:0007165;GO:0032590;GO:0005886;GO:0016021;GO:0050911;GO:0005549
B1I4K2	
P40136	GO:0005576;GO:0006171;GO:0008237;GO:0005516;GO:0090729;GO:0009405;GO:0008294;GO:0099004;GO:0005524;GO:0046872;GO:1902494;GO:0004016
Q9KS12	GO:0031640;GO:0016874;GO:0004197;GO:0090527;GO:0044164;GO:0016540;GO:0005576;GO:0019836;GO:0018262;GO:0090729;GO:0016020;GO:0005524;GO:0030042;GO:0000822;GO:0005509;GO:0008289;GO:0016881;GO:0008234;GO:0020002;GO:0009405;GO:0000287;GO:0018153
A0AUJ5	GO:0039694;GO:0006351;GO:0018144;GO:0005198;GO:0004197;GO:0003968;GO:0008236;GO:0004386;GO:0005524;GO:0046872;GO:0003723;GO:0051213;GO:0019029
P43449	GO:0000079;GO:0044772;GO:0051301;GO:0005634;GO:0044843;GO:0005654;GO:0005737;GO:0097124;GO:0000086;GO:0000307;GO:0016538
Q7Z203	GO:0005634;GO:0030246;GO:0043157;GO:0005737;GO:0016020;GO:0007275
Q6MJ13	GO:0003924;GO:0003746;GO:0005737;GO:0005525
Q07441	GO:0038023;GO:0008305;GO:0007229;GO:0007155
A0A0L0P4F8	GO:0003917;GO:0006357;GO:0005730;GO:0006265;GO:0007097;GO:0000019;GO:0000183;GO:0005654;GO:0003677;GO:0006368;GO:0007076;GO:0031298;GO:0005829;GO:0009303;GO:0006271
Q7Z991	GO:0006357;GO:0030014;GO:0030015;GO:0005634;GO:0016887;GO:0006368;GO:0005524;GO:0005829;GO:0006367;GO:0000289
Q2TFN9	GO:0005737;GO:0005524
B8FGS3	GO:0006457;GO:0051082;GO:0005524
D4AZ75	GO:0009405;GO:0005576;GO:0004252
B2RKW6	GO:0015940;GO:0005737;GO:0004592;GO:0005524
Q9HBT8	GO:0000978;GO:0006357;GO:0005634;GO:0000981;GO:0046872
A6YPJ8	GO:0022627;GO:0003735;GO:0006412
O94534	GO:0031122;GO:0030951;GO:0051301;GO:1990571;GO:0005634;GO:0000922;GO:0051315;GO:1990498;GO:0005816;GO:0099070;GO:0070850;GO:0046785;GO:1904511;GO:0000022;GO:0007052;GO:0005881;GO:0090307;GO:0005829;GO:0015630;GO:0000942;GO:0071963;GO:0051010;GO:0008017;GO:0140210;GO:0051417;GO:0072686;GO:0044732;GO:0061863;GO:0000776
Q6LA42	GO:0000160;GO:0048511;GO:0005634
O69015	GO:0009088;GO:0005524;GO:0004413
Q8X8Y1	GO:0019288;GO:0070402;GO:0030604;GO:0046872;GO:0016114
Q46AN2	GO:0051539;GO:0016830;GO:0009229;GO:0009228;GO:0008270
A7E2Y1	GO:0032982;GO:0016020;GO:0005524;GO:0051015;GO:0003774;GO:0016459
Q7MUV9	GO:0006094;GO:0006096;GO:0005737;GO:0004347
Q68FS2	GO:0000338;GO:0008021;GO:0008180;GO:0005829
Q66K79	GO:0016055;GO:0006508;GO:0006518;GO:0004181;GO:0016485;GO:0008270;GO:0005615
Q0V8R5	GO:0030595;GO:0005634;GO:0005125;GO:0042609;GO:0005737;GO:0005615;GO:0050930
Q1M589	GO:0015430;GO:0016887;GO:0001407;GO:0005524;GO:0043190;GO:0008643
Q9HLJ0	GO:0019556;GO:0019557;GO:0005737;GO:0050480;GO:0008270;GO:0005506
O35286	GO:0005681;GO:0003725;GO:0006397;GO:0005730;GO:0043279;GO:0005689;GO:0003724;GO:0008380;GO:0016607;GO:0005524;GO:0071008;GO:0003723;GO:0009636
P94523	GO:0005829;GO:0008733;GO:0030145;GO:0019569
P54296	GO:0006936;GO:0032982;GO:0005739;GO:0002074;GO:0030017;GO:0031430;GO:0051015;GO:0008307;GO:0019900
A1S2G0	GO:0008360;GO:0009252;GO:0007049;GO:0051301;GO:0071555;GO:0005737;GO:0008763;GO:0005524
Q2IIA8	GO:0006260;GO:0008408;GO:0003887;GO:0005737;GO:0006281
F4I4B6	GO:0008104;GO:0000145;GO:0006887;GO:0006893
Q8BLN6	GO:0005261;GO:0055080;GO:0030424;GO:0034703
A9L1H8	GO:0042744;GO:0004096;GO:0046872;GO:0006979;GO:0020037
Q2TB10	GO:0003677;GO:0005634;GO:0046872
Q7N5W3	GO:0006400;GO:0016705
P75556	GO:0016021
A6VFU3	GO:0000287;GO:0000162;GO:0004048
Q5EA83	GO:0030170;GO:0001694;GO:0006548;GO:0016831;GO:0005737;GO:0042423;GO:0004398
Q5BK48	GO:0003682;GO:0005634;GO:0003677;GO:0005654;GO:0005737;GO:0006281;GO:0045944
B8NDS8	GO:0042626;GO:0005886;GO:0005524;GO:0016021
B5DF41	GO:0017075;GO:0008017;GO:0042734;GO:0030182;GO:0007420;GO:0005739;GO:0043025;GO:0005737;GO:0005886;GO:0005881;GO:0016021;GO:0031966;GO:0043005
C4K7B5	GO:0006412;GO:0016740;GO:0003735;GO:0019843;GO:0015934
P0CR52	GO:0005681;GO:0000386;GO:0008380;GO:0000398;GO:0046872;GO:0030628
Q20EX6	GO:0015979;GO:0009055;GO:0009535;GO:0005506;GO:0031361;GO:0020037
A4R0Q1	GO:0000466;GO:0000463;GO:0005730;GO:0043021;GO:0005654;GO:0030687
Q08DG8	GO:0000978;GO:0046872;GO:0006357;GO:0005634;GO:0000981;GO:0022604;GO:0007010
P07810	GO:0003924;GO:0003746;GO:0005737;GO:0005525
Q6ZQK0	GO:0000777;GO:0000779;GO:0000799;GO:0003682;GO:0042585;GO:0000796;GO:0042393;GO:0051301;GO:0051304;GO:0000793;GO:0051307;GO:0005654;GO:0007076;GO:0010032;GO:0035064;GO:0031618
A1TEE4	GO:0006096;GO:0005576;GO:0009986;GO:0000015;GO:0004634;GO:0000287
P51021	GO:0005778;GO:0046872;GO:0016021
Q73Q16	GO:0006457;GO:0051082;GO:0005524
B4GEU5	GO:0060213;GO:0043186;GO:0006342;GO:0007283;GO:0003676;GO:0005634;GO:0008298;GO:0030423;GO:0030720;GO:0046843;GO:0000335;GO:0030717;GO:0003724;GO:0007076;GO:0007294;GO:0001556;GO:0009949;GO:0009951;GO:0005524;GO:0007317
A1CL96	GO:0004693;GO:0005634;GO:0008353;GO:0005524;GO:0046872
B2USA0	GO:0051539;GO:0006400;GO:0035596;GO:0005737;GO:0046872
Q42616	GO:0008289;GO:0006869
A1B495	GO:0005886;GO:0048038;GO:0051287;GO:0050136
Q01886	GO:0009403;GO:0016881;GO:0031177
B3ERN3	GO:0000049;GO:0005737;GO:0005524;GO:0004826;GO:0000287;GO:0006432
Q3B7N9	GO:0000978;GO:0006357;GO:0001227;GO:0005654;GO:0046872
O08658	GO:0000278;GO:0006406;GO:0005654;GO:0000056;GO:0006606;GO:0000055;GO:0005643;GO:0006611;GO:0017056
Q1QEM6	GO:0051539;GO:0016830;GO:0009229;GO:0009228;GO:0008270
P26019	GO:0003697;GO:0005658;GO:0003682;GO:0045004;GO:0046872;GO:0051539;GO:0008296;GO:0005634;GO:0016895;GO:0006272;GO:0017076;GO:0003887;GO:0006273;GO:1902975;GO:0003688;GO:0019103;GO:0006261
Q6ZJX0	GO:0031519;GO:0070734;GO:0006342;GO:0010231;GO:0009960;GO:0035098;GO:0000122;GO:0090696;GO:0030154;GO:0005677
P80227	GO:0042802;GO:0008242;GO:0031965;GO:0005829;GO:0050435;GO:0004252
P42789	GO:0008237;GO:0046872
Q5WEJ6	GO:0000049;GO:0005737;GO:0005524;GO:0004826;GO:0000287;GO:0006432
A6SZM5	GO:0006541;GO:0003922;GO:0005524;GO:0016462
Q43644	GO:0051539;GO:0042773;GO:0005743;GO:0051537;GO:0070469;GO:0046872;GO:0008137;GO:0009055
F1CKJ1	GO:0000287;GO:0009507;GO:0010333
O43143	GO:0005681;GO:0003725;GO:0005634;GO:0006397;GO:0005730;GO:0043279;GO:0005689;GO:0003724;GO:0005654;GO:0008380;GO:0016607;GO:0005524;GO:0000398;GO:0003723;GO:0009636
C1AXZ2	GO:0009039;GO:0005737;GO:0016151;GO:0043419
B8I305	GO:0006457;GO:0051082;GO:0005524
Q5R488	GO:0005737;GO:0016020;GO:0016309;GO:0005524
Q9UJN7	GO:0006357;GO:0001227;GO:0000790;GO:0000981;GO:0000122;GO:0046872;GO:0000977
P13709	GO:0007362;GO:0045892;GO:0048813;GO:0005634;GO:0032968;GO:0016021
Q89LB1	GO:0006457;GO:0051082;GO:0009408;GO:1990220;GO:0051085;GO:0005524;GO:0042026
B1XJ47	GO:0006007;GO:0006096;GO:0005737;GO:0030145;GO:0046537
Q21XI6	GO:0004834
Q38ZF1	GO:0008880;GO:0006064
P26039	GO:0033622;GO:0005925;GO:0030866;GO:0032587;GO:0005178;GO:0098609;GO:0005912;GO:0035091;GO:0001786;GO:0001726;GO:0005737;GO:0005856;GO:0005886;GO:0005200;GO:0007229;GO:0009986;GO:0017166;GO:0030274;GO:0007044;GO:0051015
Q9R1V7	GO:0005576;GO:0004222;GO:0007155;GO:1990830;GO:0099056
P9WFU0	GO:0000049;GO:0005737;GO:0005524;GO:0004826;GO:0000287;GO:0006432
B3N7L9	GO:0032447;GO:0000049;GO:0002098;GO:0005829;GO:0016779;GO:0034227
Q7W513	GO:0005737;GO:0006741;GO:0019674;GO:0005524;GO:0046872;GO:0003951
Q3V3N7	GO:0005813;GO:0001103;GO:0021756;GO:0007601;GO:0044255;GO:0045494;GO:0048854;GO:0034451;GO:0005102;GO:0005929;GO:0031514;GO:0042445;GO:0005119;GO:0000226;GO:0060170;GO:0021766;GO:0001764;GO:0016358;GO:0007608;GO:0005930;GO:0035721;GO:0009566;GO:1905515;GO:0051216;GO:0021987;GO:0060296;GO:0008104;GO:0021591;GO:0042048;GO:0001895;GO:0045444;GO:0043001;GO:0051219;GO:0060271;GO:0034464;GO:0036064;GO:0008594;GO:0061351;GO:0061512;GO:0030534;GO:0005113
Q3A7G2	GO:0005737;GO:0009086;GO:0004414
Q83NA0	GO:0003924;GO:0003746;GO:0005737;GO:0005525
Q21313	GO:0005604;GO:0000003;GO:0005201;GO:0009408;GO:0009887;GO:0071711;GO:0007411;GO:0007414;GO:0010950;GO:0001764;GO:0040017;GO:0007155;GO:0009888;GO:0016477;GO:0051788;GO:0042127
Q81E30	GO:0006428;GO:0004822;GO:0002161;GO:0000049;GO:0005737;GO:0005524;GO:0008270
A5PJX7	GO:0089718;GO:0042165;GO:0005368;GO:0006836;GO:0010940;GO:0035725;GO:0005332;GO:0005886;GO:0043005;GO:0016323;GO:0005887
Q83L12	GO:1905887;GO:0042626;GO:0005886;GO:0005524;GO:0016021
P0CL88	GO:0004534;GO:0005634;GO:0006397;GO:0006364;GO:0008270;GO:0003723;GO:0000956;GO:0006353
P0CL89	GO:0004534;GO:0003676;GO:0005634;GO:0006397;GO:0006364;GO:0008270;GO:0006353
Q5G5C4	GO:0022627;GO:0003735;GO:0006412
Q9ZCE9	GO:0009002;GO:0008360;GO:0009252;GO:0046677;GO:0008955;GO:0016021;GO:0071555;GO:0005886;GO:0008658
Q8FB77	GO:0051539;GO:0016830;GO:0009229;GO:0009228;GO:0008270
Q5TM74	GO:0005739;GO:0006418;GO:0002161;GO:0004832;GO:0005524;GO:0005829;GO:0006438
O94671	GO:0009086;GO:0009088;GO:0050661;GO:0009097;GO:0009067;GO:0004412;GO:0009090
O60318	GO:0003682;GO:0016446;GO:0010484;GO:0070390;GO:0042393;GO:0003676;GO:0005634;GO:0034728;GO:0006406;GO:0005654;GO:0016973;GO:0005737;GO:0031965;GO:0005694;GO:0044615;GO:0004402;GO:0005829
Q9NQ11	GO:0006914;GO:0071294;GO:2000152;GO:1905037;GO:0007041;GO:1903543;GO:1905123;GO:1900180;GO:0016243;GO:0006882;GO:0010821;GO:0055088;GO:0030003;GO:0043202;GO:0005765;GO:1990938;GO:0006874;GO:1903135;GO:1904714;GO:1905103;GO:0043025;GO:0046777;GO:0005524;GO:0016021;GO:0080025;GO:0005770;GO:1905165;GO:0019829;GO:0000421;GO:0010628;GO:0061462;GO:0030133;GO:0071287;GO:0016241;GO:0033157;GO:0061909;GO:0016887;GO:0005764;GO:0032585;GO:0097734;GO:0005776;GO:0030145;GO:0043005;GO:1901215;GO:1902047;GO:0055069;GO:0050714;GO:0005771;GO:0052548;GO:0031982;GO:0006879;GO:0070300;GO:1905166;GO:1903146;GO:0012506;GO:1903710;GO:0034599;GO:0008270;GO:0034220
F0ZBA6	GO:0006914;GO:0006909;GO:0016485;GO:0044671;GO:0044351;GO:0005783;GO:0007219;GO:0005887
Q6UDJ2	GO:0005524;GO:0019046;GO:0004748;GO:0006260
P69204	GO:0042026;GO:0005737;GO:0051082;GO:0005524
Q8GUJ1	GO:0015790;GO:0022857;GO:0005464;GO:0000139;GO:0005338;GO:0005794;GO:0015297;GO:0016021;GO:0008643
B2T2Y6	GO:0019556;GO:0019557;GO:0005737;GO:0050480;GO:0008270;GO:0005506
Q01202	GO:0030016;GO:0003774;GO:0016459;GO:0032982
Q886M3	GO:0006096;GO:0005576;GO:0009986;GO:0000015;GO:0004634;GO:0000287
A6GX95	GO:0009317;GO:0016743;GO:0003989;GO:0006633;GO:0005524;GO:2001295
Q8GXA4	GO:0031965;GO:0006997;GO:0005635;GO:0016021;GO:0046982;GO:0009504
Q8KA73	GO:0016787;GO:0046872
Q7V3M9	GO:0006527;GO:0008792;GO:0008295;GO:0046872
Q5DTX6	GO:0030054;GO:0090050;GO:0043410;GO:0032587;GO:0005912;GO:0007155;GO:1900748;GO:1903672;GO:0005911;GO:0048471;GO:1903589
A4WCF6	GO:0046872;GO:0000049;GO:0005737;GO:0005524;GO:0006431;GO:0004825
Q8TFZ1	GO:0004534;GO:0005634;GO:0006397;GO:0006364;GO:0008270;GO:0003723;GO:0000956;GO:0006353
Q91VF6	GO:0031012;GO:0005794;GO:0005783;GO:0010811;GO:0005581
Q57VU6	GO:0000002;GO:0007005;GO:0005739;GO:0006281;GO:0006310;GO:0020023
B7VJH7	GO:0005525;GO:0003924;GO:0005737;GO:0003743
S3DQP3	GO:0016874;GO:0031177
P05186	GO:0004035;GO:0032496;GO:0016462;GO:0051384;GO:0001958;GO:0005576;GO:0071529;GO:0031012;GO:0005886;GO:0016020;GO:0016311;GO:0001501;GO:0070062;GO:0046677;GO:0001649;GO:0033280;GO:0065010;GO:0031225;GO:0071407;GO:0003006;GO:0046872
Q4R9E9	
Q8GWW8	GO:0031072;GO:0046872;GO:0051082;GO:0005739;GO:0009408;GO:0010198;GO:0005737;GO:0000740;GO:0009558;GO:0051085;GO:0005524;GO:0010197;GO:0042026;GO:0009553
A2XN40	GO:0004721;GO:0046872;GO:0005737
Q62931	GO:0042147;GO:0031201;GO:0048209;GO:0005801;GO:0015031;GO:0005484;GO:0000139;GO:0006906;GO:0005794;GO:0016021;GO:0005829;GO:0006888;GO:0005797
Q1QZS5	GO:0032259;GO:0009086;GO:0003871;GO:0008270
Q2KXN6	GO:0004141;GO:0102130;GO:0016787;GO:0032259;GO:0005737;GO:0005524;GO:0000287;GO:0009102
Q5ICW4	GO:0007165;GO:0010008
Q9Y6C5	GO:0008158;GO:0097108;GO:0009957;GO:0007224;GO:0042633;GO:0001558;GO:0043588;GO:0045606;GO:0005886;GO:0016021;GO:0001709;GO:0005119;GO:0045879
P40171	GO:0006457;GO:0051082;GO:0009408;GO:1990220;GO:0051085;GO:0005524;GO:0042026
P08355	GO:0020002;GO:0044175;GO:0055036;GO:0019031;GO:0046718;GO:0016021;GO:0044178;GO:0019062
C0ZRJ1	GO:0005524;GO:0004639;GO:0006189
Q1IW59	GO:0042026;GO:0005737;GO:0051082;GO:0005524
A1JMA4	GO:0050418;GO:0005737;GO:0051537;GO:0046872
Q86H28	GO:0005759;GO:0005739;GO:0071949;GO:0010133;GO:0004657
C8ZCR2	GO:0016887;GO:0042626;GO:0005524;GO:0016021
P0CE70	GO:0016887;GO:0042626;GO:0005524;GO:0016021
A2QA27	GO:0045493;GO:0005576;GO:0009044
A9ML47	GO:0004357;GO:0005524;GO:0042398
Q1I0U8	
Q9Y8T0	GO:0004049;GO:0000162;GO:0046872
Q4WLW7	GO:0004497;GO:0071949;GO:0044550;GO:0005737
Q84JZ8	GO:0003700;GO:0005634;GO:0006355;GO:0007275;GO:0046872
P23989	GO:0009341;GO:0004565;GO:0030246;GO:0005975
Q9ERU9	GO:0005739;GO:0005634;GO:0006111;GO:0033133;GO:0005642;GO:0005737;GO:0051642;GO:0044615;GO:0003723;GO:0016925;GO:0044614;GO:0043547;GO:0006457;GO:0019789;GO:1990723;GO:0031965;GO:0042405;GO:0005635;GO:0005643;GO:0003755;GO:0051028;GO:0008536;GO:0006607;GO:0044877;GO:0046872;GO:0001975
B1I8R3	GO:0003677;GO:0006351;GO:0008270;GO:0003899;GO:0000287
P98061	GO:0018996;GO:0005576;GO:0004222;GO:0008270
Q7Z7G8	GO:0015031
Q5U374	GO:0048208;GO:0016055;GO:0060028;GO:0031463;GO:0014029;GO:0014032;GO:0000139;GO:0030127;GO:0030134;GO:0006513;GO:0009952;GO:0006888
Q13017	GO:0003924;GO:0042169;GO:0007266;GO:0007155;GO:0005737;GO:0005886;GO:0030879;GO:0005783;GO:0051056;GO:0005525;GO:0005829;GO:0005096
P96706	GO:0005886;GO:0016021
O35709	GO:0016567;GO:0003779;GO:0016363;GO:0031463;GO:0000790;GO:0005634;GO:0005730;GO:0010499;GO:0005654;GO:0017148;GO:0005737;GO:0005856;GO:0043025;GO:0010976
Q8EUB4	GO:0005840;GO:0003735;GO:0019843;GO:0006412
Q28PJ0	GO:0019288;GO:0070402;GO:0030604;GO:0046872;GO:0016114
Q329G7	GO:0016887;GO:0005886;GO:0015611;GO:0005524
Q923J6	GO:0036156;GO:0005874;GO:0030286;GO:0003341;GO:0005858;GO:0005524;GO:0007018;GO:0008569;GO:0051959;GO:0045505
P05519	GO:0009405;GO:0090729;GO:0005102;GO:0030435
B7ISV9	GO:0008360;GO:0009252;GO:0000902;GO:0009103;GO:0006048;GO:0003977;GO:0071555;GO:0005737;GO:0000287;GO:0009245;GO:0019134
B8NJG5	GO:0003677;GO:0006351;GO:0005634;GO:0008270
A7GT67	GO:0006419;GO:0000049;GO:0005737;GO:0004813;GO:0005524;GO:0008270
Q5RAZ4	GO:0003676;GO:0006397;GO:0005730;GO:0003724;GO:0008380;GO:0005524
Q5J6J2	GO:0009405;GO:0005886;GO:0031225;GO:0004185
C0MDC6	GO:0009380;GO:0009432;GO:0003677;GO:0006289;GO:0005737;GO:0009381;GO:0005524;GO:0004386
G3J455	GO:0016874;GO:0005524
O49397	GO:0048364;GO:0003700;GO:0009736;GO:0080022;GO:0009414;GO:0005634;GO:0000156;GO:0031537;GO:0080113;GO:0071368;GO:0048367;GO:0003677;GO:0009735;GO:0010082;GO:0010380;GO:0080036;GO:0010492
Q32PG1	GO:0008089;GO:0007283;GO:0048490;GO:0005739;GO:0030851;GO:0051138;GO:0003016;GO:0002244;GO:0032438;GO:0005794;GO:0090152;GO:0006882;GO:0050790;GO:0045202;GO:0048872;GO:1904115;GO:0016192;GO:0007338;GO:0048007;GO:0019903;GO:0034394;GO:0060425;GO:0007040;GO:0030665;GO:0000902;GO:0030742;GO:0098773;GO:0016182;GO:0006954;GO:0007596;GO:0030123;GO:0030131;GO:0006622;GO:0060155;GO:0042789
P61502	GO:0071793;GO:0004784;GO:0046872
B4EY26	GO:0009437;GO:0016836
Q7UM31	GO:0006457;GO:0051082;GO:0005524
P28826	GO:0042802;GO:0005576;GO:0006508;GO:0004222;GO:0006954;GO:0016020;GO:0008270;GO:1901998;GO:0017090;GO:0005887
B3DRD0	GO:0004823;GO:0006429;GO:0002161;GO:0005737;GO:0005524
B7HIL7	GO:0008360;GO:0009252;GO:0000902;GO:0009103;GO:0006048;GO:0003977;GO:0071555;GO:0005737;GO:0000287;GO:0009245;GO:0019134
B4U7S5	GO:0030170;GO:0019264;GO:0005737;GO:0004372;GO:0035999
Q9R0T8	GO:0016605;GO:0004704;GO:0034340;GO:0042802;GO:0008630;GO:0098586;GO:0018105;GO:0035456;GO:0005634;GO:0008384;GO:0005737;GO:0036435;GO:0043123;GO:0060340;GO:0005524;GO:0031625;GO:0031966;GO:0010884;GO:0004674;GO:0006468
Q9NQS3	GO:0042802;GO:0044291;GO:0007286;GO:0007156;GO:0050839;GO:0042803;GO:0005911;GO:1902414;GO:0030424;GO:0098686;GO:0034332;GO:0005912;GO:0005886;GO:0030425;GO:0009566;GO:0007157;GO:0061951;GO:0043296;GO:0099061;GO:0002089;GO:0060042
Q6F7C8	GO:0000049;GO:0006424;GO:0005737;GO:0005524;GO:0008270;GO:0004818
Q8TE58	GO:0004222;GO:0008201;GO:0031012;GO:0009986;GO:0050840;GO:0008270;GO:0005615;GO:0062023;GO:0030198
Q75A34	GO:0000790;GO:0019985;GO:0003677;GO:0005665;GO:0046872;GO:0003968;GO:0001055
Q9NPP4	GO:0032731;GO:0016045;GO:0042742;GO:0042802;GO:0042981;GO:0070269;GO:0042803;GO:0072557;GO:0043065;GO:0005524;GO:0005829;GO:0002218;GO:0051260;GO:0089720;GO:0006954;GO:0010954;GO:0061133;GO:0032611;GO:0006915;GO:0006919;GO:0097202;GO:0051092;GO:0000287;GO:0045087
E9Q173	
Q81258	GO:0039694;GO:0039502;GO:0042025;GO:0004197;GO:0019031;GO:0039645;GO:0075512;GO:0005198;GO:0003723;GO:0044186;GO:0044220;GO:0039707;GO:0005524;GO:0016021;GO:0039547;GO:0039545;GO:0005216;GO:0017124;GO:0003724;GO:0003968;GO:0039654;GO:0044385;GO:0020002;GO:0055036;GO:0051259;GO:0019087;GO:0019013;GO:0039563;GO:0044167;GO:0008270;GO:0039520;GO:0044191;GO:0019062;GO:0004252
P04933	GO:0009405;GO:0005886;GO:0031225
O24606	GO:0003700;GO:0042742;GO:0001666;GO:0000976;GO:0005634;GO:0010182;GO:0009723;GO:0009873;GO:0003677;GO:2000082;GO:0006355;GO:0019900
A5D2S3	GO:0003723;GO:0031119;GO:0106029
Q5QWQ9	GO:0030170;GO:0000105;GO:0004400
A7MWI6	GO:0006412;GO:0016740;GO:0003735;GO:0019843;GO:0015934
Q99M87	GO:0042981;GO:0045211;GO:0051082;GO:0007005;GO:0005739;GO:0005634;GO:0009408;GO:0019901;GO:0008285;GO:0030695;GO:0006469;GO:0031398;GO:0005737;GO:0000122;GO:0032088;GO:0043066;GO:0034341;GO:0051059;GO:0007264;GO:0043124;GO:0043065;GO:0006924;GO:0005886;GO:0007528;GO:0006264;GO:0005524;GO:0031594;GO:0050821;GO:0005829;GO:0043231;GO:0006457;GO:0005759;GO:0008134;GO:0019897;GO:0060336;GO:0007569;GO:0106137;GO:0043069;GO:0043154;GO:0030544;GO:0006915;GO:0033077;GO:0042645;GO:0006919;GO:0030971;GO:0044877;GO:0005884;GO:0042102;GO:0046872;GO:0005133;GO:0071340
Q2JXQ9	GO:0019288;GO:0070402;GO:0030604;GO:0046872;GO:0016114
A2ANX9	GO:0003700;GO:0000978;GO:0006357;GO:0000790;GO:0005634;GO:0043565;GO:0046872;GO:0045893
Q6LG35	GO:0050418;GO:0005737;GO:0051537;GO:0046872
O08522	GO:0005801;GO:0005484;GO:0000139;GO:0016021;GO:0000138;GO:0006888;GO:0006891;GO:0015031
C1DSR1	GO:0003684;GO:0030983;GO:0005524;GO:0006298
E9EYB5	GO:0046872;GO:0005774;GO:0008237;GO:0016021
A7XGN8	GO:0002238;GO:0006952;GO:0009620;GO:0005524;GO:0043531
Q4JT40	GO:0003924;GO:0003746;GO:0005737;GO:0005525
Q1RI08	GO:0003678;GO:1990077;GO:0003677;GO:0005524;GO:0006269;GO:0006268;GO:0008270
P45568	GO:0042802;GO:0051484;GO:0019288;GO:0070402;GO:0030604;GO:0030145
Q7VBS7	GO:0051539;GO:0046429;GO:0019288;GO:0005506;GO:0016114
A3D0Y7	GO:0042744;GO:0004096;GO:0046872;GO:0006979;GO:0020037
A0A1L9WR63	GO:0008152;GO:0016874;GO:0031177
C9ZN16	GO:0031514
P0CO52	GO:0019805;GO:0019441;GO:0030170;GO:0034354;GO:0030429;GO:0097053;GO:0005737;GO:0043420
A7MFI9	GO:0006457;GO:0051301;GO:0007049;GO:0005737;GO:0003755;GO:0015031
A3MUZ0	GO:0004340;GO:0006006;GO:0005524
Q03945	GO:0009405;GO:0020002;GO:0005576;GO:0016021
P0A5L7	GO:0004359;GO:0003952;GO:0008795;GO:0005737;GO:0005524;GO:0009435
B4TQK4	GO:0051539;GO:0016830;GO:0009229;GO:0009228;GO:0008270
Q03N64	GO:0003924;GO:0006400;GO:0005737;GO:0046872;GO:0005525
I1TEM1	GO:0004497;GO:0005789;GO:0009820;GO:0016705;GO:0005506;GO:0016021;GO:0020037
C3N4K5	GO:0051539;GO:0016830;GO:0009229;GO:0009228;GO:0008270
P27967	GO:0006809;GO:0050464;GO:0030151;GO:0042128;GO:0043546;GO:0071949;GO:0009703;GO:0020037
Q9FDY4	GO:0042742;GO:0001666;GO:0009625;GO:0005634;GO:0009408;GO:0010112;GO:0106167;GO:0009682;GO:0050832;GO:2000031;GO:0005737;GO:0009611;GO:2000022;GO:0009862;GO:0031348;GO:0045893;GO:0080027
B0R7I0	GO:0006419;GO:0000049;GO:0005737;GO:0004813;GO:0005524;GO:0008270
Q9AHY3	GO:0004165;GO:0006635;GO:0003857;GO:0004300;GO:0008692;GO:0036125
Q9ZCF4	GO:0047780;GO:0003994;GO:0051539;GO:0006099;GO:0003729;GO:0047456;GO:0046872;GO:0003730;GO:0019679
B0XPA2	GO:0005576;GO:0000272;GO:0030246;GO:0102210;GO:0071555
Q5E3I7	GO:0009014;GO:0009089;GO:0050897;GO:0008270;GO:0019877
Q8FM78	GO:0006457;GO:0051082;GO:0005524
Q2UCP5	GO:0043144;GO:0004534;GO:0071035;GO:0030847;GO:0005634;GO:0051984;GO:0006397;GO:1901408;GO:0000448;GO:0030846;GO:0071028;GO:0008270;GO:0034428;GO:0034244;GO:0019843
O94264	GO:0006378;GO:0003676;GO:0005634;GO:0005847;GO:0061630;GO:0006379;GO:0008270
Q14112	GO:0005509;GO:0005576;GO:0005518;GO:0005201;GO:0005604;GO:0070062;GO:0007160;GO:0007155;GO:0005886;GO:0071711;GO:0005615;GO:0062023;GO:0030198
Q3K795	GO:0008616;GO:0016740;GO:0005737;GO:0016853
Q63HK5	GO:0003682;GO:0006357;GO:0045892;GO:0051968;GO:0000790;GO:0000981;GO:0002087;GO:0005634;GO:0030426;GO:0003677;GO:0005654;GO:0005886;GO:0007275;GO:0046872;GO:0060291
A6TFK0	GO:0004457;GO:0010181;GO:0005886;GO:0019516
A4Y7B1	GO:0009014;GO:0009089;GO:0050897;GO:0008270;GO:0019877
A8MJJ7	GO:0042026;GO:0005737;GO:0051082;GO:0005524
A0A455R5P9	GO:0016787;GO:0006633;GO:0004315;GO:0016114
B8DFU3	GO:0006400;GO:0016705
Q8G4D8	GO:0004823;GO:0006429;GO:0002161;GO:0005737;GO:0005524
C3MB60	GO:0004823;GO:0006429;GO:0002161;GO:0005737;GO:0005524
Q3AQP5	GO:0006457;GO:0031072;GO:0051082;GO:0006260;GO:0009408;GO:0005737;GO:0008270;GO:0005524
B7J0T6	GO:0019547;GO:0005737;GO:0004585;GO:0016597;GO:0019546
P26209	GO:0042026;GO:0005737;GO:0051082;GO:0005524
Q5E9E1	GO:0046872;GO:0005667;GO:0003713;GO:0005856;GO:0030018;GO:0006355
A9I0K4	GO:0003991;GO:0005737;GO:0042450;GO:0005524
Q5U584	GO:0017112;GO:0035556
Q99952	GO:0005634;GO:0038128;GO:0004726;GO:0004725;GO:0071345;GO:0005654;GO:0006470;GO:0005737;GO:0005829;GO:0035335;GO:1901185;GO:0001825
Q4L6T0	GO:0006457;GO:0051082;GO:0005524
Q2YHF0	GO:0039694;GO:0003725;GO:0039502;GO:0042025;GO:0019031;GO:0039564;GO:0004483;GO:0075512;GO:0005198;GO:0005576;GO:0044220;GO:0004482;GO:0039707;GO:0005524;GO:0016021;GO:0030683;GO:0019028;GO:0039545;GO:0005216;GO:0003724;GO:0033650;GO:0003968;GO:0039654;GO:0044385;GO:0039574;GO:0055036;GO:0051259;GO:0046983;GO:0044167;GO:0046872;GO:0039520;GO:0019062;GO:0004252
G3MWR8	GO:0005819;GO:0046872;GO:0003779;GO:0017137;GO:0042995;GO:0005634;GO:0030496;GO:0055114;GO:0006887;GO:0071949;GO:0005938;GO:0007010;GO:0030042;GO:0016709
Q16850	GO:0004497;GO:0045540;GO:0050709;GO:0006695;GO:1900222;GO:0005789;GO:0055114;GO:0016125;GO:0016021;GO:0016491;GO:0042177;GO:0016020;GO:0005783;GO:0005506;GO:0006694;GO:0008398;GO:0020037
P19551	GO:0019012;GO:0019082;GO:0019064;GO:0020002;GO:0044175;GO:0039654;GO:0055036;GO:0019031;GO:0075512;GO:0002223;GO:0090527;GO:1903905;GO:1903908;GO:0016021;GO:0005198;GO:0030683;GO:0019062;GO:1903911
Q913D4	GO:0039694;GO:0039502;GO:0042025;GO:0004197;GO:0019031;GO:0039645;GO:0075512;GO:0005198;GO:0003723;GO:0044186;GO:0044220;GO:0039707;GO:0005524;GO:0016021;GO:0039547;GO:0039545;GO:0005216;GO:0017124;GO:0003724;GO:0003968;GO:0039654;GO:0044385;GO:0020002;GO:0055036;GO:0051259;GO:0019087;GO:0019013;GO:0039563;GO:0044167;GO:0008270;GO:0039520;GO:0044191;GO:0019062;GO:0004252
P26507	GO:0065003;GO:0009399;GO:0016163;GO:0046872
O65251	GO:0017108;GO:0005739;GO:0006260;GO:0005730;GO:0043137;GO:0003677;GO:0005654;GO:0000287;GO:0048256;GO:0006284;GO:0008409
Q2SSW4	GO:0006419;GO:0000049;GO:0005737;GO:0004813;GO:0005524;GO:0008270
Q22307	GO:0050684;GO:0003725;GO:0051301;GO:0005634;GO:0007281;GO:0005654;GO:0005737;GO:0003723;GO:0005815;GO:0006260;GO:0043138;GO:0005524;GO:0031047;GO:0003690;GO:0007049;GO:0006397;GO:0005730;GO:0003724;GO:0008380;GO:0006417;GO:0007275;GO:0045814;GO:1990904;GO:0006353;GO:0045944;GO:0051028;GO:0032508;GO:0003678;GO:0046872;GO:2000373
Q5R8X7	GO:0106137;GO:0004709;GO:0007254;GO:0005737;GO:0016020;GO:0042803;GO:0046777;GO:0005524;GO:0046872;GO:0051092;GO:0004674;GO:0006468;GO:0000186
Q7N4F5	GO:0003723;GO:0005737;GO:0006402;GO:0008859
Q92NU9	GO:0046677;GO:0015562;GO:0008559;GO:0016887;GO:0005524;GO:0005887;GO:1990961
P04932	GO:0009405;GO:0005886;GO:0031225
Q5RBD9	GO:0007052;GO:0005737;GO:0005856;GO:0007023;GO:0000226
Q08276	GO:0031072;GO:0051082;GO:0005739;GO:0034620;GO:0044183;GO:0006986;GO:0016887;GO:0051787;GO:0005737;GO:0005774;GO:0005524;GO:0051085;GO:0042026
Q2SDQ1	GO:0009039;GO:0005737;GO:0016151;GO:0043419
A9F0C1	GO:0000287;GO:0000162;GO:0004048
Q82ER6	GO:0044208;GO:0004019;GO:0005737;GO:0005525;GO:0000287
Q570B4	GO:0102337;GO:0080167;GO:0005777;GO:0005789;GO:0009409;GO:0009416;GO:0102756;GO:0006633;GO:0102338;GO:0005783;GO:0016021;GO:0102336
G5EFF7	GO:0006511;GO:1990440;GO:0030433;GO:0006289;GO:0031593;GO:2000042;GO:0006611;GO:0005829;GO:0003684
Q91HK4	GO:0005198;GO:0046740;GO:0019028;GO:0044219
Q93Y01	GO:0006511;GO:0008234;GO:0016579;GO:0004843
Q5ATG8	GO:0016874;GO:0016491;GO:0032259;GO:0006633;GO:0019748;GO:0008168;GO:0004315;GO:0031177
P28793	GO:0004165;GO:0006635;GO:0003857;GO:0004300;GO:0008692;GO:0036125
Q9Y815	GO:0000978;GO:0005634;GO:0000981;GO:0010672;GO:0046872
Q630D5	GO:0044208;GO:0004019;GO:0005737;GO:0005525;GO:0000287
Q8IXR9	
Q1WTA0	GO:0050511;GO:0008360;GO:0009252;GO:0007049;GO:0030259;GO:0051301;GO:0071555;GO:0005886;GO:0051991;GO:0005975
Q68WW9	GO:0008360;GO:0009252;GO:0007049;GO:0004326;GO:0051301;GO:0071555;GO:0005737;GO:0005524;GO:0008764
Q38VS5	GO:0008534;GO:0006289;GO:0008270;GO:0140078;GO:0003684;GO:0006284
A8X765	GO:0007338;GO:0005886;GO:0007275;GO:0016021
B4RD46	GO:0045261;GO:0005886;GO:0005524;GO:0042777;GO:0046933
Q6C9Z2	GO:0016592;GO:0006357;GO:0003712;GO:0070847
A1A5G0	GO:0005828;GO:0000777;GO:0007020;GO:0008017;GO:0005815;GO:0031023;GO:0043515;GO:0045180;GO:0051010;GO:0051301;GO:0005876;GO:0005794;GO:0040001;GO:0005881;GO:0034453;GO:0072686;GO:0000776;GO:0090307;GO:0031110;GO:0000226
Q9UKT4	GO:0005819;GO:0051301;GO:1901990;GO:0072687;GO:0005634;GO:0006275;GO:0019901;GO:0010971;GO:0005654;GO:0005737;GO:0001556;GO:1990948;GO:0010997;GO:0000083;GO:0046785;GO:0016567;GO:0007346;GO:0016050;GO:0045669;GO:0031145;GO:0045835;GO:0005829;GO:1904667;GO:0051444;GO:0008284;GO:1905322;GO:2001021;GO:0045841;GO:0070169;GO:0007057;GO:0032876;GO:0007088;GO:2000773;GO:0046872
Q1DDU5	GO:0019805;GO:0006569;GO:0030170;GO:0034354;GO:0030429;GO:0097053;GO:0005737;GO:0043420
Q1EHT7	GO:0003677;GO:0003723;GO:0005524;GO:0046872;GO:0004386;GO:0003729
P23467	GO:0035579;GO:0043312;GO:0001525;GO:0070821;GO:0005001;GO:0006796;GO:0005886;GO:0016311;GO:0043235;GO:0005887;GO:0045296;GO:0006470;GO:1990264
Q5HZA3	GO:0016605;GO:0030509;GO:0030374;GO:0003676;GO:0005634;GO:0032183;GO:2000327;GO:0003713;GO:0016607;GO:0008270;GO:0045944
P29993	GO:0055089;GO:0050909;GO:0007601;GO:0070679;GO:0005783;GO:0060259;GO:0016319;GO:0055088;GO:0000280;GO:0006874;GO:0030322;GO:0007608;GO:0051209;GO:0035091;GO:0005886;GO:0016021;GO:0007591;GO:0005509;GO:0070588;GO:0071361;GO:0005789;GO:0006816;GO:0030536;GO:0030667;GO:0005220;GO:0030659;GO:0051482;GO:0010888;GO:0005790;GO:0035071;GO:0007629;GO:0044295;GO:0009267;GO:0006979;GO:0016529;GO:0046000;GO:0042594
Q96MX3	GO:0042802;GO:0000978;GO:0006357;GO:0005634;GO:0001228;GO:0046872
P19096	GO:0016296;GO:0042802;GO:0005739;GO:0005737;GO:0102131;GO:0005794;GO:0004312;GO:0008144;GO:0006084;GO:0004315;GO:0004313;GO:0004316;GO:0005886;GO:0005829;GO:0031177;GO:0016295;GO:0070402;GO:0042470;GO:0042587;GO:0102132;GO:0004320;GO:0008659;GO:0004314;GO:0004317;GO:0006633;GO:0030879;GO:0071353;GO:0047117;GO:0047451;GO:0008693
C0RFV3	GO:0006782;GO:0005737;GO:0004853
Q8TDZ2	GO:0030496;GO:0019901;GO:0007165;GO:0045171;GO:0071949;GO:0005737;GO:1990026;GO:0005882;GO:0015629;GO:0003779;GO:0005886;GO:0030042;GO:0007010;GO:0005829;GO:0001933;GO:1903305;GO:0051017;GO:0017124;GO:0043154;GO:0007596;GO:0017137;GO:0019417;GO:0055114;GO:0051015;GO:0046872;GO:0016174;GO:0016709
Q8R3I3	GO:0070085;GO:0000139;GO:0017119;GO:0006891;GO:0015031
Q9LF61	GO:0015120;GO:0022857;GO:0035436;GO:0031969;GO:0071917;GO:0009536;GO:0015713;GO:0015297;GO:0005794;GO:0016021;GO:0009941
P35580	GO:0005819;GO:0005634;GO:0030496;GO:0005516;GO:0007097;GO:0006887;GO:0000146;GO:0001701;GO:0005737;GO:0030027;GO:0050885;GO:0007512;GO:0005903;GO:0055003;GO:0008360;GO:0001764;GO:0003779;GO:0030048;GO:0043025;GO:0055015;GO:0006930;GO:0021678;GO:0005524;GO:0003279;GO:0031594;GO:0005829;GO:0048027;GO:0001778;GO:0016459;GO:0043197;GO:0060976;GO:0070062;GO:0016887;GO:0030898;GO:0042641;GO:0060041;GO:0008283;GO:0016460;GO:0021592;GO:0097513;GO:0007411;GO:0035904;GO:0005844;GO:0050714;GO:0032154;GO:0031032;GO:0021670;GO:0021680;GO:0030426;GO:0000281;GO:0007155;GO:0098885;GO:0005938;GO:0001725;GO:0035613;GO:0051015;GO:0043531
Q95116	GO:0005509;GO:0005576;GO:0008201;GO:0007155;GO:0016525
D1ZBF6	GO:0030145;GO:0070006
Q9RU10	GO:0008360;GO:0009252;GO:0008881;GO:0071555;GO:0047661
Q9ASQ7	GO:0005886;GO:0055085;GO:0006811;GO:0016021
C1DD88	GO:0006457;GO:0051082;GO:0005524
E7ETH6	GO:0006357;GO:0001227;GO:0000790;GO:0000981;GO:0000122;GO:0046872;GO:0000977
Q32HE0	GO:0009380;GO:0009432;GO:0003677;GO:0006289;GO:0005737;GO:0009381
P27345	GO:0003684;GO:0030983;GO:0005524;GO:0006298
Q2M146	GO:0016021
C5A7L8	GO:0004496;GO:0019287;GO:0005737;GO:0005524;GO:0000287
Q5D0W8	GO:0005634;GO:0005737;GO:0006952
P23767	GO:0003700;GO:0006357;GO:0030218;GO:0005634;GO:0043565;GO:0008270
F9XMW3	GO:0016788;GO:0042438;GO:0006633;GO:0004315;GO:0031177
Q04AU8	GO:0006633;GO:0005737;GO:0004315;GO:0033818
Q8DAV1	GO:0009245;GO:0009029;GO:0005524
Q7TSK2	GO:0043197;GO:0005576;GO:0090036;GO:1900006;GO:0060079;GO:0021680;GO:0016021;GO:0043025;GO:0060074;GO:0005886;GO:0043198;GO:0005783;GO:0005615;GO:0097440;GO:0048471;GO:2000171;GO:0008344;GO:0050773
A3DF25	GO:0006457;GO:0051082;GO:0005524
A2YEB4	GO:0004721;GO:0046872;GO:0005737
Q9FY49	GO:0004301;GO:0008237;GO:0008270;GO:0005829;GO:0019370
P11716	GO:0042802;GO:0006936;GO:0035381;GO:0044325;GO:0005509;GO:0048741;GO:0070588;GO:0033017;GO:0097718;GO:0005516;GO:0015278;GO:0005219;GO:0005262;GO:0005245;GO:0014808;GO:0008144;GO:0071313;GO:0043931;GO:0071277;GO:0051289;GO:0043588;GO:0014802;GO:0015643;GO:0051209;GO:1990425;GO:0016020;GO:0005524;GO:0016021;GO:0016529;GO:0003151;GO:0031301
Q6INU3	GO:0005737;GO:0046872;GO:0005856
B3WCQ5	GO:0009380;GO:0009432;GO:0003677;GO:0006289;GO:0005737;GO:0009381;GO:0005524;GO:0004386
Q8R5T7	GO:0042026;GO:0005737;GO:0051082;GO:0005524
A3D547	GO:0009014;GO:0009089;GO:0050897;GO:0008270;GO:0019877
Q864U1	GO:0006357;GO:0007049;GO:0031436;GO:0045717;GO:0005634;GO:0085020;GO:0003677;GO:0006633;GO:0003713;GO:0005737;GO:0006281;GO:0006310;GO:0005694;GO:0008270;GO:0070063;GO:0004842;GO:0045893;GO:0051865
C1L2U0	GO:0006400;GO:0016705
Q38XD1	GO:0002161;GO:0005737;GO:0004832;GO:0005524;GO:0006438
Q4WYG3	GO:0008233;GO:0004177;GO:0009821;GO:0004659;GO:0004161;GO:0044550
F1M3G7	GO:0007507;GO:0060348;GO:0005634;GO:0071875;GO:0060090;GO:0035023;GO:0051168;GO:0043123;GO:0043406;GO:0086023;GO:0016020;GO:0035025;GO:0060297;GO:0005829;GO:0007186;GO:0030864;GO:0005078;GO:0004691;GO:1900169;GO:0055007;GO:0017048;GO:0051018;GO:0005089;GO:0048471;GO:0061049;GO:0005938;GO:0005884;GO:0046872
Q61CX7	GO:0070883;GO:0040034;GO:0005634;GO:1990715;GO:0001708;GO:0070878;GO:0007549;GO:0005737;GO:0042659;GO:0007275;GO:2000635;GO:0008270;GO:0031054;GO:0003730;GO:0019899
A8EYZ4	GO:0008840;GO:0005737;GO:0009089;GO:0019877
O81905	GO:0004675;GO:0031625;GO:0048544;GO:0009506;GO:0030246;GO:0005886;GO:0005524;GO:0016021;GO:0004674;GO:0006468;GO:0005773
P16568	GO:0007309;GO:0005737;GO:0005856;GO:0005794;GO:0007294;GO:0050658;GO:0070507;GO:0007293;GO:0032050;GO:0070727;GO:0070840;GO:0048477;GO:0005829;GO:2000302;GO:0007312;GO:0008093;GO:0098793;GO:0048488;GO:0072393;GO:0051028;GO:0033365;GO:0008103;GO:0017137;GO:0034452;GO:0008298;GO:2000370;GO:0030100
Q5T1H1	GO:0005509;GO:0070062;GO:0005815;GO:0050908;GO:0001750;GO:0005737;GO:0033165;GO:0043403
Q6DIP5	GO:0005874;GO:0005737;GO:0008017;GO:0000226
A7GM37	GO:0003678;GO:0008408;GO:0000724;GO:0005524;GO:0003690
A0A0B2XG51	GO:0030435;GO:0005634;GO:0003677;GO:0046872;GO:0048315
Q9JHG7	GO:0042802;GO:1903169;GO:0006935;GO:0046854;GO:0052812;GO:0005737;GO:0046934;GO:0071320;GO:0004674;GO:0006468;GO:0043406;GO:0001932;GO:0001525;GO:0032252;GO:0014065;GO:0002675;GO:0097284;GO:0052742;GO:0005886;GO:0016020;GO:0016301;GO:0005524;GO:0043085;GO:0005829;GO:0007186;GO:0046875;GO:0006954;GO:0035005;GO:0006897;GO:0005943;GO:0002376;GO:2000270;GO:0010897;GO:0016477;GO:0016310;GO:0005944;GO:0048015;GO:0007204;GO:0016303;GO:0051897;GO:0005942;GO:0036092
Q9KP82	GO:0003862;GO:0051287;GO:0000287;GO:0009098;GO:0005829
Q8B0H5	GO:0019012;GO:0004482;GO:0030430;GO:0005524;GO:0003968;GO:0039689
Q9HKG3	GO:0005524;GO:0006260
P14404	GO:0046329;GO:0005634;GO:0060039;GO:0001701;GO:0005737;GO:0042803;GO:0045893;GO:0000978;GO:0006357;GO:0046974;GO:0098727;GO:0016607;GO:0042127;GO:0071425;GO:0090336;GO:0006954;GO:0035115;GO:0070828;GO:0072197;GO:0043069;GO:0000977;GO:0030154;GO:0030900;GO:0045944;GO:0001780;GO:0003700;GO:0045892;GO:0006915;GO:0001228;GO:0003677;GO:0009617;GO:0051726;GO:0046872;GO:0009791;GO:0035116
Q8TAF7	GO:0000978;GO:0006357;GO:0005634;GO:0000981;GO:0046872
Q7N705	GO:0005737;GO:0006427;GO:0004821;GO:0005524
P12918	GO:0019012;GO:0018144;GO:0005525;GO:0019079;GO:0003968
P16373	GO:0000978;GO:0006357;GO:0005634;GO:0000981;GO:0046872
P56819	GO:1904646;GO:0005802;GO:0050804;GO:0045121;GO:0006509;GO:0005794;GO:0008021;GO:0005783;GO:0031410;GO:0010288;GO:0019899;GO:0030424;GO:0098686;GO:0055037;GO:0006508;GO:0060134;GO:0043525;GO:0043025;GO:0009986;GO:0005886;GO:0016020;GO:0030425;GO:0042987;GO:2000300;GO:0005770;GO:0005887;GO:0050966;GO:0071280;GO:0004190;GO:0071287;GO:0005764;GO:0098793;GO:0001540;GO:0030659;GO:0050435;GO:0009314;GO:0005769;GO:0005768;GO:0005771;GO:0008233;GO:0004175
C5DDT8	GO:0003723;GO:0006417;GO:0005739
P11439	GO:0009405;GO:0090729;GO:0047286
Q96N22	GO:0000978;GO:0006357;GO:0046872;GO:0005634;GO:0000981
Q9UGR2	GO:0035198;GO:0005634;GO:0016032;GO:0035196;GO:0010608;GO:0046872;GO:0003723
Q8Z933	GO:0080030
B7NRS7	GO:0051539;GO:0016830;GO:0009229;GO:0009228;GO:0008270
A8QD14	GO:0031307;GO:0032865;GO:0008289;GO:0000002;GO:0006869
Q21CM7	GO:0004823;GO:0006429;GO:0002161;GO:0005737;GO:0005524
A4SNB5	GO:0032259;GO:0009086;GO:0003871;GO:0008270
A9ISG1	GO:0003677;GO:0006351;GO:0032549;GO:0003899
Q8NDX5	GO:0031519;GO:0003682;GO:0045892;GO:0042393;GO:0005634;GO:0035102;GO:0070317;GO:0003677;GO:0005654;GO:0007275;GO:0008270
O49858	GO:0004497;GO:0016020;GO:0016705;GO:0005506;GO:0098542;GO:0020037
P25941	GO:0000160;GO:0006355;GO:0031409;GO:0003677;GO:0017000;GO:0005524;GO:0043531
Q9WTM4	GO:0003700;GO:0000978;GO:0000976;GO:0006357;GO:0001227;GO:0005634;GO:0005737;GO:0000122;GO:0045893
Q03K10	GO:0009380;GO:0009432;GO:0003677;GO:0006289;GO:0005737;GO:0009381
Q73FA3	GO:0003677;GO:0006351;GO:0008270;GO:0003899;GO:0000287
Q5EXX3	GO:0003700;GO:0000978;GO:0046872;GO:0045892;GO:0008327;GO:0000790;GO:0000981;GO:0005634;GO:0006275;GO:0042803;GO:0006355;GO:0045944;GO:0006974
P51523	GO:0000978;GO:0006357;GO:0005634;GO:0000981;GO:0003677;GO:0008270
Q6QGE0	GO:0098015;GO:0098003
Q5R6R1	GO:0005509;GO:0005815;GO:0007601;GO:0001750;GO:0005737;GO:0050896;GO:0033165
P09831	GO:0051538;GO:0097054;GO:0004355;GO:0016491;GO:0019676;GO:0015930;GO:0046872;GO:0006537;GO:0005829
B3QQS1	GO:0006351;GO:0003899;GO:0003677;GO:0008270;GO:0000287
Q0ABI2	GO:0003677;GO:0006351;GO:0032549;GO:0003899
Q9D5W4	GO:0005737;GO:0005813
Q5WZB4	GO:0004325;GO:0006783;GO:0005737;GO:0046872
P44771	GO:0016787;GO:0046872
Q7NF35	GO:0006633;GO:0005737;GO:0004315;GO:0033818
Q8CWX7	GO:0009380;GO:0009432;GO:0003677;GO:0006289;GO:0005737;GO:0009381;GO:0005524;GO:0004386
B8CXL1	GO:0006457;GO:0051082;GO:0005524
A6W5T4	GO:0003924;GO:0003746;GO:0005737;GO:0005525
Q0AE56	GO:0005886;GO:0032977;GO:0015031;GO:0016021
A6ZVS5	GO:0005509;GO:0003779;GO:0030479;GO:0005886;GO:0010008;GO:0006897
Q17QS6	GO:0016567;GO:0045732;GO:0035556
P54254	GO:0042802;GO:0007420;GO:0005634;GO:0008266;GO:0008542;GO:0048856;GO:0005654;GO:0005737;GO:0000122;GO:0007612;GO:0035176;GO:0051168;GO:0006355;GO:0003723;GO:0060079;GO:0043621;GO:0016363;GO:0008022;GO:0005829;GO:0008344;GO:0042326;GO:0003682;GO:0005730;GO:0007613;GO:0042405;GO:0045944;GO:0043569;GO:0045892;GO:0007399;GO:0034046;GO:0003677;GO:0098794;GO:0048286;GO:0032991;GO:0060252
P48119	GO:0006351;GO:0003899;GO:0032549;GO:0003677;GO:0009842
P41467	GO:0042025;GO:0030430
Q83FP1	GO:0003924;GO:0003746;GO:0005737;GO:0005525
Q95Q62	GO:0008440;GO:0005634;GO:0032958;GO:0005737;GO:0016301;GO:0048815;GO:0005524;GO:0000828;GO:0046854
B2RIW6	GO:0006402;GO:0006396;GO:0005737;GO:0004654;GO:0003723;GO:0000287
Q8CFE4	GO:0021860;GO:0004672;GO:2000286;GO:0007420;GO:0008333;GO:0002092;GO:0030136;GO:0005794;GO:0005102;GO:0005524;GO:0010008;GO:0090090;GO:2000370;GO:0048471
Q3M6M1	GO:0008276;GO:0005737
A7KVC2	GO:0000325;GO:0016887;GO:0055085;GO:0016020;GO:0042626;GO:0005774;GO:0005524;GO:0016021
P33730	GO:0005509;GO:1903238;GO:0030246;GO:0007155;GO:0005886;GO:0016021
A3CNJ9	GO:0009380;GO:0009432;GO:0003677;GO:0006289;GO:0005737;GO:0009381;GO:0005524;GO:0004386
Q9WVM6	GO:0005509;GO:0005576;GO:0004222;GO:0048632;GO:0007275;GO:0008270;GO:0030154
A5IHG9	GO:0004325;GO:0006783;GO:0005737;GO:0046872
P65635	GO:0004742;GO:0006096
C8VSE7	GO:0032007;GO:0051321;GO:0034198
Q6LKA1	GO:0004373;GO:0009011;GO:0033201;GO:0005978
Q4U2V3	GO:0021702;GO:0007005;GO:0005739;GO:0005634;GO:0033077;GO:0004181;GO:0035610;GO:0021772;GO:0050905;GO:0005737;GO:0008270;GO:0015631;GO:0001754;GO:0005829;GO:0035609;GO:0043009
Q6NFU3	GO:0006457;GO:0051301;GO:0007049;GO:0005737;GO:0003755;GO:0015031
Q9RYJ4	GO:0009039;GO:0005737;GO:0016151;GO:0043419
A8FNC9	GO:0005198;GO:0071973;GO:0009428;GO:0030288
Q4KML2	GO:0018298;GO:0050660;GO:0003677;GO:0071949;GO:0000719;GO:0003904;GO:0003684
Q8I4M5	GO:0043186;GO:0051321;GO:0007275;GO:0005844
Q7MW79	GO:0006402;GO:0006396;GO:0005737;GO:0004654;GO:0003723;GO:0000287
Q8XAY7	GO:1905887;GO:0016887;GO:0042626;GO:0005886;GO:0005524;GO:0016021
Q67XV2	GO:0005634;GO:0005737;GO:0006406;GO:0070390
A9NEL7	GO:0003677;GO:0006351;GO:0032549;GO:0003899
A1W170	GO:0005198;GO:0071973;GO:0009428;GO:0030288
A0M568	GO:0006096;GO:0005576;GO:0009986;GO:0000015;GO:0004634;GO:0000287
P15087	GO:0033366;GO:0016485;GO:0045121;GO:0030658;GO:0030141;GO:0050839;GO:0005794;GO:0097060;GO:0034230;GO:0005576;GO:0016055;GO:2000173;GO:0006518;GO:0016486;GO:0043025;GO:0030425;GO:0042043;GO:0043204;GO:0003214;GO:0043171;GO:0072657;GO:0030072;GO:0030667;GO:0004180;GO:0019904;GO:0004181;GO:0031045;GO:0008270;GO:0005615;GO:0050897;GO:0030070
A1S7U2	GO:0000287;GO:0008966;GO:0005975
Q72RC4	GO:0051539;GO:0003861;GO:0009098;GO:0046872
P44415	GO:0005576;GO:0000920;GO:0004222;GO:0042834;GO:0009405
Q5MZ22	GO:0006351;GO:0003899;GO:0003677;GO:0008270;GO:0000287
A8H3Y9	GO:0009380;GO:0009432;GO:0003677;GO:0006289;GO:0005737;GO:0009381
Q2HNT1	GO:0005634;GO:0003677;GO:0007275;GO:0046872;GO:0010468
C3N7E3	GO:0006419;GO:0000049;GO:0005737;GO:0004813;GO:0005524;GO:0008270
F1LMY4	GO:0005219;GO:0019899;GO:0071313;GO:0001666;GO:0030315;GO:0051209;GO:1990425;GO:0005524;GO:0005509;GO:0005262;GO:0005245;GO:0002020;GO:0042383;GO:0005790;GO:0071318;GO:0043931;GO:0070296;GO:0032991;GO:0003151;GO:0006936;GO:0030314;GO:0048741;GO:0033017;GO:0005516;GO:0051480;GO:0005737;GO:0030018;GO:0031234;GO:0071277;GO:0051289;GO:0014802;GO:0034704;GO:0005886;GO:0016020;GO:0031674;GO:0032355;GO:0031301;GO:0006816;GO:0014808;GO:0030659;GO:0031000;GO:0048763;GO:0043588;GO:0005938;GO:0016529
Q9VKK2	GO:0061700;GO:0034198;GO:0032008;GO:0035859
A8MT65	GO:0000977;GO:0000122;GO:0006357;GO:0046872;GO:0001227;GO:0000790;GO:0000981
Q8R4U7	GO:0005634;GO:0060840;GO:0021503;GO:0003281
A5FX97	GO:0051539;GO:0046429;GO:0019288;GO:0005506;GO:0016114
Q14766	GO:0060976;GO:0005509;GO:0005576;GO:0003281;GO:0005024;GO:0031012;GO:0062023;GO:0043687;GO:0044267;GO:0050436;GO:0005788;GO:1901388;GO:0035904;GO:0032991;GO:0035583;GO:0050431;GO:0001527
Q00402	GO:0000266;GO:0030989;GO:0005739;GO:0000001;GO:0000226;GO:0005934;GO:0032065;GO:0005938;GO:0030473;GO:0051646;GO:0005783;GO:0015631;GO:0005543
A1Z6W3	GO:0045773;GO:0001736;GO:0030951;GO:0060071;GO:0007163;GO:0001738;GO:0045184;GO:1902669;GO:0016318;GO:0005737;GO:0005886;GO:0009948;GO:0007164;GO:0008270;GO:0042067;GO:0001737;GO:0005829;GO:0045185;GO:0098930;GO:0030424
P68351	GO:0046872;GO:0042025;GO:0016485;GO:0019069;GO:0019073;GO:0005524;GO:0019076
Q65HA9	GO:0051539;GO:0016114;GO:0005506;GO:0046429;GO:0019288
A2RKA7	GO:0016887;GO:0005886;GO:0005524
P29315	GO:0045765;GO:0005737;GO:0032311;GO:0008428
O00151	GO:0007507;GO:0031941;GO:0005737;GO:0005856;GO:0010761;GO:0030018;GO:0001666;GO:0005925;GO:0003779;GO:0006357;GO:0005912;GO:0051371;GO:0030036;GO:0030011;GO:0098641;GO:0043149;GO:0005667;GO:0061061;GO:0030950;GO:0003713;GO:0001725;GO:0046872;GO:0006979
B3R4A7	GO:0050661;GO:0004324;GO:0050660
Q9PQV8	GO:0005737;GO:0006002;GO:0005524;GO:0046872;GO:0003872
A0A1L9WQM9	GO:0016491;GO:0032259;GO:0006633;GO:0008168;GO:0004315;GO:0031177
B1MXL9	GO:0008033;GO:0052381;GO:0005524
A4RM13	GO:0005789;GO:0000139;GO:0016021;GO:0030659;GO:0008643
P0CV48	GO:0009405;GO:0005576;GO:0042025
P55399	GO:0000746;GO:0005524
Q39017	GO:0005509;GO:0007205;GO:0035556;GO:0006952;GO:0005524;GO:0016021;GO:0003951
Q7RTX0	GO:0038023;GO:0050917;GO:1903767;GO:0004930;GO:0050916;GO:0005886;GO:0001582;GO:0016021;GO:0008527;GO:0005887;GO:0007186
Q9ZGI2	GO:0016788;GO:0033068;GO:0006633;GO:0016747;GO:0004315;GO:0031177
Q8X7W7	GO:0038023;GO:0055072;GO:0016021;GO:0015344;GO:0009279
Q68WF7	GO:0008360;GO:0009252;GO:0007049;GO:0051301;GO:0019277;GO:0008760;GO:0005737;GO:0071555
Q2RND2	GO:0005737;GO:0002949;GO:0005506;GO:0061711
B8G4U9	GO:0003677;GO:0006351;GO:0032549;GO:0003899
Q9SJ84	GO:0051017;GO:0005737;GO:0005884;GO:0051015;GO:0051639;GO:0032432;GO:0005618
C5YUK3	GO:0017108;GO:0005739;GO:0006260;GO:0005730;GO:0043137;GO:0003677;GO:0005654;GO:0000287;GO:0048256;GO:0006284;GO:0008409
P30722	GO:0006457;GO:0051082;GO:0009507;GO:0005524
P98160	GO:0005604;GO:0007420;GO:0050750;GO:0043202;GO:0005576;GO:0005925;GO:0001525;GO:0006024;GO:0005796;GO:0072359;GO:0009888;GO:0005886;GO:0008022;GO:0060548;GO:0062023;GO:1905907;GO:0005509;GO:0070062;GO:0006629;GO:0006954;GO:0009887;GO:0001540;GO:0098797;GO:0030154;GO:0016525;GO:0006898;GO:0030198;GO:0005178;GO:0044267;GO:0001523;GO:0005615;GO:0030021;GO:0006027
B0KA81	GO:0006457;GO:0051082;GO:0005524
Q1DRB6	GO:0000466;GO:0000463;GO:0005730;GO:0043021;GO:0005654;GO:0030687
Q1QC40	GO:0051287;GO:0046872;GO:0004471;GO:0008948
D3ZAZ5	GO:0005085;GO:0043410;GO:0005925;GO:0007264;GO:0033138;GO:0045740;GO:0086100;GO:0002089;GO:0005737;GO:0019900;GO:0008286;GO:0043547;GO:0001784
B0V8M9	GO:0009073;GO:0005737;GO:0009423;GO:0000166;GO:0046872;GO:0003856
Q04U59	GO:0052865;GO:0009228;GO:0008661;GO:0030976;GO:0000287;GO:0016114
Q6NW85	GO:0006511;GO:0016567;GO:0032436;GO:0005634;GO:0061630;GO:0005737;GO:0000209;GO:0008270;GO:0031624;GO:0004842;GO:0000151
C3MR87	GO:0006419;GO:0000049;GO:0005737;GO:0004813;GO:0005524;GO:0008270
Q9JXH2	GO:0006310
P84466	GO:0016104;GO:0006695;GO:0000250;GO:0005789;GO:0042300;GO:0006694;GO:0005811
Q8X178	GO:0004721;GO:0046872
O75147	GO:0005813;GO:0007156;GO:0005737;GO:0010842;GO:0005794;GO:0030018;GO:0045202;GO:0055003;GO:0000226;GO:0007030;GO:0031430;GO:0007010;GO:0005829;GO:0043687;GO:0008093;GO:0014704;GO:0048471;GO:0007088;GO:0050775;GO:0007416;GO:0034067;GO:1990393
Q9FKI0	GO:0051017;GO:0009860;GO:0005737;GO:0005884;GO:0030036;GO:0051639;GO:0051015;GO:0005829;GO:0032432;GO:0009846
Q859P9	GO:0019012;GO:0005524;GO:0046872;GO:0003899;GO:0005525
Q9C667	GO:0006457;GO:0009570;GO:0005524;GO:0042026;GO:0009507;GO:0009941
A0K5M9	GO:0008712;GO:0050661;GO:0097171;GO:0005975
Q7TNK3	GO:0042802;GO:0000978;GO:0006357;GO:0045892;GO:0005634;GO:0000981;GO:0042552;GO:0001228;GO:0005654;GO:0043565;GO:0046872;GO:0045944
C1A306	GO:0006096;GO:0005576;GO:0009986;GO:0000015;GO:0004634;GO:0000287
Q56235	GO:0006457;GO:0051082;GO:0005524
Q07V22	GO:0042744;GO:0004096;GO:0046872;GO:0006979;GO:0020037
A5FRZ5	GO:0009073;GO:0019632;GO:0009423;GO:0050661;GO:0004764
F4JNB7	GO:0007165;GO:0061809;GO:0006952;GO:0005524;GO:0000166;GO:0050135;GO:0009817;GO:0043531
P58931	GO:0035438;GO:0016760;GO:0005886;GO:0030244;GO:0016021;GO:0006011
Q2PBM0	GO:1905887;GO:0016887;GO:0042626;GO:0005886;GO:0005524;GO:0016021
B7UPE9	GO:0051539;GO:0016830;GO:0009229;GO:0009228;GO:0008270
O30408	GO:0016874;GO:0017000;GO:0005524;GO:0031177;GO:0047462
Q6CF18	GO:0004622;GO:0005789;GO:0102545;GO:0016042;GO:0005783;GO:0016021;GO:0046470
Q6S6N9	GO:0046872;GO:0042025;GO:0016485;GO:0019069;GO:0019073;GO:0005524;GO:0019076
A3M7X8	GO:0006189;GO:0004641;GO:0005524;GO:0005737
P38329	GO:1990573;GO:1990816;GO:1902476;GO:0055064;GO:0031166;GO:0006816;GO:0034486;GO:0000329;GO:0055075;GO:0015379;GO:0006884
Q3S2T9	GO:0050637;GO:0016491;GO:0032259;GO:0006633;GO:0008168;GO:0004315;GO:0031177
Q92618	GO:0045893;GO:0000978;GO:0046872;GO:0005634;GO:0000981;GO:0009409;GO:0060612;GO:0120162;GO:0000987;GO:0006355;GO:0050873;GO:0033613
E3W202	GO:0000287;GO:0010333
A7FLX1	GO:0003684;GO:0030983;GO:0005524;GO:0006298
Q13UW2	GO:0006428;GO:0004822;GO:0002161;GO:0000049;GO:0005737;GO:0005524;GO:0008270
Q5LWJ6	GO:0006457;GO:0051082;GO:0005524
Q10284	GO:0051082;GO:0006986;GO:0005737;GO:0042026;GO:0034620;GO:0044183;GO:0051085;GO:0005524;GO:0005829;GO:0051083;GO:0031072;GO:0016887;GO:0006450;GO:0051787;GO:0061077;GO:0002181;GO:0000054;GO:0006415;GO:0005844;GO:0042254;GO:0034976
Q96BT7	GO:0016300;GO:0030488;GO:0005634;GO:0055114;GO:0000049;GO:0005654;GO:0016604;GO:0002098;GO:0005737;GO:0005506;GO:0008270;GO:0005829;GO:0016706;GO:0006974
Q9AJ79	GO:0005737
L7X8G0	GO:0006351;GO:0005634;GO:0000981;GO:0003677;GO:0008270
O00499	GO:0042802;GO:0005634;GO:0008333;GO:0005737;GO:0086091;GO:0008021;GO:0030018;GO:0071156;GO:0015629;GO:0030838;GO:0030424;GO:1902960;GO:0030315;GO:0045664;GO:0051647;GO:0019828;GO:0016032;GO:1903946;GO:0033268;GO:0043065;GO:0030276;GO:0005886;GO:0006997;GO:0016020;GO:0031674;GO:0007010;GO:0048156;GO:0005829;GO:0051087;GO:0070063;GO:0061024;GO:1904878;GO:0033292;GO:0060988;GO:0043194;GO:1901380;GO:0005635;GO:0002020;GO:0060987;GO:0005543;GO:1902430;GO:0005768;GO:0051015;GO:0006897;GO:0030100;GO:0048711
Q89AD8	GO:0006750;GO:0004357;GO:0005524
A1KRY5	GO:0006541;GO:0003922;GO:0005524;GO:0016462
Q9ZAD8	GO:0009401;GO:0005737;GO:0016301;GO:0046872;GO:0008965
Q141F5	GO:0019556;GO:0019557;GO:0005737;GO:0050480;GO:0008270;GO:0005506
P0DPD5	GO:0000978;GO:0005634;GO:0000981;GO:0006355;GO:0046872
A6TE42	GO:0009039;GO:0005737;GO:0016151;GO:0043419
O95714	GO:0005085;GO:0016567;GO:0007283;GO:0005634;GO:0032183;GO:0061630;GO:0005654;GO:0006303;GO:0005737;GO:0005886;GO:0006886;GO:0016020;GO:0008270;GO:0005814;GO:0043161;GO:0005829;GO:0031625;GO:0006974
Q8RG98	GO:0006007;GO:0042802;GO:0070095;GO:0051289;GO:0005945;GO:0016208;GO:0061621;GO:0006002;GO:0005524;GO:0046872;GO:0003872;GO:0048029;GO:0030388
Q80U23	GO:0017075;GO:0008017;GO:0042734;GO:0030182;GO:0005739;GO:0007420;GO:0043025;GO:0005737;GO:0005886;GO:0006906;GO:0005881;GO:0016021;GO:0031966;GO:0043005;GO:0045806
Q09857	GO:0048211;GO:0005789;GO:0000139;GO:0012507;GO:0048280;GO:0006886;GO:0005856;GO:0032991;GO:0045056;GO:0005783;GO:0061025;GO:0005795;GO:0006888
A1STJ9	GO:0005737;GO:0005985;GO:0004564
Q6MMJ2	GO:0000049;GO:0005737;GO:0005524;GO:0004826;GO:0000287;GO:0006432
C3NG91	GO:0006419;GO:0000049;GO:0005737;GO:0004813;GO:0005524;GO:0008270
Q3B083	GO:0006189;GO:0004643;GO:0003937
B3EFA6	GO:0005737;GO:0006427;GO:0004821;GO:0005524
Q8N0V5	GO:0010812;GO:0034116;GO:0006024;GO:0070374;GO:0036438;GO:0000139;GO:0008284;GO:0010608;GO:0030335;GO:0008109;GO:0005794;GO:0007275;GO:0016020;GO:0016021;GO:0010718;GO:0007179;GO:0051897;GO:0006486
Q7UZH8	GO:0003676;GO:0004815;GO:0050560;GO:0005737;GO:0006422;GO:0005524
B3CLB3	GO:0034605;GO:0004176;GO:0043565;GO:0005737;GO:0005524;GO:0006515;GO:0004252
B4TZ86	GO:0080030
Q89AB6	GO:0006096;GO:0008270;GO:0004332
Q8EED7	GO:0051539;GO:0016830;GO:0009229;GO:0009228;GO:0008270;GO:0005829
Q60053	GO:0031216;GO:0005576;GO:0046872;GO:0005975
P74503	GO:0003677;GO:0005524;GO:0006355;GO:0000287;GO:0004674;GO:0042752
A2WLR5	GO:0003677;GO:0008289;GO:0005634
Q80YV3	GO:0003682;GO:0033276;GO:0043968;GO:0043967;GO:0005634;GO:0035267;GO:0005667;GO:0005654;GO:0007093;GO:0003713;GO:0006281;GO:0005794;GO:0003712;GO:0000124;GO:0006355;GO:0000812;GO:0000123;GO:0016578;GO:0030914
P59477	GO:0003887;GO:0005737;GO:0006281;GO:0000287;GO:0003684;GO:0006261
O34403	GO:0006285;GO:0034039;GO:0003906;GO:0006289;GO:0019104;GO:0008270;GO:0140078;GO:0003684;GO:0006284
P20163	GO:0001085;GO:0031072;GO:0051082;GO:0034663;GO:0005634;GO:0030433;GO:0005791;GO:0006986;GO:0016887;GO:0034620;GO:0044183;GO:0051787;GO:0005737;GO:0005788;GO:0016020;GO:0051085;GO:0005524;GO:0030968;GO:0042026
A8IPT1	GO:0006457;GO:0051082;GO:0005524
B0WN96	GO:0022627;GO:0003735;GO:0006412
B4RSJ5	GO:0019464;GO:0008483;GO:0004047
Q5JPI3	GO:0005634;GO:0043065;GO:0006915
B7HPW0	GO:0008360;GO:0009252;GO:0000902;GO:0009103;GO:0006048;GO:0003977;GO:0071555;GO:0005737;GO:0000287;GO:0009245;GO:0019134
Q4PGW7	GO:0005789;GO:0004128;GO:0005741;GO:0016021
B0VQ34	GO:0009073;GO:0005737;GO:0009423;GO:0000166;GO:0046872;GO:0003856
Q1C471	GO:0003684;GO:0030983;GO:0005524;GO:0006298
Q9KNM2	GO:0015969;GO:0008728;GO:0009267;GO:0015970;GO:0008893;GO:0042594
Q9LK64	GO:0000325;GO:0048046;GO:0009506;GO:0008559;GO:0016887;GO:0055085;GO:0016020;GO:0042626;GO:0005774;GO:0005524;GO:0016021;GO:0010290;GO:0005773;GO:0015431
Q9SL03	GO:0008360;GO:0000148;GO:0003843;GO:0071555;GO:0005886;GO:0046527;GO:0016021;GO:0006075
Q12PA3	GO:0009380;GO:0009432;GO:0003677;GO:0006289;GO:0005737;GO:0009381
Q8CGN4	GO:0007507;GO:0030502;GO:0140261;GO:0005634;GO:0042476;GO:0005654;GO:0000122;GO:0004842;GO:0065001;GO:0051572;GO:0060021;GO:0070171;GO:0042826;GO:0008134;GO:0031072;GO:0000976;GO:0035518;GO:0003714;GO:0001835;GO:0000977;GO:0000415;GO:0045892
P71533	GO:0065002;GO:0006605;GO:0005737;GO:0005886;GO:0017038;GO:0005524
B8BVB6	GO:0005759;GO:0006526;GO:0103045;GO:0004358;GO:0006592;GO:0004042
A0L6Y9	GO:0008360;GO:0009252;GO:0007049;GO:0051301;GO:0019277;GO:0008760;GO:0005737;GO:0071555
Q9QY01	GO:0006914;GO:0030659;GO:0048675;GO:0048671;GO:0007165;GO:0046777;GO:0075044;GO:0005524;GO:0034045;GO:0004674;GO:0042594
B7ZRU9	GO:0039013;GO:0072196;GO:0045892;GO:0039022;GO:0003677;GO:0000122;GO:0016607;GO:0048793;GO:0046872
Q5PCH2	GO:0003677;GO:0003700
Q1GQJ3	GO:0051539;GO:0016830;GO:0009229;GO:0009228;GO:0008270
C0ZSV1	GO:0016773;GO:0097175;GO:0006040;GO:0016301;GO:0005524;GO:0009254;GO:0005975
A4D2P6	GO:0045211;GO:0060292
P35930	GO:0044165;GO:0039694;GO:0006351;GO:0018144;GO:0004197;GO:0003968;GO:0003724;GO:0033644;GO:0044220;GO:0005524;GO:0016021;GO:0003723
C0Q0Y1	GO:0046872;GO:0000049;GO:0005737;GO:0005524;GO:0006431;GO:0004825
A9MY08	GO:0080030
P52738	GO:1990837;GO:0000978;GO:0006357;GO:0001227;GO:0005634;GO:0000981;GO:0043565;GO:0000122;GO:0046872
Q5ZJ85	GO:0046540;GO:0005681;GO:0005634;GO:0016607;GO:0000398;GO:0000244
Q8IR79	GO:0007560;GO:0032154;GO:0005634;GO:0030496;GO:0005737;GO:0030036;GO:0005524;GO:0046872;GO:0004674
C5C987	GO:0006096;GO:0005576;GO:0009986;GO:0000015;GO:0004634;GO:0000287
Q6ZA06	GO:0071555;GO:0030245;GO:0005576;GO:0008810
A4TQ04	GO:0003684;GO:0030983;GO:0005524;GO:0006298
Q88VW2	GO:0005576;GO:0006096;GO:0009986;GO:0000015;GO:0004634;GO:0001968;GO:0000287
Q9VHN6	GO:0003735;GO:0006412;GO:0032543;GO:0005762
B5FF66	GO:0051539;GO:0016830;GO:0009229;GO:0009228;GO:0008270
Q8N8U2	GO:0005634;GO:0003824;GO:0035064;GO:0003714
Q09775	GO:0005730;GO:0003724;GO:0006364;GO:0005524;GO:0030490;GO:0003723;GO:0005829
A0A1D5NS60	GO:0006357;GO:0005634;GO:0000981;GO:0048714;GO:0043565;GO:0046872;GO:0000977;GO:0022010;GO:0031643
Q29LT4	
Q47SW5	GO:0008360;GO:0009252;GO:0000902;GO:0009103;GO:0006048;GO:0003977;GO:0071555;GO:0005737;GO:0000287;GO:0009245;GO:0019134
Q8EJI6	GO:0016491;GO:0042597;GO:0016667;GO:0016002;GO:0070814;GO:0005506;GO:1903136;GO:0009061;GO:0020037
P12222	GO:0015031;GO:0009706;GO:0016021
Q58285	
Q6AYF4	GO:0038023;GO:0005813;GO:0005925;GO:0033627;GO:0005178;GO:0007160;GO:0006954;GO:0005654;GO:0038044;GO:0016477;GO:1901388;GO:0007229;GO:0034685;GO:0043235;GO:0009897
Q7V9I2	GO:0019464;GO:0008483;GO:0004047
A3M9I8	GO:0009073;GO:0005737;GO:0009423;GO:0000166;GO:0046872;GO:0003856
Q9LTY1	GO:0007094;GO:0051301;GO:0051315;GO:0005635;GO:0072686;GO:0000776
O95249	GO:0042147;GO:0031201;GO:0030133;GO:0048209;GO:0005801;GO:0015031;GO:0005484;GO:0000139;GO:0006906;GO:0005794;GO:0016020;GO:0016021;GO:0005829;GO:0006888;GO:0006891;GO:0005797
P19070	GO:0038023;GO:0042100;GO:0004875;GO:0001848;GO:0003677;GO:0042803;GO:0016021;GO:0006958;GO:0043235;GO:0045087;GO:0042113;GO:0030183;GO:0009897
Q5R4K8	GO:0003677;GO:0046872;GO:0005634;GO:0006355
Q4R6Y5	GO:0016567;GO:0005789;GO:0016021;GO:0046872;GO:0016740
Q8BRB7	GO:0016573;GO:0008134;GO:0045892;GO:0042393;GO:0000790;GO:0005634;GO:0006334;GO:0044877;GO:1990830;GO:0043966;GO:0000786;GO:0003677;GO:0003712;GO:0046872;GO:0004402;GO:0045893;GO:0045944;GO:0016407;GO:0070776
O42998	GO:0042147;GO:0008104;GO:0030139;GO:0005634;GO:0006886;GO:0005794;GO:0005829;GO:0006897
Q8Z8R3	GO:0003677;GO:0003700
O93209	GO:0004190;GO:0015074;GO:0019012;GO:0042025;GO:0030430;GO:0003964;GO:0003887;GO:0004523;GO:0075732;GO:0006310;GO:0044826;GO:0046872;GO:0003723;GO:0046718;GO:0075713
B7LUK8	GO:0051539;GO:0016830;GO:0009229;GO:0009228;GO:0008270
Q5R9B3	
Q92569	GO:0010628;GO:0046935;GO:0046854;GO:0043491;GO:0002042;GO:0030335;GO:0001934;GO:0006661;GO:0043551;GO:0005829;GO:0008286;GO:0016303;GO:0005942;GO:0001784
A2AWL7	GO:0003700;GO:0000790;GO:0000981;GO:0071339;GO:0001708;GO:0046983;GO:0001228;GO:0005667;GO:1990830;GO:0000122;GO:0000977;GO:0045944
P96718	GO:0006065;GO:0003979;GO:0071555;GO:0005737;GO:0051287;GO:0000271
Q5KTN2	GO:0004497;GO:0016705;GO:0005506;GO:0016021;GO:0020037
Q8IUD2	GO:0042147;GO:0005813;GO:0042734;GO:0030165;GO:0017137;GO:0007252;GO:0000139;GO:0008385;GO:0043066;GO:0005737;GO:0007275;GO:0051092;GO:0006355;GO:0036064;GO:0043522;GO:0045296;GO:0015031;GO:0045202
A3MZ32	GO:0003677;GO:0004386;GO:0005524;GO:0006355
Q88ES0	GO:0005198;GO:0071973;GO:0009428;GO:0030288
Q2G348	GO:0005737;GO:0009229;GO:0009228;GO:0016783
Q04859	GO:0005813;GO:0005634;GO:0030496;GO:0045494;GO:0005737;GO:0005929;GO:0031514;GO:0006468;GO:0032391;GO:0001917;GO:0046777;GO:0005930;GO:0005524;GO:0004672;GO:1902856;GO:0035556;GO:0042073;GO:0060271;GO:0072686;GO:0097542;GO:0003713;GO:0001750;GO:0004707;GO:0046872;GO:0010468
P77998	GO:0016987;GO:0003899;GO:0003677;GO:0001216;GO:0006352
Q12476	GO:0006400;GO:0043629;GO:0071039;GO:0071035;GO:0071037;GO:0005730;GO:0031499;GO:0071036;GO:0008270;GO:0030674;GO:0003723;GO:0071031;GO:0071038
Q7Z5J4	GO:0040015;GO:0001501;GO:0005634;GO:0005654;GO:0000987;GO:0005737;GO:0046872;GO:0045893;GO:0045944;GO:0032922
Q7NFJ5	GO:0005829;GO:0008483;GO:0019464;GO:0004047
Q5WF31	GO:0019464;GO:0004375;GO:0009116
P30554	GO:0007250;GO:0021766;GO:0007283;GO:0045740;GO:0050727;GO:0034698;GO:0004930;GO:0016021;GO:0008284;GO:0008584;GO:0014823;GO:0009986;GO:0005886;GO:0042277;GO:0042493;GO:0001595;GO:0060732;GO:0070528;GO:0001933;GO:0007186
Q8GU88	GO:0042626;GO:0005524;GO:0016021
A6LU48	GO:0052865;GO:0009228;GO:0008661;GO:0030976;GO:0000287;GO:0016114
Q86TJ5	GO:0006357;GO:0001227;GO:0000790;GO:0000981;GO:0005730;GO:0005654;GO:0000122;GO:0046872;GO:0000977
Q12680	GO:0010181;GO:0005739;GO:0051538;GO:0097054;GO:0016491;GO:0019676;GO:0050660;GO:0015930;GO:0005506;GO:0006537;GO:0016040
O08560	GO:0046834;GO:0098978;GO:0005634;GO:0051966;GO:0099562;GO:0046580;GO:0046486;GO:0090216;GO:0030027;GO:0031571;GO:0004143;GO:0001727;GO:0007205;GO:0005886;GO:0008022;GO:0016301;GO:0005524;GO:0016607;GO:0046339;GO:0005829;GO:0046872;GO:0035556;GO:0098685;GO:0004857;GO:0045930;GO:0003951;GO:0050860;GO:0006654
A8MPR5	GO:0006508;GO:0004222;GO:0005739;GO:0062091;GO:0004176;GO:0031969;GO:0045037;GO:0016464;GO:0005524;GO:0016021;GO:0009507;GO:0009941
Q8R9C6	GO:0000049;GO:0005737;GO:0005524;GO:0004826;GO:0000287;GO:0006432
B7VKD2	GO:0016655;GO:0006814
Q0BSG5	GO:0003924;GO:0003746;GO:0005737;GO:0005525
C3MZC2	GO:0006419;GO:0000049;GO:0005737;GO:0004813;GO:0005524;GO:0008270
Q7RZT9	GO:0016572;GO:0008630;GO:0000781;GO:0005634;GO:0006281;GO:0000077;GO:0005524;GO:0000723;GO:0004674;GO:0010212;GO:1904262;GO:0006974
Q61824	GO:0046872;GO:0004222;GO:0007155;GO:0017124;GO:0005654;GO:0005886;GO:0016021;GO:0045766
P14412	GO:0042744;GO:0004096;GO:0046872;GO:0006979;GO:0020037
Q7XHR2	GO:0006357;GO:0005634;GO:0005516;GO:0043565;GO:0003712;GO:0045893;GO:0003690
P04626	GO:0042802;GO:0007507;GO:0043410;GO:0008045;GO:0046777;GO:0005634;GO:2000145;GO:0038128;GO:0050679;GO:0007165;GO:0000165;GO:0042552;GO:0045785;GO:0001934;GO:0071364;GO:0010008;GO:0046982;GO:0006468;GO:1901185;GO:0043406;GO:0042060;GO:0006357;GO:0009925;GO:0014065;GO:0018108;GO:0030307;GO:0007422;GO:0019903;GO:0005886;GO:0007528;GO:0008022;GO:0005524;GO:0016021;GO:0032886;GO:0005829;GO:0043125;GO:0007166;GO:0043547;GO:0005887;GO:0045727;GO:0070372;GO:0038143;GO:0033088;GO:0001042;GO:0004713;GO:0008284;GO:0004888;GO:0035556;GO:0043209;GO:0007275;GO:0071363;GO:0007169;GO:0016323;GO:0048471;GO:0048709;GO:0005769;GO:0004714;GO:0016324;GO:0030182;GO:0033674;GO:0045765;GO:0090314;GO:0045943;GO:0007167;GO:0043235;GO:0051897
P43754	GO:0005971;GO:0004748;GO:0006260;GO:0009263;GO:0005524
P56818	GO:1904646;GO:0048167;GO:0005802;GO:0050804;GO:0045121;GO:0006509;GO:0005794;GO:0008021;GO:0005783;GO:0031410;GO:0010288;GO:0019899;GO:0030424;GO:0098686;GO:0055037;GO:0006508;GO:0060134;GO:0043525;GO:0043025;GO:0009986;GO:0005886;GO:0016020;GO:0030425;GO:0042987;GO:2000300;GO:0005770;GO:0005887;GO:0050966;GO:0071280;GO:0004190;GO:0071287;GO:0007613;GO:0005764;GO:0001540;GO:0030659;GO:0050435;GO:0009314;GO:0005769;GO:0005768;GO:0005771;GO:0008233;GO:0004175
Q5K2N9	GO:0005198;GO:0005882
Q8NI35	GO:0030054;GO:0005813;GO:0016324;GO:0070062;GO:0070830;GO:0035556;GO:0005886;GO:0034451;GO:0005923;GO:0005829;GO:0048471
P30622	GO:0042802;GO:0005813;GO:0031122;GO:0005634;GO:0035371;GO:0001726;GO:0005737;GO:0005882;GO:0044861;GO:0005881;GO:0005829;GO:0015630;GO:0051010;GO:0008017;GO:0005635;GO:0001578;GO:0015631;GO:0030659;GO:0005874;GO:0000278;GO:0031116;GO:0008270;GO:0000776
Q9UL41	GO:0003676;GO:0043065;GO:0005730;GO:0008270
A9MVD3	GO:0004357;GO:0005524;GO:0042398
Q7BZ90	GO:0006146;GO:0000034
Q9ZHD9	GO:0019521;GO:0006098;GO:0050661;GO:0004616
P00350	GO:0042802;GO:0006098;GO:0046177;GO:0050661;GO:0042803;GO:0005829;GO:0009051;GO:0004616
Q6BIR7	GO:0005634;GO:0006355;GO:0006351;GO:0006325
P94463	GO:0004479;GO:0071951;GO:0005829
Q52082	GO:0005198;GO:0071973;GO:0009428;GO:0030288
Q9SAE3	GO:0004497;GO:0005576;GO:0016705;GO:0005506;GO:0016021;GO:0020037
A5IK42	GO:0006457;GO:0051082;GO:0005524
Q8IYQ7	
O88902	GO:0005769;GO:0005768;GO:1903393;GO:2000643;GO:0005634;GO:0019901;GO:0043162;GO:0061357;GO:0004725;GO:0010633;GO:0005737;GO:0036064;GO:0060271;GO:1903387;GO:0045022;GO:0005829;GO:0032456;GO:0015031
C7NC37	GO:0065002;GO:0006605;GO:0005886;GO:0016021;GO:0043952;GO:0015450
Q6AW86	GO:0000978;GO:0006357;GO:0005634;GO:0000981;GO:0046872
B5XU27	GO:0009039;GO:0005737;GO:0016151;GO:0043419
Q46XE1	GO:0055129;GO:0004350;GO:0005737;GO:0050661
B1JRH0	GO:0050418;GO:0005737;GO:0051537;GO:0046872
C3MXH6	GO:0006419;GO:0000049;GO:0005737;GO:0004813;GO:0005524;GO:0008270
A7GK13	GO:0003677;GO:0006351;GO:0008270;GO:0003899;GO:0000287
P0CQ63	GO:0005634;GO:0004842;GO:0010390;GO:0046872
B9JXT9	GO:0004674;GO:0006470;GO:0005524;GO:0016776;GO:0043531
Q9R160	GO:0046872;GO:0007283;GO:0004222;GO:0008237;GO:0005178;GO:1990913;GO:0008584;GO:0005886;GO:0060468;GO:0016021;GO:0030154;GO:0009897
O18783	GO:0042730;GO:0005576;GO:0048771;GO:0007596;GO:0004252
Q9Y2H5	
Q9RRX5	GO:0009328;GO:0000049;GO:0005524;GO:0004826;GO:0000287;GO:0006432
P34885	GO:0050920;GO:0050975;GO:0006935;GO:0018105;GO:0040012;GO:0000165;GO:0007635;GO:0005737;GO:0005856;GO:0004674;GO:0006468;GO:1902074;GO:0016020;GO:0005524;GO:0016079;GO:0007269;GO:1990504;GO:0004697;GO:0035556;GO:0098793;GO:0004698;GO:0050893;GO:0043005;GO:2001024;GO:0007218;GO:0007606;GO:0008306;GO:0048009;GO:0046872;GO:0040024;GO:0050927
Q8ZKH4	GO:0102264;GO:0010181;GO:0000049;GO:0050660
B7LT80	GO:0006400;GO:0016705
Q1BPZ6	GO:0046677;GO:0015562;GO:0008559;GO:0016887;GO:0005524;GO:0005887;GO:1990961
Q9FI39	GO:0048364;GO:0080004;GO:0080003;GO:0020037;GO:0016020;GO:0005783;GO:0016021;GO:0005506;GO:0016709;GO:0051554;GO:0009958
A7ZWJ6	GO:0003887;GO:0005737;GO:0006281;GO:0000287;GO:0003684;GO:0006261
Q8HXQ5	GO:0071716;GO:1904646;GO:0050729;GO:0016328;GO:0099039;GO:0070633;GO:0140359;GO:0009925;GO:0015562;GO:0008559;GO:0034634;GO:0034775;GO:0016020;GO:0045332;GO:0005524;GO:0042910;GO:0005887;GO:0016887;GO:0042908;GO:0042626;GO:0034040;GO:0016323;GO:0015431;GO:0016324;GO:0140115;GO:0055085;GO:0042493
B2HSU9	GO:0005737;GO:0016887;GO:0005524
P36197	GO:0045666;GO:0045892;GO:0005634;GO:0070888;GO:0046872
Q03PJ4	GO:0050661;GO:0004324;GO:0050660
Q8N7Z5	GO:1903343;GO:0005634;GO:0010780;GO:0007129;GO:0000785
Q08089	GO:0019031;GO:0055036;GO:0016021
A6GXZ1	GO:0006457;GO:0051082;GO:0005524
Q46XK9	GO:0005737;GO:0006526;GO:0004585;GO:0016597
A1A5Y5	
P32953	GO:0019596;GO:0033720;GO:0070469;GO:0005758;GO:0046872;GO:0020037
P19415	GO:0009405;GO:0090729;GO:0005102;GO:0030435
Q0I432	GO:0009073;GO:0005737;GO:0009423;GO:0000166;GO:0046872;GO:0003856
Q9Z1K6	GO:0006511;GO:0016567;GO:0032436;GO:0046872;GO:0048588;GO:0070936;GO:0071425;GO:0005634;GO:0061630;GO:0005654;GO:0005737;GO:0070534;GO:0000209;GO:0031624;GO:0031466;GO:0004842;GO:0000151
B5BE81	GO:0046872;GO:0000049;GO:0005737;GO:0005524;GO:0006431;GO:0004825
Q49378	GO:0042995;GO:0033111;GO:0009405;GO:0005886;GO:0016021;GO:0007157;GO:0020035
B2JDY9	GO:0006428;GO:0004822;GO:0002161;GO:0000049;GO:0005737;GO:0005524;GO:0008270
Q9NRC6	GO:0042802;GO:0007041;GO:0097381;GO:0000165;GO:0005737;GO:0006888;GO:0051693;GO:0030507;GO:0002046;GO:0003779;GO:0043621;GO:0005875;GO:0032391;GO:0045179;GO:0007030;GO:0008022;GO:0016020;GO:0030036;GO:0045505;GO:0005829;GO:0032029;GO:0019894;GO:0007411;GO:0008091;GO:0034452;GO:0051015
B8GFL4	GO:0046872;GO:0000049;GO:0005737;GO:0005524;GO:0006431;GO:0004825
Q96F83	GO:0030121;GO:0046907;GO:0030276;GO:0005737;GO:0032588
A2PYL6	GO:0035795;GO:0072656;GO:0005739;GO:0046324;GO:0006096;GO:0008637;GO:2000378;GO:0005536;GO:0005524;GO:0005829;GO:0005741;GO:0072655;GO:0051156;GO:0004396;GO:0019158;GO:0006006;GO:0008865;GO:0001678;GO:1990830;GO:0004340;GO:0006002;GO:1904925;GO:0045766
Q1MA25	GO:0004823;GO:0006429;GO:0002161;GO:0005737;GO:0005524
Q9C0G0	GO:0005634;GO:0003677;GO:0008270;GO:0045944;GO:0010468
O05253	GO:0016887;GO:0005886;GO:0005524
B8ZQX2	GO:0006782;GO:0005737;GO:0004853
C5GPA7	GO:0017108;GO:0005739;GO:0006260;GO:0005730;GO:0006286;GO:0043137;GO:0008409;GO:0003677;GO:0005654;GO:0006303;GO:0000287;GO:0001302;GO:0035753;GO:0000734;GO:0005829
Q9ULM2	GO:0000978;GO:0006357;GO:0005634;GO:0000981;GO:0046872
Q9CJ43	GO:0030956;GO:0016787;GO:0050567;GO:0005524;GO:0006412
Q4P5U4	GO:0042802;GO:0034511;GO:0032040;GO:0005634;GO:0005730;GO:0034512;GO:0003724;GO:0006364;GO:0005524;GO:0008186
B5YHX5	GO:0006807;GO:0051539;GO:0004601;GO:0055114;GO:0016491;GO:0005737;GO:0050418;GO:0046872;GO:0042542
O08852	GO:0007507;GO:0030155;GO:0001892;GO:0034405;GO:0018105;GO:0001502;GO:0005634;GO:0019901;GO:0030246;GO:0044325;GO:0060428;GO:0072205;GO:0016328;GO:0072287;GO:0001701;GO:0001889;GO:0005737;GO:0005794;GO:0005783;GO:0005929;GO:0007259;GO:0021915;GO:0031514;GO:0021510;GO:0006807;GO:0036303;GO:0048806;GO:0002133;GO:0005261;GO:0050982;GO:0098609;GO:2000045;GO:0198738;GO:0034704;GO:0009986;GO:0030010;GO:0005886;GO:0007050;GO:0016020;GO:0001822;GO:0051290;GO:0072218;GO:0005887;GO:0072177;GO:0070062;GO:0070588;GO:0006816;GO:0042994;GO:0001568;GO:0005262;GO:0045737;GO:0006611;GO:0016323;GO:0045944;GO:0019904;GO:0043588;GO:0034703;GO:0048754;GO:0072237;GO:0061136;GO:0048565;GO:0060236;GO:0042813;GO:0007204;GO:0032092;GO:0060674
Q8XU11	GO:0000287;GO:0005887;GO:0005524;GO:0008556
P09866	GO:0039694;GO:0003725;GO:0039502;GO:0042025;GO:0019031;GO:0039564;GO:0004483;GO:0075512;GO:0005198;GO:0005576;GO:0140272;GO:0044220;GO:0004482;GO:0039707;GO:0005524;GO:0016021;GO:0039653;GO:0019028;GO:0039545;GO:0005216;GO:0003724;GO:0033650;GO:0003968;GO:0039654;GO:0044385;GO:0039574;GO:0055036;GO:0051259;GO:0046983;GO:0044167;GO:0046872;GO:0039520;GO:0019062;GO:0004252
Q32NG6	GO:0006915;GO:0005634;GO:0007165;GO:0060090;GO:0005737;GO:0005856;GO:0043123
A0AFQ9	GO:0046961;GO:0045261;GO:0005886;GO:0005524;GO:0046933
Q75HA6	GO:0005634;GO:0042742;GO:0050832;GO:2000022
C1A7Y3	GO:0006096;GO:0005576;GO:0009986;GO:0000015;GO:0004634;GO:0000287
Q21HG2	GO:0009014;GO:0009089;GO:0050897;GO:0008270;GO:0019877
Q9PW71	GO:0070373;GO:0017017;GO:1990439;GO:0005634;GO:0004725;GO:0001706;GO:0008330;GO:0000188;GO:0051019;GO:0005737;GO:0016311;GO:0004721;GO:0035970;GO:0006470;GO:0016791;GO:0035335
Q9P2Y5	GO:0006914;GO:0005813;GO:0051684;GO:0030496;GO:0032465;GO:0005737;GO:0007059;GO:0005783;GO:0046718;GO:0035493;GO:0000323;GO:0006281;GO:0005770;GO:0000421;GO:0097352;GO:0005764;GO:0017124;GO:0071985;GO:0007051;GO:0006890;GO:0007098;GO:0005769;GO:0005768;GO:0045335;GO:1901098;GO:0071900;GO:0000775;GO:0097680;GO:0032991;GO:0032801;GO:0000149
O07008	GO:0003700;GO:0000976;GO:0006355
Q9W4K2	GO:0015889;GO:0031419;GO:0005615
Q3M5D0	GO:0003677;GO:0006351;GO:0032549;GO:0003899
A8XT37	GO:0003924;GO:0005759;GO:0005743;GO:0005739;GO:0043022;GO:0045727;GO:0006412;GO:0005525
O24371	GO:0016702;GO:0009534;GO:0016165;GO:0009570;GO:0034440;GO:0046872;GO:0031408
Q2JL43	GO:0042026;GO:0005737;GO:0051082;GO:0005524
P36594	GO:0006366;GO:0000790;GO:0005634;GO:0003899;GO:0003677;GO:0005665;GO:0046872;GO:0005829
Q8IYX4	GO:0048255;GO:0003730;GO:0005634;GO:0007281;GO:0003729;GO:0005737;GO:0060965;GO:0007275;GO:0003723;GO:0061158
Q08080	GO:0006457;GO:0051082;GO:0009570;GO:0005524
P92961	GO:0015824;GO:0005886;GO:0015193;GO:0016021
Q8FQP1	GO:0006308;GO:0009318;GO:0008855;GO:0003676;GO:0005737
Q1J1V8	GO:0000049;GO:0005737;GO:0005524;GO:0004826;GO:0000287;GO:0006432
Q14749	GO:0042802;GO:0046498;GO:0006730;GO:0006111;GO:0006555;GO:0051289;GO:1901052;GO:0016594;GO:0017174;GO:0032259;GO:0006464;GO:0005542;GO:0005977;GO:0034641;GO:1904047;GO:0046500;GO:0005829
P24517	GO:0008094;GO:0003684;GO:0005524;GO:0046872;GO:0000725
P11611	GO:0005634;GO:0000922;GO:0000775;GO:0005737;GO:0046872;GO:0004721
Q1WUE8	GO:0006457;GO:0051082;GO:0005524
Q9SIE1	GO:0009094;GO:0009095;GO:0030170;GO:0004069;GO:0009793;GO:0033853;GO:0009570;GO:0009507;GO:0033854
B5R0E7	GO:0046872;GO:0000049;GO:0005737;GO:0005524;GO:0006431;GO:0004825
O95071	GO:0070936;GO:0005634;GO:0005654;GO:0003723;GO:0090263;GO:0006974;GO:2000780;GO:0016032;GO:0061630;GO:0006281;GO:0016020;GO:1901315;GO:0034450;GO:0005829;GO:0050847;GO:2000779;GO:0010628;GO:0043130;GO:0048471;GO:0042307;GO:0000209;GO:0008270;GO:0032991
Q46577	GO:0009380;GO:0016887;GO:0009432;GO:0003677;GO:0006289;GO:0005737;GO:0009381;GO:0008270;GO:0005524
P14403	GO:0019028;GO:0003725;GO:0039502;GO:0042025;GO:0019031;GO:0003724;GO:0039564;GO:0075512;GO:0005198;GO:0039654;GO:0005576;GO:0055036;GO:0046983;GO:0044220;GO:0039563;GO:0044167;GO:0005524;GO:0016021;GO:0019062;GO:0004252
Q3HTN1	GO:0090729;GO:0005576;GO:0004222;GO:0046872
Q9YNE3	GO:0046740;GO:0044219
Q9S4P4	GO:0016567;GO:0005576;GO:0009405;GO:0033650;GO:0004842
Q58DX5	GO:0005654;GO:0009617;GO:0016021
P24425	GO:0004797;GO:0071897;GO:0005524;GO:0006230
P29142	GO:0005576;GO:0030435;GO:0004252;GO:0046872
P58348	GO:0019253;GO:0000287;GO:0004497;GO:0016984
Q54BM5	GO:0005634;GO:0045131;GO:0003729;GO:0000398;GO:0008270;GO:0003723;GO:0000381;GO:0000243
B6IVA4	GO:0006457;GO:0051082;GO:0005524
P51842	GO:0042802;GO:0004672;GO:0120200;GO:0050908;GO:0007165;GO:0016021;GO:0044877;GO:0019934;GO:0005886;GO:0007168;GO:0001653;GO:0005524;GO:0016020;GO:0005525;GO:0004383;GO:0006182
Q2QZF1	GO:0006952;GO:0043531;GO:0005524
P55994	GO:0006457;GO:0005829;GO:0051082;GO:0005524
Q24118	GO:1902004;GO:0005802
Q8IUG5	GO:0001570;GO:0031941;GO:0003779;GO:0005634;GO:0016461;GO:0001701;GO:0005524;GO:0030018;GO:0048739;GO:0003774
O73885	GO:0051082;GO:0005634;GO:0006986;GO:0061738;GO:0048568;GO:0005737;GO:0061741;GO:1990833;GO:0042026;GO:1990832;GO:0030424;GO:0061740;GO:0016192;GO:0034620;GO:0044183;GO:0043195;GO:0099524;GO:0005886;GO:0008088;GO:0030425;GO:0005524;GO:0051085;GO:0005829;GO:0031072;GO:0016887;GO:0051787;GO:0005764;GO:0007369;GO:0051219;GO:0005776;GO:1990904;GO:0099523;GO:1904764;GO:0009792
Q6BSL7	GO:0001732;GO:0071540;GO:0003743;GO:0016282;GO:0033290;GO:0071541;GO:0034399
A5EG60	GO:0042026;GO:0005737;GO:0051082;GO:0005524
Q6PEW1	GO:0003676;GO:0030374;GO:0005634;GO:0008270
Q5F471	GO:0005634;GO:0043666;GO:0019903;GO:0019888;GO:0005829
Q8C0M0	GO:0005765;GO:0061700;GO:0034198;GO:0032008
P0C8Z4	GO:0003723
C1A8L8	GO:0042026;GO:0005737;GO:0051082;GO:0005524
A1S8N5	GO:0016655;GO:0006814
Q7NFA4	GO:0051539;GO:0016114;GO:0005506;GO:0046429;GO:0019288
B4T842	GO:0009380;GO:0009432;GO:0003677;GO:0006289;GO:0005737;GO:0009381
Q47278	GO:0005576;GO:0034053
Q5AD13	GO:0036170;GO:0036180;GO:0030447;GO:0005634;GO:0009267;GO:0046872
Q86NH1	GO:0048495;GO:0042734;GO:0007399;GO:0040011;GO:0007165;GO:0090630;GO:0017048;GO:0008088;GO:0005102;GO:0030030;GO:0034613;GO:0043005;GO:0030154;GO:0005096;GO:0045202
Q52QW5	GO:0016117;GO:0016767;GO:0004310;GO:0009507;GO:0051996
Q968X7	GO:0051539;GO:0006090;GO:0010181;GO:0045333;GO:0005739;GO:0016491;GO:0005506;GO:0022900;GO:0050243;GO:0030976
A1CTK4	GO:0030600;GO:0005576;GO:0046872;GO:0045493
Q10444	GO:0031505;GO:0000935;GO:0005576;GO:0008422;GO:0016021;GO:0009986;GO:0009251;GO:0006073;GO:1904541;GO:0004338;GO:0031520;GO:1990819
C5CAR1	GO:0065002;GO:0006605;GO:0005737;GO:0005886;GO:0017038;GO:0005524
Q5E8W9	GO:0051539;GO:0016830;GO:0009229;GO:0009228;GO:0008270
Q61286	GO:1990837;GO:0005634;GO:0090575;GO:0005654;GO:0005737;GO:0042803;GO:0046982;GO:0045893;GO:0035497;GO:0045666;GO:0000978;GO:0016607;GO:0043231;GO:0043425;GO:0010628;GO:0008134;GO:0000790;GO:0005667;GO:0045944;GO:0003700;GO:0046332;GO:0070888;GO:0001228;GO:0003677;GO:0071837
O43361	GO:0006357;GO:0001227;GO:0000790;GO:0000981;GO:0000122;GO:0046872;GO:0000977
B0TT81	GO:0009168;GO:0008270;GO:0009117;GO:0004000
Q4JK59	GO:0030099;GO:0005634;GO:0072576;GO:0030097;GO:0070989;GO:0005654;GO:0002318;GO:0006211;GO:0019858;GO:0048872;GO:0008198;GO:0001822;GO:0080182;GO:0007049;GO:0006493;GO:0048536;GO:0070579;GO:0045944;GO:0080111;GO:0019857;GO:0003677;GO:0020027;GO:0061484;GO:0008270;GO:0035511;GO:0009791
B3EWZ6	GO:0005576;GO:0016020
P54860	GO:0006511;GO:0016567;GO:0070936;GO:0005634;GO:0030433;GO:0031398;GO:0005737;GO:0000209;GO:0034450;GO:0000151
O74790	GO:1903026;GO:0015038;GO:0006879;GO:0005634;GO:0051604;GO:0051537;GO:0044572;GO:0005737;GO:0140311;GO:0046872;GO:0005829;GO:0001102;GO:0015035;GO:0009055
P55200	GO:0042802;GO:0051571;GO:0018026;GO:0005634;GO:0035162;GO:0032411;GO:0006306;GO:0008285;GO:0008542;GO:0005654;GO:2001040;GO:0042803;GO:0051899;GO:0043984;GO:0045322;GO:0051569;GO:0045893;GO:0032922;GO:0097692;GO:2000615;GO:0065003;GO:0044648;GO:0050890;GO:0070577;GO:0005829;GO:1901674;GO:0003682;GO:0080182;GO:0000976;GO:0048873;GO:0009416;GO:0071339;GO:0042800;GO:0035640;GO:0060216;GO:0048536;GO:0009952;GO:0051568;GO:0045944;GO:0071440;GO:1905642;GO:0048172;GO:0035864;GO:0003677;GO:0035097;GO:0008270;GO:0009791;GO:0010468
Q5ZK69	GO:0000502
P9WKB2	GO:0019432;GO:0004144;GO:0006071
Q2JL88	GO:0008360;GO:0009252;GO:0007049;GO:0051301;GO:0071555;GO:0005737;GO:0008763;GO:0005524
E4W8Y2	GO:0070967;GO:0016705;GO:0052749;GO:0005975
B2HDP0	GO:0006541;GO:0003922;GO:0005524;GO:0016462
A1KFW0	GO:0010125;GO:0000287;GO:0102710;GO:0008375
Q64424	GO:0005509;GO:0034638;GO:0019376;GO:0102549;GO:0004806;GO:0004620;GO:0047372;GO:0019433;GO:0047714;GO:0016020;GO:0009395;GO:0005615
Q9I8T7	GO:0051879;GO:0007283;GO:2001016;GO:0032007;GO:0042634;GO:2000074;GO:0046982;GO:0045893;GO:0090263;GO:0032922;GO:0060137;GO:0090403;GO:0045599;GO:0042176;GO:0051775;GO:0007623;GO:0050796;GO:0043425;GO:0016605;GO:0042753;GO:0050767;GO:0005667;GO:0006606;GO:2000772;GO:0017162;GO:1901985;GO:0045892;GO:0033391;GO:0120163;GO:0070888;GO:0001228;GO:0003677;GO:0043161;GO:0051726;GO:2000323
A5UML4	GO:0051539;GO:0004160;GO:0009099;GO:0009097;GO:0046872
Q5R5T0	GO:0007610;GO:0004809;GO:0000049;GO:0046872
P36166	GO:0005935;GO:0005933;GO:0005094;GO:0030427;GO:0005934;GO:0000131;GO:0035023;GO:0005737;GO:0043332;GO:0046872;GO:0030011
Q5KU26	GO:0042742;GO:0009756;GO:0006952;GO:0034138;GO:0030666;GO:0031012;GO:0005886;GO:0016021;GO:0006910;GO:0005581;GO:0038187;GO:0060355;GO:0006898;GO:0071360;GO:0005534;GO:0046872;GO:0005044;GO:0045087;GO:0005615;GO:0030169;GO:0050776
Q95JT3	
A2AJ76	GO:0030054;GO:0005509;GO:0005576;GO:0005604;GO:0032154;GO:0031012;GO:0005938;GO:0005615;GO:0062023;GO:0050896
Q3V0G7	GO:0005096;GO:0051056
Q8CE72	GO:0060976;GO:0007507;GO:0042733;GO:0001736;GO:0003281;GO:0060021;GO:1904491;GO:0016021;GO:0035869;GO:0021549;GO:0060271;GO:0001822;GO:0003279
Q96RE9	GO:0000978;GO:0006357;GO:0005634;GO:0000981;GO:0005730;GO:0001228;GO:0005654;GO:0016604;GO:0043565;GO:0046872;GO:0045944
A2X2G3	GO:0004721;GO:0046872;GO:0005737
A9R1Q6	GO:0031241;GO:0008360;GO:0009252;GO:0030234
P08043	GO:0000977;GO:0006357;GO:0046872;GO:0000790;GO:0000981
P54742	GO:0004674;GO:0005524
A6WDL7	GO:0004823;GO:0006429;GO:0002161;GO:0005737;GO:0005524
A2QFK0	GO:0016592;GO:0006357;GO:0003712
Q328Y9	GO:0004125;GO:0005737;GO:0001514;GO:0097056
B8G1Y7	GO:0004017;GO:0005737;GO:0008270;GO:0005524;GO:0044209
Q5ZJY3	GO:0005096;GO:0051056
Q80WQ2	GO:0019209;GO:0042802;GO:0033674;GO:0000306;GO:0006970;GO:0043231;GO:0005774;GO:0006661;GO:0005783;GO:0010008;GO:0005829;GO:0070772
Q9QWK5	GO:0016045;GO:0042742;GO:0046872;GO:0072557;GO:0043027;GO:0071391;GO:0006954;GO:0043025;GO:0043066;GO:0005737;GO:0043154;GO:0070269;GO:0005524;GO:0043005;GO:0016323;GO:0043204
Q4LE39	GO:0000976;GO:0006357;GO:0007283;GO:0005634;GO:0045944;GO:0036124;GO:0005654;GO:0097368;GO:0005737;GO:0034773;GO:0006349
F4IZM8	GO:0009908;GO:0006357;GO:0005634;GO:0006397;GO:0003712;GO:0003690
O43815	GO:0043197;GO:0030331;GO:0016055;GO:0045211;GO:0051721;GO:0005516;GO:0016358;GO:0008285;GO:0044877;GO:0070016;GO:0070830;GO:0043025;GO:0005737;GO:0016020;GO:0030425;GO:0005923;GO:0090443;GO:0014069;GO:0007626
Q5RJQ0	GO:0006012;GO:0005802;GO:0000139;GO:0006954;GO:0016021;GO:0042339;GO:0006044;GO:0006790;GO:0001517;GO:0045130;GO:0008146
A9U328	GO:0017108;GO:0005739;GO:0006260;GO:0005730;GO:0043137;GO:0003677;GO:0005654;GO:0000287;GO:0006284;GO:0008409
Q8TDX9	GO:0070986;GO:0050982;GO:0097730;GO:0098609;GO:0003127;GO:0034704;GO:0016020;GO:0005929;GO:0005262;GO:0060170
Q7VVX6	GO:0005737;GO:0006741;GO:0019674;GO:0005524;GO:0046872;GO:0003951
Q1AT41	GO:0000105;GO:0009086;GO:0004477;GO:0004488;GO:0006164;GO:0035999
Q97B59	GO:0002101;GO:0005737;GO:0016879;GO:0005524
P0DKC0	GO:0005789;GO:0010155;GO:0005886;GO:0016021
Q59060	GO:0051607;GO:0004519
A6LVB6	GO:0050567;GO:0005524;GO:0006412
A8XAC4	GO:0019187;GO:0005737;GO:0009636;GO:0006486
A2C0H4	GO:0008534;GO:0006289;GO:0008270;GO:0140078;GO:0003684;GO:0006284
Q1AZ75	GO:0006260;GO:0003677;GO:0006281;GO:0046872;GO:0003911
P34106	GO:0004021;GO:0009058;GO:0042853;GO:0030170
B7NFT5	GO:0051539;GO:0016830;GO:0009229;GO:0009228;GO:0008270
A5D7E2	GO:0072657;GO:0005769;GO:0001666;GO:0006909;GO:0007155;GO:0070863;GO:0016020;GO:0005794;GO:0016021;GO:0070072;GO:0051453;GO:2000010
C0QRV6	GO:0006096;GO:0005576;GO:0009986;GO:0000015;GO:0004634;GO:0000287
B4SX34	GO:0016567;GO:0005576;GO:0009405;GO:0043657;GO:0004842
A1A4S6	GO:0007165;GO:0043066;GO:0005886;GO:0051056;GO:0007010;GO:0005829;GO:0048471;GO:0005096
Q4IA56	GO:0046872;GO:0008237;GO:0005739
Q87HX3	GO:0008878;GO:0005524;GO:0005978
Q0SYL1	GO:0006146;GO:0000034
Q0BZK3	GO:0019556;GO:0019557;GO:0005737;GO:0050480;GO:0008270;GO:0005506
C6TBN2	GO:0016491
Q2LRC1	GO:0000287;GO:0008966;GO:0005975
P52643	GO:0009408;GO:0070404;GO:0019664;GO:0008720;GO:0005829
Q09551	GO:0017064;GO:0006665;GO:0006631;GO:0016810;GO:0005764;GO:0102121;GO:0017040
Q7N9D9	GO:0009401;GO:0016301;GO:0005886;GO:0016021;GO:0008982
Q2YB22	GO:0002161;GO:0005737;GO:0004832;GO:0005524;GO:0006438
P15396	GO:0050728;GO:0005509;GO:0005576;GO:0016324;GO:0033007;GO:0035529;GO:0003676;GO:0006220;GO:0004528;GO:0046034;GO:0009143;GO:0002276;GO:0008270;GO:0016021;GO:0047429;GO:0036218;GO:0048471;GO:0070667;GO:0009897
A0A443HK81	GO:0016788;GO:0006633;GO:0031410;GO:0004315;GO:0031177
A1K5J1	GO:0000049;GO:0006424;GO:0005737;GO:0005524;GO:0008270;GO:0004818
O68273	GO:0017150;GO:0010181;GO:0000049;GO:0050660
O13831	GO:0005634;GO:0005737;GO:0000162;GO:0004834;GO:0005829
C1CLE8	GO:0006541;GO:0003922;GO:0005524;GO:0016462
P0CG31	GO:0000978;GO:0006357;GO:0046872;GO:0005634;GO:0000981
P08069	GO:1904646;GO:0043410;GO:0043066;GO:0006955;GO:0016032;GO:0005524;GO:0140318;GO:0008286;GO:0005887;GO:0035867;GO:0043560;GO:0038083;GO:0007275;GO:0046328;GO:0071333;GO:0005899;GO:0043243;GO:1902911;GO:0005010;GO:0048015;GO:0043235;GO:0051897;GO:0042802;GO:0005158;GO:0031994;GO:0007165;GO:0014068;GO:0043548;GO:0045056;GO:0005198;GO:0030424;GO:0042593;GO:0097242;GO:0005009;GO:0051389;GO:0014065;GO:0005886;GO:0016020;GO:0046777;GO:0043231;GO:0120162;GO:0004713;GO:0008284;GO:0007169;GO:0030335;GO:0004714;GO:0097062;GO:0033674;GO:0043559;GO:0005520;GO:0048009
Q1D6R1	GO:0019556;GO:0005737;GO:0004397;GO:0019557
Q8C4A5	GO:0003682;GO:0006351;GO:0051055;GO:0042975;GO:0009887;GO:0035517;GO:0003677;GO:0046872;GO:0045944
Q28ZC1	GO:0032447;GO:0000049;GO:0002098;GO:0005829;GO:0016779;GO:0034227
P79621	GO:0005654;GO:0000122;GO:0005525;GO:0045893;GO:0034341;GO:0071346;GO:0009986;GO:0016301;GO:0008022;GO:0005524;GO:0005829;GO:0071257;GO:0016605;GO:0000976;GO:0046677;GO:0006954;GO:0045348;GO:0016746;GO:0007568;GO:0045944;GO:0045892;GO:0071360;GO:0044877;GO:0045345;GO:0033613
Q92035	GO:0001507;GO:0043083;GO:0090729;GO:0003990;GO:0005886
Q8UWJ4	GO:1902036;GO:0030165;GO:0005112;GO:0002244;GO:0005737;GO:0007219;GO:0005886;GO:0016020;GO:0016021;GO:0005509;GO:0035469;GO:0021523;GO:0060271;GO:0071910;GO:0060218;GO:0009952;GO:0048471;GO:0021514;GO:0001756;GO:0045746;GO:0007368;GO:0003140;GO:0048546;GO:0046331;GO:0061056
Q570S7	GO:0005802;GO:0000139;GO:0016760;GO:0009833;GO:0071555;GO:0005886;GO:0005794;GO:0030244;GO:0016021;GO:0051753
Q58294	GO:0003689;GO:0005524;GO:0006260
Q92C85	GO:0006457;GO:0051301;GO:0007049;GO:0005737;GO:0003755;GO:0015031
Q924A2	GO:0003682;GO:0045892;GO:0007420;GO:0005634;GO:0007613;GO:0003677;GO:0005654;GO:0000122;GO:0007612;GO:0035176;GO:0048286;GO:0032991;GO:0043231
Q9UHI8	GO:1904707;GO:1900087;GO:0005604;GO:0004222;GO:0008237;GO:0060347;GO:0008201;GO:0001542;GO:0008285;GO:0031012;GO:1904754;GO:0030198;GO:0007229;GO:0001822;GO:0008270;GO:0031410;GO:0016525
B2I0J2	GO:0009073;GO:0005737;GO:0009423;GO:0000166;GO:0046872;GO:0003856
Q642B9	GO:0000978;GO:0006357;GO:0005634;GO:0000981;GO:0046872
Q6PB44	GO:0005769;GO:0005768;GO:1903393;GO:2000643;GO:0005634;GO:0019901;GO:0043162;GO:0061357;GO:0004725;GO:0010633;GO:0005654;GO:0016604;GO:0005737;GO:0036064;GO:0060271;GO:1903387;GO:0045022;GO:0005829;GO:0032456;GO:0015031
Q8VHI7	GO:0060285;GO:0005858;GO:0060271;GO:0005930;GO:0031514;GO:0036064;GO:0003352;GO:0070286
B1JMD2	GO:0008791;GO:0019545;GO:0019544
Q2TAQ1	GO:0005634;GO:0033588;GO:0002098;GO:0005737
B4ZIX8	GO:0051301;GO:0034088;GO:0005634;GO:0090694;GO:0005654;GO:0071921;GO:0032116;GO:0000785
O60056	GO:0000978;GO:0006357;GO:0005634;GO:0000981;GO:0008270
Q8H0W2	GO:0005634;GO:0043565;GO:0005737;GO:1900055;GO:0010187;GO:0032041;GO:0005829;GO:1990619
O28385	GO:0003924;GO:0003746;GO:0005737;GO:0005525
Q2JIT3	GO:0006096;GO:0005576;GO:0009986;GO:0000015;GO:0004634;GO:0000287
P19827	GO:0005509;GO:0005576;GO:0070062;GO:0072562;GO:0004867;GO:0030212;GO:0062023
Q9SUY9	GO:0102337;GO:0102756;GO:0006633;GO:0102338;GO:0016021;GO:0102336
Q0IAE0	GO:0004823;GO:0006429;GO:0002161;GO:0005737;GO:0005524
B2UR52	GO:0051539;GO:0004160;GO:0009099;GO:0009097;GO:0046872
Q603T9	GO:0051539;GO:0016830;GO:0009229;GO:0009228;GO:0008270
Q9NVR2	GO:0032039;GO:0005634;GO:0042795;GO:0005654;GO:0016180
A0A0B4K7J2	GO:0051292;GO:0005634;GO:0005642;GO:0007281;GO:0005737;GO:0010528;GO:0035626;GO:0043547;GO:1903827;GO:0010628;GO:0019789;GO:0008284;GO:0034587;GO:0006606;GO:1900182;GO:0005643;GO:0007419;GO:0051028;GO:0046833;GO:0008536;GO:0006607;GO:0046872
Q9CIT0	GO:0006096;GO:0005576;GO:0009986;GO:0000015;GO:0004634;GO:0000287
Q1RJR4	
Q75BB5	GO:0034975;GO:0005789;GO:0003756;GO:0015035;GO:0016972;GO:0016671
Q9X2S4	GO:0006457;GO:0051082;GO:0016042;GO:0005886;GO:0016021
Q8BB47	GO:0003677;GO:0016032;GO:0042025;GO:0006355
Q8LPT9	GO:0102218;GO:0102216;GO:0005524;GO:0046872;GO:0009507;GO:0005975
P86687	GO:0006952;GO:0005576;GO:0004415;GO:0005975
A5CD12	GO:0006435;GO:0000049;GO:0004829;GO:0005737;GO:0005524;GO:0046872
P94695	GO:0006457;GO:0051082;GO:0005524
Q75BN0	GO:0005739;GO:0005634;GO:0000981;GO:0003677;GO:0008270;GO:0045944
C0R200	GO:0006633;GO:0005737;GO:0043811;GO:0008654
O02482	GO:0008134;GO:0045892;GO:0050803;GO:0050770;GO:0005634;GO:0005667;GO:0003714;GO:0070491;GO:0090090;GO:0001505;GO:0007268;GO:0045202
Q60585	GO:0000978;GO:0006357;GO:0046872;GO:0005634;GO:0000981
Q3AVJ1	GO:0000049;GO:0005737;GO:0005524;GO:0004826;GO:0000287;GO:0006432
A5UQV9	GO:0016829;GO:0016151
Q2S915	GO:0006412;GO:0016740;GO:0003735;GO:0019843;GO:0015934
P49295	GO:0015995;GO:0050661;GO:0006782;GO:0009507;GO:0008883
Q45747	GO:0009405;GO:0090729;GO:0005102;GO:0030435
Q1RKC5	GO:0009002;GO:0008360;GO:0009252;GO:0046677;GO:0008955;GO:0016021;GO:0071555;GO:0005886;GO:0008658
Q58846	
Q296Q5	GO:0060213;GO:0043186;GO:0006342;GO:0007283;GO:0003676;GO:0005634;GO:0008298;GO:0030423;GO:0030720;GO:0046843;GO:0000335;GO:0030717;GO:0003724;GO:0007076;GO:0007294;GO:0001556;GO:0009949;GO:0009951;GO:0005524;GO:0007317
Q72IK5	GO:0006457;GO:0051082;GO:0005524
Q3SR42	
P24307	GO:0003678;GO:0006260;GO:0019079;GO:0003677;GO:0005524;GO:0039715
P13734	GO:0008152;GO:0033916;GO:0005576
Q9LNR3	GO:0016702;GO:0009901;GO:0009555;GO:0031408;GO:0009507;GO:0016165;GO:0080086;GO:0009620;GO:0009611;GO:0034440;GO:0046872;GO:0048653;GO:0009753;GO:0009644
Q5X7W3	GO:0004325;GO:0006783;GO:0005737;GO:0046872
Q9SRV7	GO:0031201;GO:0005484;GO:0006887;GO:0006886;GO:0005886;GO:0006906;GO:0012505;GO:0016021;GO:0000149;GO:0048278
P52288	GO:0003677;GO:0046872;GO:0005634;GO:0005975
Q8JZY4	GO:0005739;GO:0042645;GO:0097745;GO:0005654;GO:0001682;GO:0046872;GO:0030678;GO:0004526
O09000	GO:0030331;GO:2000036;GO:0005634;GO:0060713;GO:0072091;GO:0090575;GO:0047485;GO:0005654;GO:0043066;GO:0005737;GO:0033145;GO:0005794;GO:0045618;GO:0030307;GO:0035264;GO:0032870;GO:0004402;GO:0005829;GO:0035257;GO:2000737;GO:0010628;GO:0003682;GO:0097718;GO:0000790;GO:0043697;GO:0051091;GO:0042975;GO:1902459;GO:0016922;GO:0000977;GO:0050681;GO:0048471;GO:0045944;GO:2000035;GO:0030374;GO:0000993;GO:0060068;GO:0060744;GO:0044877;GO:0046983;GO:0001228;GO:0071392;GO:0003713;GO:0048589;GO:0033148;GO:0032991
Q9PJY4	GO:0009245;GO:0008915
Q9PUH7	GO:0102568;GO:0005509;GO:0004623;GO:0005576;GO:0090729;GO:0102567;GO:0016042;GO:0006644;GO:0050482
A9VKE9	GO:0006082;GO:0008776;GO:0005737;GO:0005524;GO:0000287;GO:0006085
Q2JWP0	GO:0009039;GO:0005737;GO:0016151;GO:0043419
B1JVZ2	GO:0042744;GO:0004096;GO:0046872;GO:0006979;GO:0020037
A8AZA7	GO:0006433;GO:0002161;GO:0005737;GO:0005524;GO:0004827
Q22523	GO:0046872;GO:0005886;GO:0004222;GO:0016021
Q9LPV4	GO:0048767;GO:0022857;GO:0016020;GO:0015297;GO:0005774;GO:0016021;GO:0042910
Q8C9B9	GO:0005819;GO:0006351;GO:0005634;GO:0097190;GO:0005654;GO:0005737;GO:0046872
Q8CW90	GO:0038023;GO:0055072;GO:0016021;GO:0015344;GO:0009279
P00783	GO:0005576;GO:0030435;GO:0004252;GO:0046872
Q197W8	GO:0009524;GO:0005856;GO:0005730
P17998	GO:0042742;GO:0019835;GO:0009405;GO:0004540;GO:0005727
Q05688	GO:0043560;GO:0043410;GO:0004713;GO:0043066;GO:0005737;GO:0014068;GO:0043548;GO:0007275;GO:0046328;GO:0071333;GO:0005198;GO:0007169;GO:0030424;GO:0005899;GO:0042593;GO:0004714;GO:0005009;GO:0033674;GO:0051389;GO:0005010;GO:0005520;GO:0005886;GO:0046777;GO:0048009;GO:0005524;GO:0043235;GO:0051897;GO:0005887
P0C0E0	GO:0006351;GO:0003899;GO:0003677;GO:0008270;GO:0000287
P13009	GO:0009086;GO:0008705;GO:0032259;GO:0005737;GO:0050667;GO:0008270;GO:0005829;GO:0035999;GO:0031419
Q969S9	GO:0003924;GO:0005759;GO:0006414;GO:0032790;GO:0005739;GO:0005525;GO:0032543;GO:0070126
Q9CEU0	GO:0009073;GO:0005737;GO:0009423;GO:0003866
P33302	GO:0042802;GO:0046677;GO:0046898;GO:0005739;GO:0008559;GO:0016887;GO:0071944;GO:0005886;GO:0042493;GO:0005524;GO:0016021;GO:0030003;GO:1990961
Q4WJJ3	GO:0005576;GO:0008422;GO:0030245;GO:0009251;GO:0102483
Q2FM37	GO:0009099;GO:0050661;GO:0009097;GO:0000287;GO:0004455
Q197F4	GO:0016021
Q2JTH3	GO:0008360;GO:0009252;GO:0007049;GO:0051301;GO:0071555;GO:0005737;GO:0008763;GO:0005524
P19702	GO:0020002;GO:0046761;GO:0019064;GO:0055036;GO:0019031;GO:0075512;GO:0046789;GO:0016021;GO:0039654;GO:0019062
Q13D13	GO:0004152;GO:0005737;GO:0005886;GO:0044205;GO:0006207
Q70626	GO:0019012;GO:0019082;GO:0019064;GO:0020002;GO:0044175;GO:0039654;GO:0055036;GO:0019031;GO:0075512;GO:0002223;GO:0090527;GO:1903905;GO:1903908;GO:0016021;GO:0005198;GO:0030683;GO:0019062;GO:1903911
Q9WY22	GO:1990077;GO:0043138;GO:0003677;GO:0006270;GO:0006310;GO:0005524;GO:0006269;GO:0006268;GO:0008270;GO:0006302
Q2KJH6	GO:0032964;GO:0051082;GO:0005518;GO:0051604;GO:0004867;GO:0045121;GO:0005788;GO:0005793;GO:0005783;GO:0003433;GO:0030199;GO:0010951;GO:0005615
Q9R1C0	GO:0005634;GO:0001097;GO:0006469;GO:0030520;GO:0005654;GO:0005737;GO:0000122;GO:0005794;GO:0035035;GO:0006352;GO:0035067;GO:0046966;GO:0046982;GO:0061628;GO:0006357;GO:0042809;GO:0090241;GO:0045344;GO:0045347;GO:0008134;GO:0000976;GO:0106140;GO:0071339;GO:0005669;GO:0005667;GO:0051123;GO:0045944;GO:0006366;GO:0045892;GO:0016251;GO:0033276;GO:0006367
Q10028	GO:0004672;GO:0007165;GO:0035556;GO:0007168;GO:0005525;GO:0005886;GO:0001653;GO:0005524;GO:0016021;GO:0006182;GO:0004383
B3WF19	GO:0000049;GO:0005737;GO:0005524;GO:0004826;GO:0000287;GO:0006432
Q00488	GO:0006457;GO:0051082;GO:0005524
Q62671	GO:0070936;GO:0032700;GO:0005634;GO:0003723;GO:0090263;GO:0006974;GO:0016567;GO:2000780;GO:0061630;GO:0006281;GO:0031647;GO:1901315;GO:0034450;GO:0005829;GO:0050847;GO:2000779;GO:0010628;GO:0043130;GO:0048471;GO:0042307;GO:0019904;GO:0000209;GO:0008270;GO:0032991
B8ZRZ2	GO:0008534;GO:0006289;GO:0008270;GO:0140078;GO:0003684;GO:0006284
B5F2U1	GO:0009380;GO:0009432;GO:0003677;GO:0006289;GO:0005737;GO:0009381
Q01168	GO:0003700;GO:0006357;GO:0005634;GO:0042128;GO:0043565;GO:0008270
P49852	GO:0005344;GO:0071500;GO:0071949;GO:0019825;GO:0046872;GO:0008941;GO:0046210;GO:0009636;GO:0020037
A1DFW7	GO:0005634;GO:0019135;GO:0005737;GO:0046872;GO:0008612;GO:0000226
B8MG72	GO:0031902;GO:0005794;GO:0015031;GO:0016021
Q47QV9	GO:0006428;GO:0004822;GO:0002161;GO:0000049;GO:0005737;GO:0005524;GO:0008270
B4GHY8	GO:0032447;GO:0000049;GO:0002098;GO:0005829;GO:0016779;GO:0034227
P50019	GO:0006457;GO:0051082;GO:0005524
P43047	
B7PY76	GO:0000466;GO:0000463;GO:0005730;GO:0043021;GO:0005654;GO:0030687
O87777	GO:0006457;GO:0051082;GO:0005524
Q97BP4	GO:0006541;GO:0009236;GO:0042242;GO:0005524
Q5ZYE7	GO:0004325;GO:0006783;GO:0005737;GO:0046872
Q18AN9	GO:0003678;GO:0008408;GO:0000724;GO:0005524;GO:0003690
Q6DD19	GO:0006351;GO:0005634;GO:0003677;GO:0003723;GO:0045893
B1YRS4	GO:0009073;GO:0005737;GO:0009423;GO:0000166;GO:0046872;GO:0003856
Q29JQ0	GO:0005739
Q5SSG4	GO:0060296;GO:0008017;GO:0005874;GO:0008093;GO:0035371;GO:0001965;GO:0005737;GO:0005884;GO:0005886;GO:0007026;GO:0045745;GO:0001578;GO:0051015;GO:0036064;GO:1904825;GO:0051764;GO:0031110;GO:0000226
Q7NKF0	GO:0030956;GO:0016787;GO:0050567;GO:0005524;GO:0006412
Q8SS40	GO:0004826;GO:0005737;GO:0005524;GO:0003723;GO:0000287;GO:0006432
A5F7A4	GO:0008152;GO:0005576;GO:0033691;GO:0052796;GO:0052795;GO:0052794
Q9ES71	GO:0008611;GO:0007584;GO:0005739;GO:0005777;GO:0006631;GO:0021587;GO:0042552;GO:0006650;GO:0007416;GO:0042493;GO:0031966;GO:0003824;GO:0016287;GO:0016290;GO:0070542;GO:0005778;GO:0061024;GO:0030913;GO:0042594;GO:0008654
B0XPE1	GO:0008422;GO:0030245;GO:0005576;GO:0102483
Q9J513	
A0LEH2	GO:0042026;GO:0005737;GO:0051082;GO:0005524
A7GZ43	GO:0042026;GO:0005737;GO:0051082;GO:0005524
Q8X9F0	GO:0003723;GO:0001522;GO:0006364;GO:0120159
B5ZQW5	GO:0003676;GO:0006430;GO:0005737;GO:0004824;GO:0005524;GO:0000287
Q7M8X1	GO:0000105;GO:0009086;GO:0004477;GO:0004488;GO:0006164;GO:0035999
P54490	GO:0016757
Q48VR0	GO:0006351;GO:0003899;GO:0003677;GO:0008270;GO:0000287
B1ICM9	GO:0006541;GO:0003922;GO:0005524;GO:0016462
P18593	
Q7MJ08	GO:0009245;GO:0009029;GO:0005524
Q924H7	GO:0005681;GO:0003682;GO:0000993;GO:0071894;GO:0016239;GO:0032435;GO:0044783;GO:0005654;GO:0010390;GO:0016607;GO:0045893;GO:0006974
Q7N2S6	GO:0048472;GO:0015420;GO:0009236;GO:0005886;GO:0016021
P07566	GO:0046872;GO:0055036;GO:0039619;GO:0019031;GO:0033650;GO:0075512;GO:0019013;GO:0016021;GO:0003723;GO:0039654;GO:0044178;GO:0019062
Q9FF61	GO:0003676;GO:0005634;GO:0005524;GO:0008270;GO:0004386;GO:0006325
C5P0Z4	GO:0005739;GO:0046872;GO:0016021;GO:0004519
Q7MZN0	GO:0003676;GO:0005737;GO:0052914
Q5WLR5	GO:0003924;GO:0003746;GO:0005737;GO:0005525
O06966	
C3PLR3	GO:0004828;GO:0016260;GO:0097056;GO:0006434;GO:0005737;GO:0005524
A4TN50	GO:0050418;GO:0005737;GO:0051537;GO:0046872
B5ZBC9	GO:0005525;GO:0003924;GO:0005737;GO:0003743
A6LKK5	GO:0065002;GO:0006605;GO:0005737;GO:0005886;GO:0017038;GO:0005524
P75354	
B7GUF2	GO:0000287;GO:0008966;GO:0005975
D3ZSK5	GO:0034968;GO:0051059;GO:0050727;GO:0018026;GO:0005634;GO:0019827;GO:0005654;GO:0032088;GO:0005829;GO:0048863;GO:0016279
Q3IPH3	GO:0004812;GO:0050567;GO:0005737;GO:0005524;GO:0006412
Q4WLK5	GO:0000045;GO:0030242;GO:0000407;GO:0005789;GO:0061709;GO:0000422;GO:0032266;GO:0019898;GO:0034045;GO:0034727;GO:0044805;GO:0015031
A4XZ97	GO:0003677;GO:0006351;GO:0032549;GO:0003899
Q7VG78	GO:0008725;GO:0005524;GO:0006541;GO:0003922;GO:0008080;GO:0006284;GO:0016462
P50075	GO:0046872;GO:0046677;GO:0006265;GO:0003677;GO:0003918;GO:0005737;GO:0005694;GO:0005524;GO:0006261
O88984	GO:0005643;GO:0005634;GO:0006405;GO:0006406;GO:0003729;GO:0005737;GO:0042405;GO:0016607;GO:0003723;GO:0016973;GO:0010494
Q07343	GO:0005813;GO:0044325;GO:0050852;GO:0005634;GO:0007165;GO:0008021;GO:0030018;GO:0000930;GO:0071872;GO:0086004;GO:0030593;GO:0032729;GO:0004115;GO:1901898;GO:1901841;GO:0005829;GO:0005891;GO:0032743;GO:0043015;GO:0007186;GO:0043197;GO:0050900;GO:0071222;GO:0035690;GO:0004114;GO:0014069;GO:0060076;GO:0048471;GO:0001780;GO:0006198;GO:0030552;GO:0046872
P09215	GO:0042325;GO:0042742;GO:0043410;GO:0042149;GO:0018105;GO:0005739;GO:0005634;GO:0009408;GO:0019901;GO:0032869;GO:2000304;GO:0043407;GO:0046326;GO:0005737;GO:0070301;GO:0032956;GO:0071447;GO:0005783;GO:0016064;GO:0005911;GO:0004674;GO:0006468;GO:0019899;GO:0032147;GO:0042119;GO:0043406;GO:0070779;GO:0001666;GO:0016363;GO:0009749;GO:0043065;GO:1904385;GO:0005886;GO:0009612;GO:0016020;GO:0005524;GO:0019900;GO:0035307;GO:0005829;GO:0046777;GO:1900163;GO:0034351;GO:0023021;GO:2001235;GO:0042542;GO:0043560;GO:0042100;GO:0004672;GO:0007049;GO:0010243;GO:0070976;GO:0090331;GO:0004697;GO:0035556;GO:0051490;GO:0060326;GO:0032930;GO:0004698;GO:0014070;GO:0030837;GO:2000753;GO:0007568;GO:0016572;GO:0048471;GO:0045471;GO:0004699;GO:0032615;GO:0043200;GO:0042307;GO:0050732;GO:0090398;GO:0032963;GO:0006915;GO:2000755;GO:0032079;GO:0018107;GO:0034599;GO:0042493;GO:0032613;GO:0046872;GO:0006979;GO:2001022;GO:0046627;GO:0008047
Q9UTK5	GO:0017056;GO:0005643;GO:0005737;GO:0005635;GO:0044615;GO:0005634;GO:0006406
Q6ZPY7	GO:0006357;GO:0033169;GO:0072718;GO:0032454;GO:0005654;GO:0000118;GO:0003712;GO:0000785;GO:0046872;GO:0031490;GO:0051213;GO:0016209
Q5R7I8	GO:0003677;GO:0046872;GO:0005634;GO:0006355
A8M8Y9	GO:0017091;GO:0016891;GO:0006364
B3EP19	GO:0019288;GO:0016114;GO:0005524;GO:0050515
A9MRW9	GO:0022900;GO:0005886;GO:0055085;GO:0016021
B3DTC2	GO:0000287;GO:0008966;GO:0005975
P47239	GO:1990837;GO:0031062;GO:0005634;GO:0000981;GO:0007519;GO:0048856;GO:0021904;GO:0006355;GO:0000978;GO:0006357;GO:0014813;GO:0060415;GO:0051216;GO:0000790;GO:0021527;GO:0048663;GO:0009887;GO:0005667;GO:0043565;GO:0045944;GO:0043403;GO:0003700;GO:2000288;GO:0051101;GO:0006338;GO:0010453;GO:0048706;GO:0010468
P90900	GO:0005737;GO:0005882
Q1QCP2	GO:0051539;GO:0000049;GO:0005737;GO:0016783;GO:0005524;GO:0000287;GO:0034227
A5FRW5	GO:0004017;GO:0005737;GO:0005524;GO:0046872;GO:0044209
B8ZKZ5	GO:0006541;GO:0003922;GO:0005524;GO:0016462
Q2N8R6	GO:0004367;GO:0046167;GO:0005975;GO:0009331;GO:0006650;GO:0046168;GO:0051287;GO:0008654
Q46GW7	GO:0042026;GO:0005737;GO:0051082;GO:0005524
A5PMR2	GO:0006511;GO:0005813;GO:0008277;GO:0004843;GO:0051298;GO:0004197;GO:0016579;GO:0005737;GO:0016477;GO:0071108;GO:0007411;GO:0008270;GO:0006897;GO:0048471;GO:0070536
A3M0F4	GO:0032447;GO:0000049;GO:0002098;GO:0005829;GO:0016779;GO:0034227
P32568	GO:0005739;GO:0008559;GO:0016887;GO:0071944;GO:0005886;GO:0042493;GO:0005524;GO:0016021;GO:0030003;GO:1990961
Q9X725	GO:0003677;GO:0003700
Q9NT68	GO:0030054;GO:0045211;GO:0005634;GO:0007165;GO:0000122;GO:0005794;GO:0005102;GO:0005783;GO:0042803;GO:0005911;GO:0046982;GO:0050839;GO:0045202;GO:0098609;GO:0051491;GO:0048666;GO:0030175;GO:0005886;GO:0030425;GO:0005887;GO:0007157;GO:0016605;GO:0043197;GO:0005509;GO:0007411;GO:0035584;GO:0043005;GO:0030426
B3MKS0	GO:0035230;GO:0097108;GO:0015026;GO:0007224;GO:0008201;GO:0048100;GO:0009986;GO:0048749;GO:0034109;GO:0007379;GO:0042803;GO:0016021;GO:0071694;GO:0005113;GO:0005887;GO:0035017
P38929	GO:0046872;GO:0006874;GO:0006816;GO:0055085;GO:0005388;GO:0000329;GO:0005524;GO:0016021;GO:0043231;GO:0019829
B7VIL8	GO:0009014;GO:0009089;GO:0050897;GO:0008270;GO:0019877
Q3AL98	GO:0008360;GO:0009252;GO:0007049;GO:0051301;GO:0019277;GO:0008760;GO:0005737;GO:0071555
Q8E3E7	GO:0003924;GO:0003746;GO:0005737;GO:0005525
L0E4G3	GO:0004659;GO:0009820
P38164	GO:0034198;GO:1904263;GO:0032008;GO:0097042;GO:0005737;GO:0035859;GO:0015031
Q5RJX2	GO:0008360;GO:0043149;GO:0005886;GO:0016021
Q4ZHG4	GO:0005576;GO:0016607
Q02785	GO:0071944;GO:0015849;GO:0005886;GO:0005342;GO:0005524;GO:0016021;GO:0042626
Q64620	GO:0004722;GO:0007049;GO:0005739;GO:0046872;GO:0005829;GO:0045087;GO:0006470
P01133	GO:0042059;GO:0043410;GO:2000145;GO:0038128;GO:0007165;GO:0000165;GO:0002092;GO:2000008;GO:0014068;GO:0046425;GO:0070371;GO:1901185;GO:0045893;GO:0090263;GO:0005765;GO:0043406;GO:1905278;GO:0005576;GO:0001525;GO:0002576;GO:0051897;GO:0005088;GO:0018108;GO:1902966;GO:0005886;GO:0016021;GO:0021940;GO:0090370;GO:0007173;GO:0010800;GO:0061024;GO:2000060;GO:0010628;GO:0008083;GO:0005509;GO:0030665;GO:0070062;GO:0045740;GO:0005154;GO:1900127;GO:0045741;GO:0008284;GO:0030297;GO:0030335;GO:0043388;GO:0090279;GO:0045746;GO:0000187;GO:0045840;GO:0042327;GO:0031093;GO:0048754;GO:0001938;GO:0005615;GO:0051048;GO:0060749;GO:0000186
P91938	GO:0045454;GO:0001666;GO:0004362;GO:0005739;GO:0016209;GO:0045174;GO:0050660;GO:0005737;GO:0042803;GO:0008340;GO:0005829;GO:0004791;GO:0016651
Q5FVR2	GO:0000002;GO:0004645;GO:0006206;GO:1905333;GO:0009032;GO:0031641;GO:0042803;GO:0005829;GO:0051969;GO:0006213;GO:0016154
Q5QV30	GO:0019556;GO:0005737;GO:0004397;GO:0019557
Q96WT3	GO:0033215;GO:0005507;GO:0005576;GO:0033573;GO:0005381;GO:0046688;GO:1901684;GO:0004322
Q3JZB5	GO:0003924;GO:0003746;GO:0005737;GO:0005525
A7TR10	GO:1904263;GO:0035859;GO:0097042;GO:0046872
Q99PJ7	GO:0000978;GO:0006357;GO:0005634;GO:0000981;GO:0035914;GO:0046872
Q9P0K1	GO:0004222;GO:0098978;GO:0005178;GO:0099061;GO:0007417;GO:0007155;GO:0007162;GO:0005886;GO:0022011;GO:0016021;GO:0099645;GO:0030424;GO:0008344
Q9RNV1	GO:0051301;GO:0007049;GO:0030435;GO:0003677;GO:0007059;GO:0005886;GO:0005524;GO:0016021
Q9BH05	
Q2G479	GO:0042744;GO:0004096;GO:0046872;GO:0006979;GO:0020037
Q3KQW7	GO:0003779;GO:0031032;GO:0051893;GO:0030336;GO:0001725;GO:0005737;GO:0001934;GO:0046872;GO:0051496
Q9BQI3	GO:0140468;GO:0006909;GO:0004672;GO:1990641;GO:0055072;GO:0008285;GO:0030225;GO:0046501;GO:0140467;GO:0005737;GO:0045993;GO:0042803;GO:0046777;GO:0005524;GO:0004694;GO:0046986;GO:0010999;GO:0002526;GO:0020037
A6TLJ1	GO:0042026;GO:0005737;GO:0051082;GO:0005524
P51784	GO:0006511;GO:0004843;GO:0005634;GO:0016032;GO:0004197;GO:0005654;GO:0016579;GO:0005694;GO:0005829;GO:0001226
P06868	GO:0042730;GO:0005576;GO:0019904;GO:0048771;GO:0009408;GO:0005102;GO:0007596;GO:0004252
C3MBA1	GO:0009317;GO:0016743;GO:0003989;GO:0006633;GO:0005524;GO:2001295
Q73U79	GO:0006541;GO:0003922;GO:0005524;GO:0016462
P76616	GO:0005975;GO:0003824
Q3V4R2	GO:0019012
B7KT03	GO:0009245;GO:0009029;GO:0005524
P24349	GO:0006357;GO:0007548;GO:0051571;GO:0005634;GO:0000981;GO:0007530;GO:0042464;GO:0043565;GO:0000122;GO:0007275;GO:0046872;GO:0030154;GO:0000228
Q7Z3J2	GO:1990126;GO:0005768;GO:0006893;GO:0101003;GO:0005886;GO:0016021;GO:0043312;GO:0032456;GO:0015031
Q9WX63	GO:0030244;GO:0006011;GO:0009279
B9JER3	GO:0055129;GO:0004350;GO:0005737;GO:0050661
Q93038	GO:0038023;GO:0005576;GO:0042981;GO:0033209;GO:0006915;GO:0005031;GO:0007165;GO:0097190;GO:0005886;GO:0005829;GO:0007166;GO:0005887
Q5WYR3	GO:0005737;GO:0008270;GO:0005524;GO:0004797;GO:0071897
B9JVM8	GO:0003677;GO:0006351;GO:0032549;GO:0003899
Q60022	GO:0045239;GO:0004333;GO:0006099;GO:0006106
E7FHX6	GO:0004748;GO:0006260;GO:0031419;GO:0005524;GO:0004519;GO:0016539
A5GV53	GO:0042026;GO:0005737;GO:0051082;GO:0005524
A1WLG5	GO:0000287;GO:0004775;GO:0005524;GO:0006099
Q10Q63	GO:0000079;GO:0044772;GO:0051301;GO:0005634;GO:0005737;GO:0000307;GO:0016538
B2GFJ7	GO:0009099;GO:0050661;GO:0009097;GO:0000287;GO:0004455
Q90932	GO:0006260;GO:0005634;GO:0000981;GO:0003677;GO:0000122;GO:0045944
Q9V564	GO:0006891;GO:0000139;GO:0017119;GO:0015031
P23603	GO:0042597;GO:0008360;GO:0005201
P80402	GO:0016787;GO:0043640;GO:0050150
D6C652	GO:0005634;GO:0005737
Q8G6Z9	GO:0070004;GO:0016805;GO:0006508
Q9H2C0	GO:0016567;GO:0031463;GO:0005737;GO:0005856;GO:0007010;GO:0005829;GO:0043687
Q9C813	GO:0003724;GO:0003723;GO:0000462;GO:0005524;GO:0005634;GO:0005730
P19543	GO:0051539;GO:0009399;GO:0016903;GO:0005506;GO:0030976;GO:0022900
Q2HJ93	GO:0005634;GO:0046872
O23661	GO:0010158;GO:0003700;GO:0009733;GO:0005634;GO:0010050;GO:1902584;GO:0003677;GO:0010582;GO:0009850;GO:0009734
Q0WPF2	GO:0006378;GO:0009908;GO:0000993;GO:0006369;GO:0005634;GO:0009911;GO:0006397;GO:0003729;GO:0005737;GO:0046872;GO:0005849
Q9YF35	GO:0046961;GO:0042777;GO:0033178;GO:0005524;GO:0046933
Q3J8Q7	GO:0003677;GO:0006351;GO:0032549;GO:0003899
A4SY48	GO:0006807;GO:0005737;GO:0016151
Q9C8T7	
Q4UK20	GO:0047780;GO:0003994;GO:0051539;GO:0006099;GO:0003729;GO:0047456;GO:0046872;GO:0003730;GO:0019679
A1S4D7	GO:0006096;GO:0005576;GO:0009986;GO:0000015;GO:0004634;GO:0000287
O17611	GO:0000978;GO:0006357;GO:0000790;GO:0048856;GO:0008270;GO:0030154;GO:0004879
Q89MQ0	GO:0000287;GO:0016779;GO:0005524
Q2S307	GO:0006457;GO:0051082;GO:0005524
P46677	GO:0006366;GO:0003682;GO:0016251;GO:0005634;GO:0060090;GO:0005669;GO:0051123;GO:0046982;GO:0004402;GO:0017025;GO:0005829
O31519	GO:0005886;GO:0055085;GO:0016021
O15926	GO:0039615
A8AUM0	GO:0050118;GO:0009089;GO:0019877
Q90ZL2	GO:0043295;GO:0005737;GO:0005886;GO:0008270;GO:0004364;GO:0005975
A0K4Q2	GO:0042744;GO:0004096;GO:0046872;GO:0006979;GO:0020037
B4TP54	GO:0004357;GO:0005524;GO:0042398
Q38UQ3	GO:0006351;GO:0003899;GO:0003677;GO:0008270;GO:0000287
Q3U2A8	GO:0005739;GO:0006418;GO:0002161;GO:0004832;GO:0005524;GO:0005829;GO:0006438
B3MLX7	GO:0002143;GO:0018192;GO:0006777;GO:0061605;GO:0008641;GO:0004792;GO:0005524;GO:0046872;GO:0061604;GO:0005829
Q9LPD2	GO:0009555;GO:0017108;GO:0005634;GO:0008821;GO:0003677;GO:0006281;GO:0046872;GO:0048256;GO:0009650
Q04515	GO:0046677;GO:0006730;GO:0004146;GO:0046654;GO:0050661;GO:0031427;GO:0006545
Q17DK2	GO:0045087;GO:0005764;GO:0006911;GO:0006955
Q8H6G9	GO:0015293;GO:0006817;GO:0005315;GO:0016021
O75173	GO:0001501;GO:0005576;GO:0006508;GO:0004222;GO:0008233;GO:0008237;GO:0046872;GO:0031012;GO:0022617;GO:0062023;GO:0016607;GO:0005615;GO:0002020;GO:0030198
Q1HRR3	GO:0022627;GO:0003735;GO:0006412
P41574	GO:0019521;GO:0006098;GO:0050661;GO:0004616
O75747	GO:0016307;GO:0039694;GO:0006935;GO:0048015;GO:0046854;GO:0014065;GO:0035091;GO:0005737;GO:0005886;GO:0016020;GO:0016477;GO:0005524;GO:0006661;GO:0035005;GO:0005829;GO:0052742;GO:0016303;GO:0005942;GO:0036092
Q5XI83	GO:1990126;GO:0005768;GO:0015031;GO:0006893;GO:0016021;GO:0032456
P71318	GO:0003677;GO:0003700
B3E7W9	GO:0006457;GO:0051082;GO:0005524
P06512	GO:0051539;GO:0016168;GO:0018298;GO:0015979;GO:0016021;GO:0009535;GO:0009522;GO:0000287;GO:0009055
A4SXE9	GO:0006096;GO:0005576;GO:0009986;GO:0000015;GO:0004634;GO:0000287
Q03K19	GO:0000049;GO:0005737;GO:0005524;GO:0004826;GO:0000287;GO:0006432
Q876A6	GO:0000139;GO:0031901;GO:0019706;GO:0006612;GO:0031683;GO:0090029;GO:0016021;GO:0030100;GO:0018345
Q5XNR9	GO:0004923;GO:0004896;GO:0038165;GO:0019955;GO:0008284;GO:0005127;GO:0019221;GO:0016021;GO:0043235;GO:0009897
P23727	GO:0042802;GO:0005158;GO:0005801;GO:1903078;GO:0032869;GO:0005634;GO:0005159;GO:0060396;GO:0046326;GO:0008625;GO:0043066;GO:0043548;GO:0046626;GO:0043551;GO:0005911;GO:0005068;GO:0006468;GO:0046982;GO:0032760;GO:0046935;GO:0030183;GO:0014065;GO:0019903;GO:0050821;GO:0033120;GO:0034446;GO:0043125;GO:0005829;GO:0008286;GO:0008134;GO:0043560;GO:0008630;GO:0001953;GO:1990578;GO:0045671;GO:0036312;GO:0006606;GO:0051492;GO:0030335;GO:0045944;GO:0001784;GO:0005943;GO:1900103;GO:0042307;GO:0001678;GO:0043559;GO:0034644;GO:0048009;GO:0035014;GO:0005168;GO:0034976;GO:0005942;GO:0046854
A4R1D5	GO:0003723;GO:0006397;GO:0000002;GO:0031305
B7GKC6	GO:0003677;GO:0045892
Q8P2Y2	GO:0006351;GO:0003899;GO:0003677;GO:0008270;GO:0000287
B2RJ90	GO:0006457;GO:0051082;GO:0005524
P32521	GO:0071933;GO:0005935;GO:0005509;GO:0003779;GO:1990964;GO:0005634;GO:0007121;GO:0000147;GO:0044396;GO:0030479;GO:0005737;GO:0005886;GO:0010008;GO:0043332;GO:0071470;GO:0016197;GO:2000601;GO:0006897;GO:0007120
P49075	GO:0030245;GO:0016162;GO:0005576;GO:0030248
Q45692	GO:0051537;GO:0008860;GO:0019439;GO:0071949;GO:0046872;GO:0009055
Q9BTA9	GO:0005681;GO:0003682;GO:0016567;GO:0000993;GO:0005634;GO:0016239;GO:0071894;GO:0032435;GO:0044783;GO:0005654;GO:0010390;GO:0016607;GO:0045893;GO:0006974
Q82040	GO:0020002;GO:0044172;GO:0039624;GO:0044168;GO:0016020;GO:0099008;GO:0039665;GO:0019062
A5VT24	GO:0006782;GO:0005737;GO:0004853
Q8IXH8	GO:0005509;GO:0005178;GO:0016021;GO:0007156;GO:0045294;GO:0005886;GO:0035710;GO:0008013;GO:0070097;GO:0045296;GO:0016342;GO:0098742;GO:0015630
A2AVR2	GO:0016021
Q86XU0	GO:0000978;GO:0006357;GO:0005634;GO:0000981;GO:0046872
B1YKS5	GO:0003924;GO:0003746;GO:0043022;GO:0005886;GO:0045727;GO:0005525
Q8CHP0	GO:0046872;GO:0046332;GO:0070412;GO:0005634;GO:1900363;GO:0005847;GO:0003677;GO:0031124;GO:0032927;GO:0051028
B0XZ33	GO:0017108;GO:0005739;GO:0006260;GO:0005730;GO:0043137;GO:0003677;GO:0005654;GO:0000287;GO:0006284;GO:0008409
Q8NIB6	GO:0009405;GO:0004222;GO:0008270;GO:0005615
Q5YQG3	GO:0008878;GO:0005524;GO:0005978
Q9WJB2	GO:0039694;GO:0039502;GO:0042025;GO:0004197;GO:0003723;GO:0004843;GO:0044220;GO:0005524;GO:0016021;GO:0039644;GO:0019082;GO:0039579;GO:0033644;GO:0003724;GO:0003968;GO:0003678;GO:0044165;GO:0006351;GO:0039563;GO:0008270;GO:0039648;GO:0004252
A1JID7	GO:0042597;GO:0055085
B9KB95	GO:0003852;GO:0009098
P52560	GO:0008728;GO:0016301;GO:0015970;GO:0005524;GO:0005525
B2TPE7	GO:0006541;GO:0015420;GO:0009236;GO:0003824
Q9JLK3	GO:0005829;GO:0005509
Q83CM5	GO:0046496;GO:0110051;GO:0052857;GO:0005524;GO:0046872;GO:0052856;GO:0052855
O29513	GO:0004152;GO:0004589;GO:0005737;GO:0044205;GO:0006207
Q3T105	GO:0003978;GO:0033499;GO:0005829;GO:0003974
C4JDR3	GO:0017108;GO:0005739;GO:0006260;GO:0005730;GO:0006286;GO:0043137;GO:0008409;GO:0003677;GO:0005654;GO:0006303;GO:0000287;GO:0001302;GO:0035753;GO:0000734;GO:0005829
A8LTG4	GO:0042744;GO:0004096;GO:0046872;GO:0006979;GO:0020037
A0PPM2	GO:0005525;GO:0005524
O70374	GO:0045746;GO:0006351;GO:0045892;GO:0030855;GO:0005634;GO:0003714;GO:0000122;GO:0046872;GO:0060575;GO:0010977;GO:0010976
Q8CFG6	GO:0046622;GO:0040014;GO:0046872;GO:0048747;GO:0006816;GO:0034765;GO:0008016;GO:0007528;GO:0060024;GO:0005245;GO:0005246;GO:0005891
Q2JQT5	GO:0006351;GO:0003899;GO:0003677;GO:0008270;GO:0000287
Q9PEM9	GO:0005737;GO:0004055;GO:0006526;GO:0005524
B4EC23	GO:0050518;GO:0016114;GO:0019288
B4TAD4	GO:0004357;GO:0005524;GO:0042398
A0A0P0XCU3	GO:0004373;GO:0010021;GO:0009960;GO:0019252;GO:2001070;GO:0033201;GO:0009501;GO:0009011;GO:0009507
Q4R4D7	GO:0034597;GO:0016316
A8EV24	GO:0042744;GO:0004096;GO:0046872;GO:0006979;GO:0020037
A5EWE5	GO:0016645;GO:0004808;GO:0050660;GO:0005737;GO:0002097
A4IFW2	GO:0008201;GO:0099560;GO:0004725;GO:0016021;GO:0035335;GO:0097374;GO:0006470
Q9JI55	GO:0045104;GO:0003779;GO:0030496;GO:0005737;GO:0005856
Q7MGM3	GO:0051539;GO:0016830;GO:0009229;GO:0009228;GO:0008270
Q59NH8	GO:0042149;GO:0005634;GO:0030448;GO:0000922;GO:0005737;GO:0005816;GO:0000226;GO:0004722;GO:0005935;GO:0071850;GO:0001403;GO:0032467;GO:0000920;GO:0008138;GO:0005730;GO:0004725;GO:0072686;GO:0044732;GO:0030428;GO:0000278;GO:1990023;GO:0051321;GO:0007096
P27742	GO:0016788;GO:0042318;GO:0050564;GO:0005524;GO:0019748;GO:0031177
Q8ZYK3	GO:0003689;GO:0005663;GO:0005524;GO:0006260
D3ZFJ3	GO:0071526;GO:0030215;GO:0005634;GO:0051058;GO:0035020;GO:0030027;GO:0032956;GO:0043535;GO:0006911;GO:0005912;GO:0001891;GO:0034329;GO:0030834;GO:0045198;GO:0097178;GO:0046847;GO:0005829;GO:0043547;GO:0005096;GO:0007015;GO:0017124;GO:0048365;GO:0016477;GO:0005923;GO:0031252
A0LPG2	GO:0055129;GO:0004350;GO:0005737;GO:0050661
Q56TT7	GO:0003700;GO:0006357;GO:0005634;GO:0005667;GO:0003677;GO:0005783;GO:0005829
P97789	GO:0000932;GO:0005634;GO:0005737;GO:0003723;GO:0051321;GO:0045202;GO:0051880;GO:0090503;GO:0006396;GO:0043025;GO:0005886;GO:0030425;GO:0000723;GO:0005829;GO:0007569;GO:0071044;GO:0002151;GO:0004534;GO:0017148;GO:0071028;GO:0016075;GO:0000956
Q9C9C4	GO:0006096;GO:0000015;GO:0009570;GO:0032889;GO:0004634;GO:0000287;GO:0009507;GO:0010090
Q82T56	GO:0050567;GO:0005524;GO:0006412
P49303	GO:0039694;GO:0004197;GO:0075512;GO:0005198;GO:0003723;GO:0075522;GO:0039525;GO:0018144;GO:0044162;GO:0039690;GO:0016020;GO:0039707;GO:0005524;GO:0019082;GO:0005216;GO:0003724;GO:0039618;GO:0006417;GO:0003968;GO:0044385;GO:0006351;GO:0051259;GO:0039611;GO:0039520;GO:0019062
A6W1Q6	GO:0003684;GO:0030983;GO:0005524;GO:0006298
P05342	GO:0004410;GO:0009399;GO:0019752
Q8I5G1	GO:0016021
A8GPX3	GO:0004828;GO:0016260;GO:0097056;GO:0006434;GO:0005737;GO:0005524
A8WHT1	GO:0052906;GO:0005759;GO:0070901;GO:0009019;GO:0030488;GO:0005634;GO:0002939;GO:0008175;GO:0005737
Q8SRK0	GO:0006457;GO:0031072;GO:0051082;GO:0005737;GO:0046872;GO:0015031
G3X9J0	GO:0016324;GO:0090162;GO:0003382;GO:0001654;GO:0005654;GO:0001725;GO:0002244;GO:0005794;GO:0005886;GO:0051056;GO:0007010;GO:0061689;GO:0045177;GO:0005096
Q9SY59	GO:0016567;GO:0042742;GO:0009651;GO:0005634;GO:0000981;GO:0010310;GO:0003729;GO:0010188;GO:0009642;GO:0009697;GO:0008270;GO:0006355;GO:0000977;GO:0016740
O46680	GO:0048762;GO:0007507;GO:0060982;GO:0048538;GO:0018105;GO:0005114;GO:0005634;GO:0045121;GO:0060017;GO:0008584;GO:0071560;GO:0008354;GO:1905075;GO:0003223;GO:0060412;GO:0004674;GO:0007179;GO:0006468;GO:0045893;GO:0051496;GO:0070411;GO:0060391;GO:0070723;GO:0060021;GO:0051897;GO:0043393;GO:0051491;GO:0030307;GO:0032331;GO:0009986;GO:0060389;GO:0005886;GO:0016020;GO:0001822;GO:0005524;GO:0001937;GO:0030199;GO:0060037;GO:0005025;GO:0060043;GO:2001235;GO:0010628;GO:0048179;GO:0016361;GO:0048663;GO:0060317;GO:0001824;GO:0003222;GO:0035556;GO:0048185;GO:0071363;GO:0043542;GO:0048701;GO:0009952;GO:0030335;GO:0032924;GO:0042118;GO:0010862;GO:0005768;GO:0046332;GO:1905007;GO:0010717;GO:0006915;GO:0007399;GO:0031396;GO:0002088;GO:0018107;GO:0043235;GO:0060978;GO:2001237;GO:0001938;GO:0005923;GO:0046872;GO:0009791;GO:0050431;GO:0000186;GO:1905223;GO:0010468
Q38W93	GO:0006457;GO:0051082;GO:0005524
A5IIP2	GO:0051539;GO:0046429;GO:0019288;GO:0005506;GO:0016114
Q6F0W3	GO:0006007;GO:0006096;GO:0005737;GO:0030145;GO:0046537
Q9Z143	GO:0045499;GO:0071526;GO:0045211;GO:0030215;GO:0050919;GO:0043204;GO:0048843;GO:0016021;GO:0031290;GO:0005886;GO:0001755;GO:0030425;GO:0005783;GO:0005615;GO:0007411;GO:0014069;GO:0030335;GO:0030517;GO:0005887;GO:0045202
B0YEP5	GO:0050525;GO:0005576
Q9UY67	GO:0043815;GO:0004644;GO:0005524;GO:0006189;GO:0000287
Q0IDB3	GO:0000287;GO:0008966;GO:0005975
Q8NKS6	GO:0008134;GO:0030163;GO:0016021;GO:0004176;GO:0005886;GO:0005524;GO:0006355;GO:0004252
Q9Y9X3	GO:0006419;GO:0000049;GO:0005737;GO:0004813;GO:0005524;GO:0008270
Q5HQV0	GO:0006096;GO:0005576;GO:0009986;GO:0000015;GO:0004634;GO:0000287
Q1J8X0	GO:0006351;GO:0003899;GO:0003677;GO:0008270;GO:0000287
Q02R92	GO:0003684;GO:0030983;GO:0005524;GO:0006298
Q93R27	GO:0006457;GO:0051082;GO:0005524
P06516	GO:0008964;GO:0015977;GO:0006107;GO:0006099;GO:0000287
Q00704	GO:0042025;GO:0030430;GO:0055036;GO:0016829;GO:0019031
O93869	GO:0004373;GO:0005978;GO:0005737
Q47CW6	GO:0051539;GO:0016491;GO:0042597;GO:0043546;GO:0046872
Q8BWT5	GO:0042981;GO:0005634;GO:0010629;GO:0009986;GO:0007275
O23100	GO:0000160;GO:0005634;GO:0006355
A5N376	GO:0008784;GO:0030632;GO:0030170
A8EX98	
A0M4Z1	GO:0006541;GO:0004359
Q3TTL0	GO:0005634;GO:0043065;GO:0006915
Q86YW5	GO:0031091;GO:0019722;GO:0030168;GO:0009986;GO:0005886;GO:0016021;GO:0045087;GO:0050776
Q9CAE4	GO:0005634;GO:0051302;GO:0005689;GO:0032502;GO:0008270;GO:0000398;GO:0003723
A4SE02	GO:0005737;GO:0006427;GO:0004821;GO:0005524
Q920I9	GO:0002244;GO:0008021
Q9D2I5	GO:0045880;GO:0097542;GO:0005737;GO:0060271;GO:0005929;GO:0005814;GO:0036064
Q5ND34	GO:0006511;GO:0005765;GO:0007005;GO:0005739;GO:0045022;GO:0031901;GO:0050821;GO:0031313;GO:0035973;GO:0043551;GO:0005829;GO:0035014;GO:0010923;GO:0070530;GO:0031902;GO:0000421
Q8WVS4	GO:0005813;GO:0048704;GO:0097542;GO:0045503;GO:0042073;GO:0045504;GO:0005868;GO:0097014;GO:0000242;GO:0005929;GO:0035721;GO:0005615;GO:0007018;GO:0060271;GO:0035735;GO:0097546
D3ZSP7	GO:0006511;GO:0045665;GO:0070936;GO:0005634;GO:0005730;GO:0005654;GO:0005794;GO:0046872;GO:0010771;GO:0005829;GO:0004842;GO:0005773
B5ZS37	GO:0009073;GO:0005737;GO:0009423;GO:0003866
Q54NK3	
Q7M6Y6	GO:0036126;GO:0007283;GO:0097225;GO:0005737;GO:0030154;GO:0001669;GO:0010737
B2RI74	GO:0019464;GO:0008483;GO:0004047
Q12559	GO:0004040;GO:0043864
C1DCP3	GO:0006744;GO:0008694;GO:0005886;GO:0046872
O74304	GO:0051403;GO:0004709;GO:0005737;GO:0005524;GO:1990315
Q6KH90	GO:0006094;GO:0006096;GO:0005737;GO:0004347
A1V0A6	GO:0042744;GO:0004096;GO:0046872;GO:0006979;GO:0020037
Q47UY2	GO:0008360;GO:0009252;GO:0007049;GO:0051301;GO:0071949;GO:0071555;GO:0005737;GO:0008762
Q88P73	GO:0005737;GO:0030145;GO:0070006
P41578	GO:0019521;GO:0006098;GO:0050661;GO:0004616
A4FKA9	GO:0003883;GO:0005524;GO:0046872;GO:0006541;GO:0044210
A1RJ78	GO:0009014;GO:0009089;GO:0050897;GO:0008270;GO:0019877
Q4FTN3	GO:0051539;GO:0000049;GO:0005737;GO:0016783;GO:0005524;GO:0000287;GO:0034227
Q9K9S8	GO:0008360;GO:0009252;GO:0007049;GO:0051301;GO:0071555;GO:0005737;GO:0005524;GO:0008764
Q85014	GO:0003723;GO:0016032;GO:0006417;GO:0030430
Q9Q6Q5	GO:0019012;GO:0018144;GO:0005525;GO:0019079;GO:0003968
Q6ACX6	GO:0006351;GO:0003899;GO:0003677;GO:0008270;GO:0000287
Q28T72	GO:0005886;GO:0048038;GO:0051287;GO:0050136
Q0WN69	GO:0008017;GO:0003777;GO:0005524;GO:0005874;GO:0007018;GO:0009507
D3YXS5	GO:0005871;GO:0003777;GO:0008017;GO:0007005;GO:0005874;GO:0016887;GO:0072384;GO:0005524;GO:0031966;GO:0007018
Q96LW1	GO:0000978;GO:0003682;GO:0006357;GO:0000122;GO:0046872;GO:0005634;GO:0000981
Q9YHB5	GO:0051301;GO:0000796;GO:0005634;GO:0007076;GO:0005829
A4SFR5	GO:0006457;GO:0031072;GO:0051082;GO:0006260;GO:0009408;GO:0005737;GO:0008270;GO:0005524
Q8ZR41	GO:0004357;GO:0016879;GO:0005524;GO:0042398
Q4JXX6	GO:0006457;GO:0051082;GO:0005524
Q9FIF1	GO:0004675;GO:0042742;GO:0030246;GO:0006952;GO:0005886;GO:0005524;GO:0016021;GO:0002229
O60765	GO:0000978;GO:0001666;GO:0006357;GO:0005634;GO:0000981;GO:0005730;GO:0051593;GO:0005654;GO:0007605;GO:0000122;GO:0007576;GO:0001822;GO:0046872;GO:0005829
Q6HBC2	GO:0009380;GO:0016887;GO:0009432;GO:0003677;GO:0006289;GO:0005737;GO:0009381;GO:0005524
Q91FE4	GO:0004674;GO:0005524
Q8K9U9	GO:0009088;GO:0050661;GO:0009089;GO:0005524;GO:0004412;GO:0004072
P43404	GO:0050852;GO:0045059;GO:0045121;GO:0005737;GO:0005102;GO:0005911;GO:0006468;GO:0043366;GO:0031234;GO:0006955;GO:0018108;GO:0001772;GO:0005886;GO:0016020;GO:0046777;GO:0005524;GO:0005829;GO:0042127;GO:0002250;GO:0046638;GO:0004672;GO:0045582;GO:0045060;GO:0038083;GO:0004715;GO:0004713;GO:0035556;GO:0007169;GO:0030154;GO:0042101;GO:0001784;GO:0045061;GO:0050850;GO:0045087;GO:0046641
Q73GE7	GO:0002098;GO:0050660;GO:0005737
O23215	GO:0009527;GO:0008134;GO:0005634;GO:0000182;GO:0001139;GO:0000979;GO:0009707;GO:0046872;GO:0006352;GO:0097550;GO:0017025;GO:0001174
P30575	GO:0030446;GO:0036180;GO:0005634;GO:0062040;GO:0032889;GO:1903561;GO:0042730;GO:0005576;GO:0006096;GO:0071852;GO:0009986;GO:0000015;GO:0005886;GO:0016020;GO:0005829;GO:0030445;GO:0004634;GO:0009897;GO:0030447;GO:0030985;GO:0003810;GO:0044416;GO:0006094;GO:0009277;GO:0044409;GO:0000287
P38036	GO:0008296;GO:0097098;GO:0000738;GO:0033592;GO:0003724;GO:0051607;GO:0033677;GO:0000737;GO:0005524;GO:0003723;GO:0000287;GO:0000014;GO:0005829;GO:0003690;GO:0000027
P22470	GO:0006511;GO:0071630;GO:0005634;GO:0061630;GO:0005737;GO:0051788;GO:0046872;GO:0004842
Q8BXR6	GO:0008063;GO:0050829;GO:0010804;GO:0061630;GO:0032480;GO:0045751;GO:0070428;GO:0070534;GO:2001237;GO:0000209;GO:0070434;GO:0004842;GO:0031397
Q8GWU0	GO:0008967;GO:0009536;GO:0016311;GO:0004674;GO:0009507;GO:0016791
Q6PJI9	GO:0005765;GO:0061700;GO:0034198;GO:0032008
Q02T87	GO:0003677;GO:0006351;GO:0032549;GO:0003899
P23733	GO:0005634;GO:0004721;GO:0046872;GO:0005737
Q8YP23	GO:0003924;GO:0005737;GO:0006449;GO:0005525;GO:0016149
A2BXK2	GO:0019288;GO:0070402;GO:0030604;GO:0046872;GO:0016114
A7L9Z4	GO:0019012;GO:0018144;GO:0005525;GO:0019079;GO:0003968
Q7N8C9	GO:0009034
E9PZZ1	GO:0003682;GO:0001085;GO:0005634;GO:0003677;GO:0000122;GO:0022008;GO:0046872;GO:0042054;GO:0010468
P54350	GO:0045736;GO:0004672;GO:0051225;GO:0051301;GO:0005634;GO:0004715;GO:0004713;GO:0018108;GO:0007093;GO:0051299;GO:0051642;GO:0005524;GO:0001700;GO:0000287;GO:0006468
P41583	GO:0019521;GO:0006098;GO:0050661;GO:0004616
Q54MP2	GO:0097602;GO:2000060
Q04718	GO:0051539;GO:0004333;GO:0006099;GO:0046872
P0C937	GO:0006457;GO:0051082;GO:0005524
Q8C8V1	GO:0030275;GO:0003700;GO:0006357;GO:0005634;GO:0003713;GO:0003712;GO:0070742;GO:0046872;GO:0045893
M5EAX2	GO:0005576;GO:0016614;GO:0050660
Q51561	GO:0003677;GO:0006351;GO:0032549;GO:0003899
Q92263	GO:0006096;GO:0005737;GO:0050661;GO:0051287;GO:0004365;GO:0006006
B3CPU7	GO:0006541;GO:0003922;GO:0005524;GO:0016462
P58721	GO:0005886;GO:0016021
P23595	GO:0004722;GO:0000082;GO:0007015;GO:2000198;GO:2000786;GO:0070262;GO:0000780;GO:0006417;GO:0007117;GO:0046872;GO:0006470;GO:0034399
Q8YQL2	GO:0006526;GO:0044205;GO:0005524;GO:0046872;GO:0004088
Q6CSN1	GO:0003677;GO:0000981;GO:0005634;GO:0008270
Q9UTJ7	GO:0008177;GO:0005749;GO:0000104;GO:0005739;GO:0016491;GO:0006099;GO:0050660;GO:0006105;GO:0006121;GO:0009055
B4Q0P1	
Q0TMX1	GO:0000287;GO:0008966;GO:0005975
Q9LVD2	GO:0016020;GO:0005506;GO:0016021;GO:0016709;GO:0020037
O60462	GO:0042802;GO:0048846;GO:0021828;GO:0098978;GO:0021612;GO:0030424;GO:0021675;GO:0005576;GO:0001525;GO:0016032;GO:1904835;GO:0019955;GO:0097490;GO:1901166;GO:0003148;GO:0005886;GO:0016020;GO:0016021;GO:0097374;GO:0005021;GO:0048010;GO:0017154;GO:0008201;GO:1902285;GO:0097491;GO:0010595;GO:0007411;GO:0019838;GO:0038023;GO:0061551;GO:0050919;GO:0002116;GO:0099175;GO:0007155;GO:0061549;GO:1903375;GO:1990830;GO:0036486;GO:0001938;GO:0046872;GO:0021649
Q52KB6	GO:0005813;GO:0042733;GO:0071539;GO:0007420;GO:1905515;GO:0016485;GO:0030162;GO:0061511;GO:0001701;GO:0005737;GO:0021997;GO:0034451;GO:0007389;GO:0005814;GO:0030326;GO:0021915;GO:0001947;GO:0036064;GO:0060271;GO:0008589
Q4KLR8	GO:0006511;GO:0016567;GO:0060173;GO:0016055;GO:0038018;GO:0072089;GO:0090090;GO:2000051;GO:0046872;GO:0004842;GO:0005887
Q5N749	GO:0008017;GO:0030951;GO:0005874;GO:0061863;GO:0000922;GO:0007052;GO:0005737;GO:0000776;GO:0046785
B2JJX2	GO:0003991;GO:0005737;GO:0042450;GO:0005524
B1GVX7	GO:0016491;GO:0009405;GO:0006633;GO:0032259;GO:0008168;GO:0004315;GO:0031177
Q9Z286	GO:0007283;GO:0005739;GO:0005634;GO:0051117;GO:0005737;GO:0031514;GO:0030424;GO:0005576;GO:0043065;GO:0071241;GO:0043025;GO:0016020;GO:0030425;GO:0005524;GO:0005829;GO:0015630;GO:0035556;GO:0003351;GO:0030145;GO:0048471;GO:0004016;GO:0016324;GO:0006171;GO:0045178;GO:0030426;GO:0000287;GO:0045177;GO:0071890
O94737	GO:0040010;GO:0043008;GO:0000165;GO:0005524;GO:0004707;GO:0006979;GO:0016043
Q72HM5	GO:0003677;GO:0006351;GO:0032549;GO:0003899
P00747	GO:0046716;GO:0008285;GO:0045445;GO:0005102;GO:0019899;GO:0042730;GO:0005576;GO:0006508;GO:0042246;GO:0002576;GO:0048771;GO:0071674;GO:1990405;GO:0009986;GO:0005886;GO:0051087;GO:0019900;GO:0062023;GO:0043231;GO:0060707;GO:0060716;GO:0070062;GO:2000048;GO:0051702;GO:0022617;GO:0051919;GO:0051603;GO:0007596;GO:0034185;GO:0072562;GO:0043536;GO:0019904;GO:0031093;GO:0004175;GO:0031232;GO:0044267;GO:0008236;GO:0051918;GO:0005615;GO:0010812;GO:0004252
Q8N587	GO:0000978;GO:0006357;GO:0046872;GO:0005634;GO:0000981
P29838	GO:0005576;GO:0055036;GO:0046983;GO:0019031;GO:0075512;GO:0019062;GO:0044167;GO:0016021;GO:0005198;GO:0039654;GO:0019028
Q00918	GO:0003281;GO:0038045;GO:0005739;GO:0071260;GO:0005737;GO:0042060;GO:0031012;GO:0043025;GO:0050436;GO:1901388;GO:0030425;GO:0036120;GO:0062023;GO:0035583;GO:0060976;GO:0005509;GO:0071374;GO:0035904;GO:0048471;GO:0032967;GO:0032991;GO:0071305;GO:0050431;GO:0001527
A9HJ48	GO:0051539;GO:0016114;GO:0005506;GO:0046429;GO:0019288
Q74C63	GO:0006420;GO:0005737;GO:0004814;GO:0005524
Q8NIP5	GO:0005789;GO:0016972;GO:0003756;GO:0034975;GO:0016671
P04146	GO:0004190;GO:0015074;GO:0003676;GO:0008270;GO:0005524
P37954	GO:0009380;GO:0016887;GO:0009432;GO:0003677;GO:0006289;GO:0005737;GO:0009381;GO:0005524
B4IB36	GO:0043186;GO:0030718;GO:0000976;GO:0007283;GO:0045892;GO:0005634;GO:0060964;GO:0034587;GO:0005737;GO:0048477;GO:0007275;GO:0031047;GO:0051321;GO:0048471
Q5SMH8	GO:0004642;GO:0005737;GO:0005524;GO:0006189;GO:0000287
Q12Y24	GO:0006412;GO:0006464;GO:0016881;GO:0005524;GO:0046872
Q6Q249	GO:0005576;GO:0004806;GO:0052740;GO:0016042;GO:0044179;GO:0008970;GO:0052739
A7IH31	GO:0046961;GO:0045261;GO:0005886;GO:0005524;GO:0046933
Q81X47	GO:0009380;GO:0016887;GO:0009432;GO:0003677;GO:0006289;GO:0005737;GO:0009381;GO:0005524
Q6DRJ7	GO:0000777;GO:0000778;GO:0051301;GO:0031262;GO:0051315;GO:0007052;GO:0007059;GO:0090267;GO:0000776;GO:0051310
Q9FR53	GO:0042802;GO:0016242;GO:0050687;GO:0005634;GO:0009742;GO:0009793;GO:0006952;GO:0005737;GO:0004674;GO:0010929;GO:0031932;GO:0045893;GO:0009734;GO:0038202;GO:1900459;GO:0043621;GO:0016032;GO:0030307;GO:0005524;GO:0016311;GO:0040019;GO:0009688;GO:0000976;GO:0004672;GO:0009733;GO:2000234;GO:0010507;GO:0009630;GO:1901355;GO:0009615;GO:0031931;GO:0009745;GO:0005844;GO:1902661;GO:0044877;GO:0010116;GO:0009791;GO:0009303;GO:0016303
Q61239	GO:0005965;GO:0090044;GO:0004662;GO:0005737;GO:0018343;GO:0043066;GO:0004663;GO:0005875;GO:0030548;GO:0018344;GO:0008017;GO:0010035;GO:0004661;GO:0008284;GO:0051770;GO:0004660;GO:0014070;GO:0034097;GO:0043014;GO:0045213;GO:0090045;GO:0051771;GO:0030971;GO:0005953;GO:0045787
Q48EI5	GO:0042026;GO:0005737;GO:0051082;GO:0005524
O13282	GO:0016251;GO:0000790;GO:0005634;GO:0006338;GO:0005669;GO:0043966;GO:0003713;GO:0000124;GO:0006355;GO:0005829;GO:0006367
A6UZI1	GO:0003677;GO:0006351;GO:0032549;GO:0003899
C0R1J9	GO:0004817;GO:0005737;GO:0005524;GO:0008270;GO:0006423
P0DOK0	GO:0020002;GO:0042025;GO:0030430;GO:0055036;GO:0039619;GO:0019031;GO:0075512;GO:0016021;GO:0005198;GO:0039654;GO:0019062;GO:0004252
P28931	GO:0006396;GO:0016020;GO:0004386;GO:0008174;GO:0005524;GO:0044167;GO:0003723
Q6NZL8	GO:0042802;GO:0009986;GO:0005509;GO:0019897;GO:0005615;GO:0045880;GO:0009897
Q0ADD1	GO:0003924;GO:0005737;GO:0006449;GO:0005525;GO:0016149
Q9FWQ5	GO:0016573;GO:0009908;GO:0001085;GO:0006473;GO:0031490;GO:0005667;GO:0003713;GO:0008270;GO:0000123;GO:0045944;GO:0004402
Q9VT28	GO:0048814;GO:0042052;GO:0030427;GO:0008407;GO:0035317;GO:0005737;GO:0035316;GO:0045893;GO:0030424;GO:0050773;GO:0048800;GO:0044297;GO:0030425;GO:0070593;GO:0150013;GO:0000902;GO:0071902;GO:0051012;GO:0045860;GO:0007476;GO:0048601;GO:0005938;GO:0045177;GO:0031175
Q921C6	GO:0003677;GO:0005634
Q2JBP8	GO:0042744;GO:0004096;GO:0046872;GO:0006979;GO:0020037
Q3KIW5	GO:0004359;GO:0003952;GO:0008795;GO:0005737;GO:0005524;GO:0046872;GO:0009435
Q9J5S2	GO:0006260;GO:0003964;GO:0003887;GO:0003677;GO:0004523;GO:0046872;GO:0039503
B2KER6	GO:0016765;GO:0008612
Q12NC2	GO:0051539;GO:0016830;GO:0009229;GO:0009228;GO:0008270
O43283	GO:0042802;GO:0018105;GO:0019901;GO:1905492;GO:0005737;GO:0042803;GO:0004674;GO:0006468;GO:0019899;GO:0007257;GO:0016020;GO:0046777;GO:0005524;GO:0004706;GO:0045773;GO:0004672;GO:0014042;GO:0106137;GO:0007256;GO:0150012;GO:0004709;GO:0007254;GO:0051092;GO:0046872;GO:0000186
Q4WWJ1	GO:0017108;GO:0005739;GO:0005634;GO:0006260;GO:0005730;GO:0043137;GO:1904162;GO:0003677;GO:0005654;GO:0005737;GO:0000287;GO:0048256;GO:0006284;GO:0008409
Q92888	GO:0007266;GO:0043065;GO:0005737;GO:0001664;GO:0005886;GO:0051056;GO:0003723;GO:0005089;GO:0005096;GO:0007186;GO:0005829
Q83457	GO:0042025;GO:0046718;GO:0019028;GO:0007155;GO:0098671
P45675	GO:0000160;GO:0009399;GO:0004673;GO:0005886;GO:0005524;GO:0016021
A1JL12	GO:0051392;GO:0002101;GO:0000049;GO:0005737;GO:0005524;GO:0051391
D5SQS4	GO:0047580
Q54B37	GO:0005085
P61135	GO:0005576;GO:0005579;GO:0019835;GO:0006958;GO:0045087
P13110	GO:0015042;GO:0005737;GO:0050660;GO:0045454
Q8DS47	GO:0006351;GO:0003899;GO:0003677;GO:0008270;GO:0000287
B4S9D0	GO:0006457;GO:0031072;GO:0051082;GO:0006260;GO:0009408;GO:0005737;GO:0008270;GO:0005524
Q9HY08	GO:0008094;GO:0032136;GO:0032300;GO:0005524;GO:0006298;GO:0005829;GO:0003684
Q4LE88	GO:0022857;GO:0033162;GO:0042438;GO:0007601;GO:0016021;GO:0050896
P38787	GO:0015940;GO:0005737;GO:0050661;GO:0008677
Q6G6U7	GO:0050661;GO:0004324;GO:0050660
B7V637	GO:0003677;GO:0006351;GO:0032549;GO:0003899
P75441	GO:0005886;GO:0016021
A4YD25	GO:0051301;GO:0007049;GO:0006260;GO:0003910;GO:0003677;GO:0051103;GO:0006310;GO:0005524;GO:0046872;GO:0071897
B0X755	
Q7M9T3	GO:0006457;GO:0031072;GO:0051082;GO:0006260;GO:0009408;GO:0005737;GO:0008270;GO:0005524
Q10179	GO:0015966;GO:0005759;GO:0004820;GO:0005739;GO:0006426;GO:0016740;GO:0046983;GO:0002181;GO:0005737;GO:0070150;GO:0005524;GO:0005829;GO:0032543
B6JES1	GO:0006351;GO:0003899;GO:0003677;GO:0008270;GO:0000287
Q8JHC4	GO:0000932;GO:0010494;GO:0010587;GO:0005634;GO:0019827;GO:0005791;GO:0005730;GO:0031123;GO:1905538;GO:0008270;GO:0031054;GO:0003723;GO:1990904;GO:2000767;GO:0005844
Q17YT5	GO:0005737;GO:0016149
A0RK94	GO:0006094;GO:0006096;GO:0005737;GO:0004347
A8MDU6	GO:0051301;GO:0007049;GO:0006260;GO:0003910;GO:0003677;GO:0051103;GO:0006310;GO:0005524;GO:0046872;GO:0071897
O95376	GO:0006511;GO:0016567;GO:0032436;GO:0048588;GO:0070936;GO:0071425;GO:0005634;GO:0061630;GO:0005654;GO:0005737;GO:0070534;GO:0007275;GO:1903955;GO:0000209;GO:0008270;GO:0031624;GO:0004842;GO:0000151
A1D144	GO:0005576;GO:0000272;GO:0030246;GO:0102210;GO:0071555
Q11HH5	GO:0005737;GO:0030145;GO:0070006
B2RKJ1	GO:0009986;GO:0006520;GO:0004352
A4T8B7	GO:0019380;GO:0008198;GO:0047070
A1WZG2	GO:0008534;GO:0006289;GO:0008270;GO:0140078;GO:0003684;GO:0006284
P30533	GO:0005801;GO:0150093;GO:0032091;GO:0050750;GO:0007165;GO:1900223;GO:0012505;GO:0005794;GO:0005102;GO:0005783;GO:0035473;GO:0048259;GO:1900222;GO:0005576;GO:0005796;GO:0009986;GO:1900116;GO:0005886;GO:0010916;GO:0060548;GO:0002091;GO:0070326;GO:0048018;GO:0008201;GO:0001540;GO:0048019;GO:0005768;GO:0031904;GO:0005793;GO:0048237
Q6CJF4	GO:0043486;GO:0005737;GO:0005856;GO:0000812;GO:0031491;GO:0034399
P14234	GO:0019901;GO:0005856;GO:0014068;GO:0007229;GO:0005102;GO:0032956;GO:0043306;GO:0045859;GO:0050764;GO:0031234;GO:0008360;GO:0043552;GO:0018108;GO:0005886;GO:0034988;GO:0046777;GO:0005524;GO:0045088;GO:0005829;GO:0042127;GO:0032587;GO:0034987;GO:0038083;GO:0004715;GO:0004713;GO:0016235;GO:0007169;GO:0030154;GO:0030335;GO:0001784;GO:0050715;GO:0050830;GO:0005743;GO:0048705;GO:0005758;GO:0030282;GO:0045087;GO:0032815
C7QKE8	GO:0010125;GO:0000287;GO:0102710;GO:0008375
Q9R1K2	GO:0042802;GO:0030054;GO:0045211;GO:0005634;GO:0000122;GO:0005794;GO:0005102;GO:0005783;GO:0042803;GO:0005911;GO:0046982;GO:0050839;GO:0045202;GO:0098609;GO:0051491;GO:0048666;GO:0030175;GO:0005886;GO:0030425;GO:0005887;GO:0007157;GO:0016605;GO:0043197;GO:0005509;GO:0007411;GO:0035584;GO:0043005;GO:0098942;GO:0007417;GO:0030426
A5VJ57	GO:0050118;GO:0009089;GO:0019877
P61084	GO:0004139;GO:0005737;GO:0016052;GO:0009264;GO:0046386
Q62947	GO:0071230;GO:0048598;GO:0005634;GO:0008285;GO:0000122;GO:0071560;GO:0051150;GO:0014823;GO:0045666;GO:0033081;GO:0048596;GO:0051216;GO:0003690;GO:0003682;GO:0048704;GO:0001227;GO:0048513;GO:0043565;GO:0031667;GO:0007389;GO:0048752;GO:0030900;GO:0010464;GO:0045944;GO:0003700;GO:0045602;GO:0045892;GO:0030857;GO:0007417;GO:0070888;GO:0017015;GO:0008270;GO:0090103
Q99MV7	GO:0042802;GO:0007286;GO:0005634;GO:0005737;GO:0007275;GO:0046872
P51514	GO:1990837;GO:0005634;GO:0090575;GO:0005737;GO:0042803;GO:0046982;GO:0045893;GO:0035497;GO:0045666;GO:0000978;GO:0016607;GO:0043425;GO:0010628;GO:0008134;GO:0000790;GO:0005667;GO:0045944;GO:0003700;GO:0046332;GO:0070888;GO:0001228;GO:0003677;GO:0071837
Q8VXY9	GO:0010136;GO:0004848;GO:0000256;GO:0009536;GO:0005783;GO:0030145;GO:0006145
Q8NET4	
E1WIS2	GO:0009405;GO:0005886;GO:0040008;GO:0016021
Q9W4S1	GO:0015035;GO:0009055
P41363	GO:0005576;GO:0004252;GO:0046872
Q6BKH3	GO:0000463;GO:0005730;GO:0003724;GO:0005524;GO:0003723
Q7SZE0	GO:0090729;GO:0005576;GO:0004222;GO:0046872
Q28RA9	GO:0006189;GO:0004641;GO:0005524;GO:0005737
Q43715	GO:0006886;GO:0009707;GO:0015450;GO:0016021
A6LQ87	GO:0042026;GO:0005737;GO:0051082;GO:0005524
Q9PQX7	
Q3AQ09	GO:0006633;GO:0005737;GO:0004315;GO:0033818
M0RD54	GO:0030018;GO:0070886
C4YG73	GO:0031902;GO:0005794;GO:0015031;GO:0016021
Q9UT79	GO:0051864;GO:0000790;GO:0005634;GO:0032452;GO:0032454;GO:0006338;GO:0043486;GO:0000118;GO:0035097;GO:0070647;GO:0046872;GO:0000812
C6DKU9	GO:0006400;GO:0016705
A9IFG8	GO:0051539;GO:0016830;GO:0009229;GO:0009228;GO:0008270
P37586	GO:0042558;GO:0008705;GO:0032259;GO:0008270;GO:0005829;GO:0031419
A0M353	GO:0006457;GO:0051082;GO:0005524
Q02A20	GO:0042744;GO:0004096;GO:0046872;GO:0006979;GO:0020037
P50137	GO:0004802;GO:0005509;GO:0009052;GO:0040008;GO:0005777;GO:0005789;GO:0006098;GO:0030246;GO:0046166;GO:0043231;GO:0042803;GO:0030976;GO:0000287;GO:0046390;GO:0048029
Q7TU44	GO:0042026;GO:0005737;GO:0051082;GO:0005524
Q9Z617	GO:0008233;GO:0016887;GO:0009376;GO:0043335;GO:0005524
Q9SIW1	GO:0003700;GO:0000978;GO:0006357;GO:0000790;GO:0000981
B7V8C8	GO:0003684;GO:0030983;GO:0005524;GO:0006298
Q9VKB9	GO:0030234;GO:0016192;GO:0043087;GO:0008021;GO:0060025;GO:0007269;GO:0005096
I6Y2J4	GO:0005576;GO:0004806;GO:0009405;GO:0009986;GO:0005737;GO:0016042;GO:0005618
Q8N6Q3	GO:0048306;GO:0045217;GO:0046658;GO:0030027;GO:0044853;GO:0070821;GO:0005886;GO:0043312;GO:0034394;GO:1990266;GO:0050900;GO:0070062;GO:2001044;GO:0072672;GO:0032930;GO:0030667;GO:0002020;GO:0007596;GO:0098742;GO:0035579;GO:0005178;GO:0007155;GO:0043315;GO:0007159;GO:0045087;GO:0030100
B8IYD5	
B1LB87	GO:0065002;GO:0006605;GO:0005737;GO:0005886;GO:0017038;GO:0005524
Q6FYZ7	GO:0019464;GO:0004375
A1RTI0	GO:0030170;GO:0019264;GO:0005737;GO:0004372;GO:0035999
Q9FT77	GO:2000071;GO:0007165;GO:0061809;GO:0003729;GO:0005524;GO:0009817;GO:0005829;GO:0050135;GO:0043531
Q8IW93	GO:0042060;GO:0060071;GO:0043065;GO:0090630;GO:0032956;GO:0051056;GO:0005089;GO:0005096;GO:0007186;GO:0005829
A6V1G8	GO:0003684;GO:0030983;GO:0005524;GO:0006298
Q3BZH2	GO:0004457;GO:0010181;GO:0005886;GO:0019516
Q9LE82	GO:0005819;GO:0006606;GO:0000911;GO:0005886;GO:0009524;GO:0031965;GO:0005635;GO:0032153;GO:0005829;GO:0009504;GO:0005096
O57457	GO:0031032;GO:0005516;GO:0005856;GO:0005737
P57781	GO:0005634;GO:0030520;GO:0005496;GO:0071392;GO:0043565;GO:0008270;GO:0004879;GO:0030284
A6TFJ1	GO:0004125;GO:0005737;GO:0001514;GO:0097056
Q3AA34	GO:0051539;GO:0003678;GO:0004527;GO:0003677;GO:0006281;GO:0005524;GO:0046872
Q8Z300	GO:0008784;GO:0030632;GO:0030170
Q95K04	GO:0016567;GO:0005789;GO:0016021;GO:0046872;GO:0016740
Q80ZX8	GO:0016787;GO:0007338;GO:0005737;GO:0005525;GO:0005829;GO:0070286
O95780	GO:0000978;GO:0006355;GO:0005634;GO:0000981;GO:0046872
P37624	GO:0043190;GO:0060187;GO:0016887;GO:0043024;GO:0055085;GO:0005886;GO:0016020;GO:0005524;GO:0045727;GO:0022627
B9FHH2	GO:0008422;GO:0102483;GO:0005975
Q01899	GO:0006457;GO:0051082;GO:0005524;GO:0005739
Q8EIV5	GO:0042744;GO:0004096;GO:0070301;GO:0046872;GO:0005829;GO:0020037
Q80W92	GO:0042802;GO:0033674;GO:0000306;GO:0005774;GO:0006661;GO:0005783;GO:0010008;GO:0005829;GO:0070772
Q044A9	GO:0006457;GO:0051082;GO:0005524
Q9Z0T9	GO:0038023;GO:0030054;GO:0005813;GO:0005925;GO:0033627;GO:0005178;GO:0007160;GO:0006954;GO:0005654;GO:0038044;GO:0016477;GO:1901388;GO:0007229;GO:0034685;GO:0043235;GO:0009897
Q16851	GO:0042802;GO:0003983;GO:0046872;GO:0070062;GO:0007420;GO:0005634;GO:0006065;GO:0005536;GO:0005737;GO:0005977;GO:0019255;GO:0032557;GO:0005978;GO:0005829;GO:0006011
A9M9E9	GO:0006782;GO:0005737;GO:0004853
A5G7Q7	GO:0004814;GO:0004820;GO:0006426;GO:0006420;GO:0005737;GO:0005524
Q1JE19	GO:0006351;GO:0003899;GO:0003677;GO:0008270;GO:0000287
Q96TL7	GO:0010833;GO:0000783;GO:0035974;GO:0070187;GO:0005634;GO:0140445;GO:0110092;GO:0044820;GO:0003677;GO:0032211;GO:0032121;GO:0006355;GO:0000723;GO:0042162;GO:0031848
Q06687	GO:0003677;GO:0015074;GO:0006310
A4J683	GO:0006397;GO:0008033;GO:0005737;GO:0006364;GO:0016075;GO:0046872;GO:0019843;GO:0004525
Q5WLU5	GO:0003676;GO:0006430;GO:0005737;GO:0004824;GO:0005524;GO:0000287
Q5UQK5	GO:0019012
P16415	GO:0000977;GO:0006357;GO:0046872;GO:0005634;GO:0000981
Q06496	GO:0042802;GO:0030165;GO:0072734;GO:0045121;GO:0035435;GO:0072350;GO:0055062;GO:0010288;GO:0005903;GO:0045838;GO:0005436;GO:0032026;GO:0046686;GO:0031226;GO:0033189;GO:0009986;GO:0005886;GO:0046689;GO:0016607;GO:0001822;GO:0016021;GO:0031526;GO:0005829;GO:0042431;GO:0060416;GO:0032355;GO:0071248;GO:0001503;GO:0098719;GO:0097187;GO:0046849;GO:0006817;GO:0043434;GO:0072686;GO:1901684;GO:2000120;GO:0016323;GO:0048471;GO:0071107;GO:1901128;GO:2000187;GO:0005768;GO:0007584;GO:0016324;GO:0030643;GO:0031982;GO:0097066;GO:0044877;GO:1901652;GO:0035864;GO:0042493;GO:0044341;GO:0071374;GO:0009100
O14744	GO:0042802;GO:0097421;GO:0005634;GO:0043021;GO:0005654;GO:0005737;GO:0005794;GO:0006355;GO:0046982;GO:0044020;GO:0032922;GO:0045596;GO:0044030;GO:1901796;GO:0034709;GO:0043985;GO:0005829;GO:0008327;GO:0070372;GO:0000387;GO:0048714;GO:0034969;GO:0003714;GO:0018216;GO:0008168;GO:0006353;GO:0035243;GO:0042118;GO:0090161;GO:0002039;GO:0008469;GO:0035246;GO:0070888;GO:0007088;GO:0035097;GO:0016274;GO:1904992
Q8WVB6	GO:0032508;GO:1900264;GO:0007049;GO:0006260;GO:0005634;GO:0016887;GO:0003677;GO:0005654;GO:0016020;GO:0005524;GO:0005829;GO:0031390
P56817	GO:1904646;GO:0005802;GO:0045121;GO:0070931;GO:0006509;GO:0005788;GO:0005794;GO:0008021;GO:0010008;GO:0010288;GO:0019899;GO:0030424;GO:0098686;GO:0055037;GO:0006508;GO:0060134;GO:0043525;GO:0043025;GO:0009986;GO:0005886;GO:0016020;GO:0030425;GO:0034205;GO:0016021;GO:0042987;GO:2000300;GO:0005770;GO:0005887;GO:0050966;GO:0071280;GO:0004190;GO:0071287;GO:0008798;GO:0005764;GO:0001540;GO:0030659;GO:0050435;GO:0009314;GO:0005769;GO:0005768;GO:0005771;GO:0008233;GO:0004175;GO:0044267
B7KD70	GO:0030170;GO:0008710;GO:0009102
Q5HVY9	GO:0003677;GO:0006351;GO:0032549;GO:0003899
Q6BZA0	GO:0031307;GO:0071949;GO:0070485;GO:0034599;GO:0003885
B0TDI0	GO:0003678;GO:0008408;GO:0000724;GO:0005524;GO:0003690
A7KBS4	GO:0000978;GO:0010833;GO:0006357;GO:0000981;GO:0046872;GO:0000784
Q835R7	GO:0006457;GO:0051082;GO:0005524
A1TKZ0	GO:0030170;GO:0000105;GO:0004400
B2UKV6	GO:0006457;GO:0051082;GO:0005524
P20323	GO:0046798;GO:0099002;GO:0019073
Q5EBM4	GO:0000978;GO:0006357;GO:0005634;GO:0000981;GO:0046872
F4IUX6	GO:0042742;GO:0000184;GO:0005730;GO:0003729;GO:0009863;GO:0005737;GO:0035145;GO:0009611;GO:0009867;GO:0048571;GO:0048471;GO:0005844
O60122	GO:0005634;GO:0005829;GO:0000162;GO:0004048
P26758	GO:0042597;GO:0008360;GO:0005201
Q87X14	GO:0042026;GO:0005737;GO:0051082;GO:0005524
Q74H59	GO:0006457;GO:0005829;GO:0051082;GO:0005524
A9RVK2	GO:0004709;GO:0010200;GO:0006952;GO:0005886;GO:0005524
Q6IMT0	GO:0005576;GO:0090404;GO:0009860;GO:0035619;GO:0005794;GO:0048768
A0LMH0	
Q48DU8	GO:0044419;GO:0005576
B6JPL0	GO:0006457;GO:0051082;GO:0005524
Q6C7X8	GO:0005730;GO:0003724;GO:0006364;GO:0005524;GO:0003723
O69298	GO:0006457;GO:0051082;GO:0005524
P48017	GO:0004100;GO:0006031;GO:0071555;GO:0005886;GO:0016021
Q9TJQ8	GO:0003924;GO:0003746;GO:0009536;GO:0005525
P52308	GO:0003677;GO:1990077;GO:0008270;GO:0003896
P92127	GO:0005886;GO:0016021
Q05AW7	GO:0032447;GO:0000049;GO:0002098;GO:0005829;GO:0016779;GO:0034227
Q4R6I5	
W0RYD3	GO:0009306;GO:0009706;GO:0009501;GO:0009660;GO:0005887;GO:0031972
B0B809	GO:0003924;GO:0003746;GO:0005737;GO:0005525
Q1JJ22	GO:0006351;GO:0003899;GO:0003677;GO:0008270;GO:0000287
P80077	GO:0050097;GO:0019553;GO:0019670;GO:0031419
Q8JZV4	GO:0005689;GO:0030626;GO:0000398;GO:0097157
Q5RBQ3	GO:0003677;GO:0046872;GO:0005634;GO:0006355
O05101	GO:0004479
Q920J3	GO:0007015;GO:0016477;GO:0051015
O55023	GO:0042802;GO:0046855;GO:0052834;GO:0031403;GO:0007165;GO:0006020;GO:0052833;GO:0006796;GO:0008934;GO:0006021;GO:0005737;GO:0042803;GO:0043025;GO:0006661;GO:0030145;GO:0000287;GO:0052832;GO:0030424;GO:0046854
Q9FNX8	GO:0016702;GO:0009901;GO:0009555;GO:0010193;GO:0016165;GO:0080086;GO:0009617;GO:0009611;GO:0034440;GO:0046872;GO:0048653;GO:0031408;GO:0009507
Q6UVK1	GO:0019901;GO:0005654;GO:0001726;GO:0030207;GO:0050731;GO:0006929;GO:0043202;GO:0005576;GO:0005925;GO:0001525;GO:0048771;GO:0097178;GO:0005796;GO:0009986;GO:0005886;GO:0031258;GO:0030206;GO:0062023;GO:0005887;GO:0070062;GO:0015026;GO:0048008;GO:0008283;GO:0035556;GO:0030208;GO:0000187;GO:0016324;GO:0008347
Q6CYC1	GO:0031307;GO:0032865;GO:0008289;GO:0000002;GO:1990456;GO:0015914
Q75WS4	GO:0018298;GO:0006281;GO:0003913
Q2T281	GO:0003991;GO:0005737;GO:0042450;GO:0005524
D4B1S5	GO:0009405;GO:0004222;GO:0008270;GO:0005615
Q6AM97	GO:0006096;GO:0005576;GO:0009986;GO:0000015;GO:0004634;GO:0000287
A1A1I4	GO:0051539;GO:0002935;GO:0070040;GO:0000049;GO:0005737;GO:0046872;GO:0019843;GO:0070475
Q80GM6	GO:0042025;GO:0005198;GO:0006260;GO:0016888;GO:0003677;GO:0005524;GO:0046872;GO:0004386;GO:0016779
Q3TPX4	GO:0006893;GO:0030496;GO:0000145;GO:0006887;GO:0047485;GO:0017160;GO:0005829;GO:0072659;GO:0015031
Q3K1C0	GO:0006541;GO:0003922;GO:0005524;GO:0016462
O35219	GO:0042802;GO:1901381;GO:0098915;GO:0008076;GO:0005737;GO:0086010;GO:0042803;GO:0086091;GO:0097623;GO:1903765;GO:0060306;GO:0086013;GO:0005251;GO:0009986;GO:1901379;GO:0005886;GO:0055075;GO:0006813;GO:0005887;GO:0005242;GO:0097110;GO:0086005;GO:0005216;GO:0005267;GO:0035690;GO:0005249;GO:0005635;GO:0031625;GO:0086009;GO:0048471;GO:1902282;GO:1990573;GO:0060048;GO:0071805;GO:0044877;GO:0086011;GO:1902937;GO:0055131;GO:0060307;GO:0042391;GO:1901380
Q815I3	GO:0009380;GO:0016887;GO:0009432;GO:0003677;GO:0006289;GO:0005737;GO:0009381;GO:0005524
Q4ZRA0	GO:0004165;GO:0006635;GO:0003857;GO:0004300;GO:0008692;GO:0036125
D5LMJ3	GO:0090729;GO:0005576;GO:0004222;GO:0046872
Q5R698	GO:0043985;GO:0000387;GO:0005634;GO:0090161;GO:0044020;GO:0070888;GO:0003714;GO:0005794;GO:0018216;GO:0035243;GO:0034709;GO:0042118;GO:0005829;GO:0006353;GO:0016274;GO:0032922;GO:0008327
Q47C04	GO:0030170;GO:0008710;GO:0009102
A0LP22	GO:0030956;GO:0016787;GO:0050567;GO:0005524;GO:0006412
P14380	
E9FCP4	GO:0016853;GO:0016874;GO:0009405;GO:0008168;GO:0031177
P46710	GO:0008964;GO:0015977;GO:0006107;GO:0006099;GO:0000287
Q5ZJM3	GO:0006516;GO:0005634;GO:0005737;GO:0000224;GO:0046872;GO:0005829;GO:0006515;GO:0006517
A6X562	GO:0030956;GO:0016787;GO:0050567;GO:0005524;GO:0006412
E9Q743	GO:0036126;GO:0005737;GO:0005856;GO:0031514;GO:0030317
P56299	GO:0006351;GO:0003899;GO:0032549;GO:0003677;GO:0009507
B1YPR7	GO:0003991;GO:0005737;GO:0042450;GO:0005524
Q4ZP20	GO:0042026;GO:0005737;GO:0051082;GO:0005524
Q751P7	GO:0003723;GO:0006397;GO:0000002;GO:0031305
Q9ZRI8	GO:0008863;GO:0005739;GO:0016616;GO:0009326;GO:0051287;GO:0042183
P03870	GO:0003697;GO:0015074;GO:0009009;GO:0042150;GO:0008301;GO:0003690
A7Z0D5	GO:0004828;GO:0016260;GO:0097056;GO:0006434;GO:0005737;GO:0005524
Q5S580	GO:0005789;GO:0006888;GO:0015031;GO:0012507
P35052	GO:2001016;GO:0045121;GO:0046658;GO:0005654;GO:0032288;GO:0030200;GO:0043202;GO:0045202;GO:0005507;GO:0005576;GO:0031226;GO:0006024;GO:0031012;GO:0005796;GO:0009986;GO:0005886;GO:0062023;GO:0005829;GO:0050900;GO:0070062;GO:0007411;GO:1905475;GO:0005768;GO:0017134;GO:0014037;GO:0043236;GO:0001523;GO:0016477;GO:0040037;GO:0005615;GO:0006027
B4DXR9	GO:0000978;GO:0046872;GO:0006355;GO:0005634;GO:0000981
Q6UEH4	GO:0004497;GO:0045122;GO:0016705;GO:0005506;GO:0016021;GO:0020037
Q39610	GO:0005874;GO:0030286;GO:0005737;GO:0005524;GO:0030030;GO:0007018;GO:0031514;GO:0008569
Q04713	GO:0043565;GO:0003700;GO:0005737;GO:0019439
Q889X8	GO:0003677;GO:0006351;GO:0032549;GO:0003899
Q1IF69	GO:0004457;GO:0010181;GO:0005886;GO:0019516
Q8YRP3	GO:0006527;GO:0008792;GO:0008295;GO:0046872
Q8R9M6	GO:0000287;GO:0000162;GO:0004048
P22704	GO:0006351;GO:0003899;GO:0003677;GO:0008270;GO:0000287
Q3M7Y0	GO:0003924;GO:0005737;GO:0006449;GO:0005525;GO:0016149
Q8TV60	GO:0051539;GO:0006777;GO:0019008;GO:1904047;GO:0046872;GO:0005525;GO:0061798
B0TBU3	GO:0000049;GO:0006424;GO:0005737;GO:0005524;GO:0008270;GO:0004818
Q9UPU7	GO:0017137;GO:0090630;GO:0006886;GO:0005829;GO:0005096
B3QPY9	GO:0030060;GO:0019752;GO:0006099;GO:0005975
E1C1R4	GO:0006511;GO:0008234;GO:0035520;GO:0004843;GO:0005737;GO:0006284;GO:0006974
Q4QSC8	GO:0000775;GO:0045144;GO:0051301;GO:0005634
B0BC74	GO:0003924;GO:0003746;GO:0005737;GO:0005525
B4TES7	GO:0006400;GO:0016705
Q9Z123	GO:0045499;GO:0071526;GO:0045211;GO:0030215;GO:0050919;GO:0043204;GO:0048843;GO:0016021;GO:0031290;GO:0005886;GO:0001755;GO:0030425;GO:0005783;GO:0005615;GO:0007411;GO:0014069;GO:0030335;GO:0030517;GO:0005887;GO:0045202
A1APJ8	GO:0006096;GO:0005576;GO:0009986;GO:0000015;GO:0004634;GO:0000287
Q5HGY9	GO:0004742;GO:0006096
P23293	GO:0004693;GO:0051571;GO:0030332;GO:0000790;GO:0005634;GO:0008353;GO:0032968;GO:0008024;GO:0006368;GO:0070816;GO:0005524;GO:0005694;GO:0000307;GO:0006468;GO:0045944
Q3V0F0	GO:0007286;GO:0005634;GO:0005737;GO:0005856;GO:0030156;GO:0009566;GO:0045202
P12607	GO:0038023;GO:0030054;GO:0032154;GO:0032587;GO:0007160;GO:0071438;GO:0008305;GO:0030027;GO:0007229;GO:0042470
Q292U2	GO:0001736;GO:0009948;GO:0005886;GO:0007164;GO:0008270
A6UQ14	GO:0003924;GO:0003746;GO:0005737;GO:0005525
P24339	GO:0090619;GO:0051301;GO:0072687;GO:0005634;GO:0005737;GO:0099606;GO:0051256;GO:0005875;GO:1990939;GO:0005524;GO:0090307;GO:0015630;GO:0008017;GO:0008574;GO:0140013;GO:0005876;GO:0044732;GO:0000778;GO:1990023;GO:0000073;GO:0008569
Q2JAZ7	GO:0042026;GO:0005737;GO:0051082;GO:0005524
Q72XV1	GO:0009380;GO:0016887;GO:0009432;GO:0003677;GO:0006289;GO:0005737;GO:0009381;GO:0005524
Q9UTN6	GO:0003678;GO:0008094;GO:0006357;GO:0042393;GO:0005634;GO:0140463;GO:0061780;GO:0006338;GO:0016586;GO:0003677;GO:0043044;GO:0005524;GO:0045944
B8E0W1	GO:0006096;GO:0005576;GO:0009986;GO:0000015;GO:0032889;GO:0004634;GO:0000287
Q9UGU0	GO:0000978;GO:0005634;GO:0001228;GO:0005654;GO:0016604;GO:0046872;GO:0003723;GO:0045944
Q1CV46	GO:0006457;GO:0051082;GO:0005524
Q75DB8	GO:0016572;GO:2000105;GO:0006260;GO:0005634;GO:0000722;GO:0006281;GO:0000077;GO:0046777;GO:0006975;GO:0005524;GO:0007131;GO:1901857;GO:0000723;GO:0004674
B5EFP4	GO:0003677;GO:0006351;GO:0008270;GO:0003899;GO:0000287
A4VT83	GO:0030956;GO:0016787;GO:0050567;GO:0005524;GO:0006412
C0QX49	GO:0051539;GO:0003924;GO:0005737;GO:0005525;GO:0000287;GO:0042254
A6X8Z5	GO:0005925;GO:0007264;GO:0017124;GO:0030027;GO:0005096
O52325	GO:0099619;GO:0046677;GO:0009103;GO:0099618;GO:0009245
A0PTS1	GO:0051539;GO:0016830;GO:0009229;GO:0009228;GO:0008270
B5Y1F1	GO:0016655;GO:0006814
Q5R5M2	GO:0006886;GO:0030121;GO:0016192
B8J008	GO:0003684;GO:0030983;GO:0005524;GO:0006298
A1A4J1	GO:0006007;GO:0042802;GO:0006096;GO:0046872;GO:0070095;GO:0009749;GO:0051289;GO:0005945;GO:0016208;GO:0046676;GO:0061621;GO:0016020;GO:0070061;GO:0006002;GO:0005524;GO:0019900;GO:0003872;GO:0048029;GO:0030388
Q96F15	GO:0005525;GO:0032585;GO:0005765;GO:0016021
Q5Z1E9	GO:0006541;GO:0003922;GO:0005524;GO:0016462
Q08426	GO:0033540;GO:0005782;GO:0005777;GO:0006625;GO:0006635;GO:0003857;GO:0004300;GO:0016508;GO:0004165;GO:0005829;GO:0016863;GO:0019899;GO:0016509
P31354	GO:0043027;GO:0039650
Q288N7	GO:0039694;GO:0006351;GO:0018144;GO:0030430;GO:0004197;GO:0003968;GO:0003724;GO:0005524;GO:0003723;GO:0019028
G5CEW6	GO:0003743;GO:0016281;GO:0003729
D3BN56	GO:0017108;GO:0005739;GO:0006260;GO:0005730;GO:0043137;GO:0003677;GO:0005654;GO:0000287;GO:0006284;GO:0008409
Q9ERD9	GO:0042130;GO:0033754;GO:0002678;GO:0032496;GO:0032421;GO:0005737;GO:0016597;GO:0046007;GO:0034276;GO:0032693;GO:0033555;GO:0019441;GO:0043065;GO:0036269;GO:0005829;GO:0004833;GO:0002666;GO:0006954;GO:0019825;GO:0030485;GO:0020037;GO:0002376;GO:0034354;GO:0002830;GO:0070233;GO:0046872;GO:0002534;GO:0032735;GO:0070234
Q827Q7	GO:0006526;GO:0044205;GO:0005524;GO:0046872;GO:0004088
D2H5P6	GO:0005813;GO:0030496;GO:0032266;GO:0000281;GO:0000724;GO:0032465;GO:0005737;GO:0046872
Q9ULV0	GO:0007015;GO:0070062;GO:0016459;GO:0017137;GO:0016192;GO:0031982;GO:0005516;GO:0030898;GO:0030050;GO:0000146;GO:0045179;GO:0005737;GO:0003091;GO:0032991;GO:0005524;GO:0051015;GO:0016197;GO:0015629;GO:0030659;GO:0015031
P35074	GO:0006366;GO:0003899;GO:0003677;GO:0005665;GO:0005694;GO:0046872
Q603B8	GO:0005737;GO:0006427;GO:0004821;GO:0005524
Q8RWH9	GO:0008139;GO:0005635;GO:0005643;GO:0017056;GO:0051028;GO:0015031
P41768	GO:1990814;GO:0000709;GO:0005739;GO:0000722;GO:0006301;GO:0006277;GO:0000733;GO:0003677;GO:0000150;GO:1904877;GO:0043504;GO:0000727;GO:0000730;GO:0045002;GO:0000228
Q5RDJ2	GO:0005634;GO:0008270
Q8CA72	GO:0016567;GO:0031463;GO:0005737;GO:0005856;GO:0007010
Q2L2R8	GO:0008712;GO:0050661;GO:0097171;GO:0005975
Q29RP1	GO:0006511;GO:0035520;GO:0004843;GO:0005634;GO:0006282;GO:0009411;GO:0004197;GO:0016579;GO:0006281
A1WYM9	GO:0065002;GO:0006605;GO:0005737;GO:0005886;GO:0017038;GO:0005524;GO:0046872
P93026	GO:0006511;GO:0030665;GO:0005509;GO:0006623;GO:0005802;GO:0005794;GO:0017119;GO:0005783;GO:0005768;GO:0000139;GO:0061630;GO:0009940;GO:0005886;GO:0016020;GO:0006896;GO:0016021;GO:0005829;GO:0005770;GO:0007034;GO:0031902
Q9R269	GO:0045104;GO:0030057;GO:0019897;GO:0042060;GO:0005737;GO:0005886;GO:0016020;GO:0005856;GO:0031424;GO:0005198
G5EDE9	GO:0008134;GO:0006351;GO:0006357;GO:0045597;GO:0006915
A4WW35	GO:0019253;GO:0000287;GO:0004497;GO:0016984
P04666	GO:0042025;GO:0005198;GO:0075732;GO:0019013;GO:0003723;GO:0046718;GO:0019029
Q2NFU9	GO:0030170;GO:0019346;GO:0003824
P0DF32	GO:0006351;GO:0003899;GO:0003677;GO:0008270;GO:0000287
B0B815	GO:0042597;GO:0008360;GO:0005201
Q4R8P0	GO:0047372;GO:0004620;GO:0006660;GO:0016021;GO:0052651
A1WQM5	GO:0008033;GO:0052381;GO:0005524
P49084	GO:0003924;GO:0005834;GO:0007188;GO:0001664;GO:0031683;GO:0046872;GO:0005525
B1M575	GO:0006281;GO:0046872;GO:0003911;GO:0006260
Q6ZS30	GO:0005829;GO:0008104;GO:0016020;GO:0019901
P87050	GO:0051301;GO:0005634;GO:0110115;GO:0010971;GO:0035556;GO:0071341;GO:0005737;GO:0120047;GO:0005524;GO:0031097;GO:0004674;GO:0006468;GO:0072453;GO:0044732
B2K295	GO:0008791;GO:0019545;GO:0019544
Q68F38	GO:0070772;GO:0010008;GO:0006661
Q28113	GO:0030155;GO:0001936;GO:0031127;GO:0036065;GO:0008107;GO:0006664;GO:0016021;GO:0032580;GO:0006486;GO:0005975
Q6GE59	GO:0050661;GO:0004324;GO:0050660
A8FLH2	GO:0006457;GO:0051082;GO:0005524
Q8X1T3	GO:0006090;GO:0006094;GO:0005737;GO:0005524;GO:0046872;GO:0004736;GO:0009374
O64404	GO:0000287;GO:0005737;GO:0010333
A0JZC2	GO:0010125;GO:0035447;GO:0008080
E9E6S9	GO:0046872;GO:0005774;GO:0008237;GO:0016021
Q9SMX5	GO:0005737;GO:0005096;GO:0046872
P0C890	GO:0030060;GO:0019752;GO:0006099;GO:0005975
A0A1U9YHZ2	GO:0016874
Q4JAB1	GO:0003689;GO:0005524;GO:0006260
Q8C761	GO:0005813;GO:0048704;GO:0000922;GO:0045503;GO:0042073;GO:0045504;GO:0005868;GO:0031021;GO:0000242;GO:0005929;GO:0035721;GO:0060271;GO:0007018;GO:0097014;GO:0097546
P26982	GO:0006457;GO:0042802;GO:0006508;GO:0030288;GO:0005886;GO:0006979;GO:0006515;GO:0009266;GO:0004252
Q81K75	GO:0006094;GO:0006096;GO:0005737;GO:0004347
P14617	GO:0043560;GO:0004714;GO:0031532;GO:0030238;GO:0071469;GO:0043548;GO:0046777;GO:0005524;GO:0007169;GO:0043235;GO:0005887
A1KTW0	GO:0003991;GO:0005737;GO:0042450;GO:0005524
P55011	GO:0051879;GO:0015079;GO:1902476;GO:0042995;GO:0015081;GO:0019901;GO:0006883;GO:0006972;GO:0016328;GO:0008511;GO:0015377;GO:0035865;GO:0010818;GO:0061044;GO:1903561;GO:0046873;GO:0006811;GO:0009925;GO:0055064;GO:0044297;GO:0043025;GO:0035725;GO:0005886;GO:0016020;GO:0051087;GO:0055075;GO:0098659;GO:0005829;GO:0150003;GO:1904464;GO:0150104;GO:0005887;GO:0015378;GO:0030321;GO:0070634;GO:0045795;GO:0070062;GO:0008519;GO:0035633;GO:0098719;GO:0030644;GO:1990869;GO:0071944;GO:0031253;GO:0043005;GO:0007568;GO:0055078;GO:0030659;GO:0098658;GO:0016324;GO:1990573;GO:0030007;GO:1904450;GO:0007214;GO:0015696;GO:0015379;GO:0044298;GO:0006884
Q00063	GO:0004795;GO:0009088;GO:0030170
B1IYS4	GO:0006146;GO:0000034
B1YTH4	GO:0042744;GO:0004096;GO:0046872;GO:0006979;GO:0020037
Q9KNJ2	GO:0019740;GO:0006542;GO:0005737;GO:0016020;GO:0005524;GO:0046872;GO:0004356
Q65DW6	GO:0006223;GO:0044206;GO:0004845;GO:0005525;GO:0000287;GO:0009116
A6H5Z3	GO:0016020;GO:0006893;GO:0006904;GO:0000145;GO:0006887
Q0CF43	GO:0005730;GO:0003724;GO:0006364;GO:0005524;GO:0003723
Q9AAR4	GO:0000287;GO:0009063;GO:0008927;GO:0016052
P52746	GO:0006357;GO:0005634;GO:0000981;GO:0043565;GO:0046872;GO:0000977
Q5MD89	GO:0042802;GO:0036328;GO:0001945;GO:0008045;GO:0005634;GO:0030947;GO:1900746;GO:0002244;GO:0005737;GO:0036303;GO:0001525;GO:0001944;GO:0060836;GO:0046777;GO:0005524;GO:0005887;GO:0048010;GO:0060841;GO:0007275;GO:0001946;GO:0002040;GO:0007169;GO:0035474;GO:0060855;GO:0004714;GO:0033674;GO:0038084;GO:0043235
A2VDR9	GO:0000978;GO:0008544;GO:0005634;GO:1990841;GO:0001228;GO:0046872;GO:0030154;GO:0045944
O74855	GO:0005634;GO:0005730;GO:0032991;GO:0042254;GO:0000027
P27077	GO:0016787;GO:0008907;GO:0003677;GO:0006310;GO:0044826;GO:0016740;GO:0046718;GO:0075713
A8LIH2	GO:0019464;GO:0004375
Q63H97	GO:0003677;GO:0006351;GO:0008270;GO:0003899;GO:0000287
Q3JNW6	GO:0042744;GO:0004096;GO:0046872;GO:0006979;GO:0020037
A0PT40	GO:0052865;GO:0009228;GO:0008661;GO:0030976;GO:0000287;GO:0016114
P0C6R3	GO:0004771;GO:0004806;GO:0016042;GO:0052689;GO:0005615
Q9PC29	GO:0005524;GO:0004363;GO:0046872
Q18GZ4	GO:0006457;GO:0051082;GO:0005524
A4SS99	GO:0006419;GO:0000049;GO:0005737;GO:0004813;GO:0005524;GO:0008270
A1KIL0	GO:0005525;GO:0005524
A9L4I9	GO:0006412;GO:0006464;GO:0016881;GO:0005524;GO:0046872
A1VBE0	GO:0005737;GO:0071424;GO:0070475
Q7YRH4	GO:0003676;GO:0005576
Q4KHE3	GO:0003684;GO:0030983;GO:0005524;GO:0006298
Q49Y22	GO:0006457;GO:0051082;GO:0005524
Q1ATM0	GO:0047151;GO:0005737;GO:0030698;GO:0050660
Q6CWQ8	GO:0009982;GO:0005634;GO:0031120;GO:1990481;GO:0046872;GO:0003723;GO:0031119
Q6K8J4	GO:0051539;GO:0046429;GO:0019288;GO:0009617;GO:0009570;GO:0005506;GO:0009862;GO:0009507;GO:0016114;GO:0009941
C3MF10	GO:0004521;GO:0004222;GO:0005737;GO:0006364;GO:0008270
A1C9G0	GO:0050525;GO:0005576
B3EE09	GO:0051539;GO:0016830;GO:0009229;GO:0009228;GO:0008270
A0R8H3	GO:0003677;GO:0006351;GO:0008270;GO:0003899;GO:0000287
P35546	GO:0030155;GO:0043410;GO:0001838;GO:0033619;GO:0000165;GO:0033141;GO:0042551;GO:0045121;GO:0007156;GO:0060384;GO:0001755;GO:0010008;GO:0035860;GO:0048484;GO:0030424;GO:0045893;GO:0072300;GO:0010976;GO:0048265;GO:0071300;GO:0007158;GO:0043025;GO:0005886;GO:0030425;GO:0005524;GO:2001241;GO:0005887;GO:0010628;GO:0033630;GO:0005509;GO:0014042;GO:0060041;GO:0035799;GO:0007275;GO:0098797;GO:0007169;GO:0030335;GO:0045793;GO:0000187;GO:0004714;GO:0005769;GO:0061146;GO:0030182;GO:0007399;GO:0033674;GO:0050770;GO:0006919;GO:0001657;GO:0009653;GO:0042493;GO:0043235;GO:0051897
A9QGV6	GO:0006952;GO:0043531;GO:0005524
Q4KG91	GO:0005198;GO:0071973;GO:0009428;GO:0030288
D4GYE8	GO:0003862;GO:0005737;GO:0009098;GO:0046872
C7GXX9	GO:0003677;GO:0000981;GO:0005634;GO:0008270
A5VCY9	GO:0006402;GO:0006396;GO:0005737;GO:0004654;GO:0003723;GO:0000287
Q59KI0	GO:0003983;GO:0005576;GO:0016539;GO:0046872;GO:0006078;GO:0005992;GO:0009986;GO:0005737;GO:0005886;GO:0005977;GO:0030445;GO:0005978;GO:0006011;GO:0006486
B2SXY6	GO:0051539;GO:0016830;GO:0009229;GO:0009228;GO:0008270
O70494	GO:1990837;GO:0001892;GO:0030218;GO:0001779;GO:0005634;GO:0000981;GO:0030851;GO:0001701;GO:0001889;GO:0006355;GO:0045893;GO:0032993;GO:0030324;GO:0000978;GO:0006357;GO:0048706;GO:0048596;GO:0043353;GO:0003690;GO:0016605;GO:0001503;GO:0003682;GO:0001227;GO:0000790;GO:0000987;GO:0060216;GO:0000977;GO:0045944;GO:0030224;GO:0003700;GO:0030219;GO:0060136;GO:0045892;GO:0017053;GO:0003677;GO:0046872;GO:0001829;GO:0030183;GO:0030217
A3CZX1	GO:0006412;GO:0006464;GO:0016881;GO:0005524;GO:0046872
Q48GW3	GO:0004165;GO:0006635;GO:0003857;GO:0004300;GO:0008692;GO:0036125
P55691	GO:0042597;GO:0043190;GO:0055085
Q9Z1Z9	GO:0001503;GO:0007507;GO:0005925;GO:0003779;GO:0031941;GO:0005912;GO:0051371;GO:0005654;GO:0001726;GO:0001725;GO:0005737;GO:0030036;GO:0045669;GO:0030018;GO:0046872;GO:0061061;GO:0030154
Q8IW36	GO:0000978;GO:0046872;GO:0006355;GO:0005634;GO:0000981
Q494X3	GO:0006357;GO:0001227;GO:0000790;GO:0000981;GO:0000122;GO:0046872;GO:0000977
Q00667	GO:0006572;GO:0006559;GO:0006520;GO:0004411;GO:0005737;GO:0046872
P9WGQ4	GO:0016491
P51123	GO:0004839;GO:0061631;GO:0005634;GO:0010485;GO:0005654;GO:0004674;GO:0006468;GO:0043967;GO:0005524;GO:0008134;GO:0007049;GO:0044154;GO:0005730;GO:0005669;GO:0036408;GO:0051123;GO:0043565;GO:0010390;GO:0035102;GO:0006367;GO:0017025
Q8T683	GO:0031288;GO:0042626;GO:0031152;GO:0005524;GO:0016021
B2HQM5	GO:0051539;GO:0016830;GO:0009229;GO:0009228;GO:0008270
P71349	GO:0003941;GO:0051539;GO:0006094;GO:0046872
B2V515	GO:0042744;GO:0004096;GO:0046872;GO:0006979;GO:0020037
P00187	GO:0070330;GO:0019369;GO:0008203;GO:0005789;GO:0101020;GO:0106256;GO:0101021;GO:0005506;GO:0042572;GO:0008210;GO:0020037
Q94981	GO:0006511;GO:0016567;GO:0032436;GO:0005634;GO:0050769;GO:0061630;GO:0005737;GO:0048477;GO:1901800;GO:0000209;GO:0006513;GO:0008270;GO:0005829;GO:0031624;GO:0000151;GO:0007029
O84192	GO:0009330;GO:0006265;GO:0003677;GO:0003918;GO:0005737;GO:0005694;GO:0005524;GO:0006261
A4J8H4	GO:0042026;GO:0005737;GO:0051082;GO:0005524
Q39FB8	GO:0050518;GO:0016114;GO:0019288
Q08CF3	GO:0005813
Q07ZS6	GO:0009380;GO:0009432;GO:0003677;GO:0006289;GO:0005737;GO:0009381
P09960	GO:0004177;GO:0005634;GO:0070006;GO:1904724;GO:0005654;GO:0044255;GO:1904813;GO:0003723;GO:0005576;GO:0043312;GO:0005829;GO:0043171;GO:0070062;GO:0004463;GO:0019370;GO:0004301;GO:0008233;GO:0042759;GO:0044267;GO:0008270;GO:0006691
Q04631	GO:0005965;GO:0090044;GO:0004662;GO:0005737;GO:0018343;GO:0043066;GO:0004663;GO:0005875;GO:0030548;GO:0018344;GO:0008017;GO:0010035;GO:0004661;GO:0008284;GO:0051770;GO:0004660;GO:0014070;GO:0034097;GO:0043014;GO:0045213;GO:0090045;GO:0051771;GO:0030971;GO:0005953;GO:0045787
Q5T5D7	GO:1990837;GO:0006357;GO:0001227;GO:0000790;GO:0000981;GO:0000122;GO:0046872;GO:0000977
Q8TEY5	GO:1990837;GO:0007283;GO:0005739;GO:0000790;GO:0000981;GO:0005789;GO:0045944;GO:0000139;GO:0001228;GO:0005654;GO:0031965;GO:0005794;GO:0005783;GO:0016021;GO:0030968;GO:0035497
C4VAS3	GO:0005634;GO:0046872;GO:0016888
B5FMI4	GO:0004357;GO:0005524;GO:0042398
Q57081	GO:0042995;GO:0033111;GO:0009405;GO:0005886;GO:0020035
Q0SMQ5	GO:0030170;GO:0019264;GO:0005737;GO:0004372;GO:0035999
C1EPQ2	GO:0004151;GO:0044205;GO:0008270
P56951	GO:0016567;GO:0006357;GO:0045892;GO:0071157;GO:0005634;GO:0005730;GO:0043021;GO:0008097;GO:0061630;GO:0005654;GO:0043066;GO:0005737;GO:0000122;GO:0043130;GO:0046872;GO:0045944
Q5XGN1	GO:0031965;GO:0046872;GO:0005643;GO:0051028;GO:0015031
Q5WDK9	GO:0006096;GO:0005576;GO:0009986;GO:0000015;GO:0004634;GO:0000287
Q6PCN3	GO:0018105;GO:0005634;GO:0032091;GO:0005654;GO:0005737;GO:0004674;GO:0006468;GO:0010629;GO:0005875;GO:0018108;GO:0043025;GO:0032273;GO:0048156;GO:0005524;GO:0005829;GO:0007611;GO:0010628;GO:0004713;GO:0048471;GO:1903980;GO:2001056;GO:0050321;GO:0018107;GO:1904031
Q14592	GO:1990837;GO:0000978;GO:0005634;GO:0000981;GO:0006355;GO:0046872
C4K7H1	GO:0006541;GO:0003922;GO:0005524;GO:0016462
A8A6C8	GO:0006146;GO:0000034
Q80V31	GO:0016595;GO:0000922;GO:0016594;GO:0016596;GO:0005737;GO:0005929;GO:0005814
P11807	GO:0032508;GO:0006351;GO:0042025;GO:0045740;GO:0039687;GO:0003677;GO:0008270;GO:0006268;GO:0039693;GO:0019028
C4L7T3	GO:0006412;GO:0016740;GO:0003735;GO:0019843;GO:0015934
B1XT72	GO:0004823;GO:0006429;GO:0002161;GO:0005737;GO:0005524
P25345	GO:0004816;GO:0005759;GO:0006421;GO:0005739;GO:0003676;GO:0070145;GO:0005524
P9WP76	GO:0051539;GO:0016829;GO:0044689;GO:0046872
Q9ULL4	GO:0071526;GO:0050772;GO:0007156;GO:0010593;GO:0051022;GO:0010976;GO:0008360;GO:0043087;GO:0009986;GO:0005886;GO:0005887;GO:0030334;GO:1902287;GO:0017154;GO:0030336;GO:0060326;GO:0034260;GO:0098632;GO:0019904;GO:0002116;GO:0050918;GO:0007162;GO:0001938
Q9UJL9	GO:0006357;GO:0001227;GO:0000790;GO:0000981;GO:0005634;GO:0005730;GO:0000122;GO:0007030;GO:0046872;GO:0000977
B8HD12	GO:0003924;GO:0003746;GO:0005737;GO:0005525
Q7RTP6	GO:0005819;GO:0046872;GO:0051301;GO:0003779;GO:0007049;GO:0017137;GO:0005634;GO:0042995;GO:0090543;GO:0055114;GO:0006887;GO:0030042;GO:0005654;GO:0005938;GO:0045171;GO:0005886;GO:0071949;GO:0007010;GO:0005829;GO:0016709
A2C0Q8	GO:0042026;GO:0005737;GO:0051082;GO:0005524
Q9C5P1	GO:0005634;GO:0000775;GO:0003677;GO:0018024;GO:0008270
A4XI04	GO:0050511;GO:0008360;GO:0009252;GO:0007049;GO:0030259;GO:0051301;GO:0071555;GO:0005886;GO:0051991;GO:0005975
P21804	GO:0001759;GO:0005634;GO:0048469;GO:0005007;GO:0090272;GO:2000830;GO:2000546;GO:0000122;GO:0042803;GO:0030326;GO:0031410;GO:0045893;GO:1903465;GO:0010976;GO:0043406;GO:0045597;GO:0001525;GO:0018108;GO:0060117;GO:0005886;GO:0046777;GO:0005524;GO:0010966;GO:0005829;GO:0090722;GO:0070640;GO:0005887;GO:0002053;GO:0060045;GO:0035607;GO:0008201;GO:0090080;GO:0042472;GO:0007605;GO:0060665;GO:0030901;GO:0007275;GO:0007169;GO:0021847;GO:0048378;GO:0004714;GO:0017134;GO:0042169;GO:0002062;GO:0010863;GO:0033674;GO:0043536;GO:0048339;GO:0060484;GO:0042473;GO:0060445;GO:0001657;GO:0042474;GO:1905564;GO:0003347;GO:2001239;GO:0043235;GO:0051897
C5D4Q3	GO:0051539;GO:0016114;GO:0005506;GO:0046429;GO:0019288
Q5BDW4	GO:0071004;GO:1903241;GO:0003676;GO:0005634;GO:1990447;GO:0003724;GO:0005524;GO:0000398;GO:1990446
A4XAH9	GO:0006457;GO:0051082;GO:0016887;GO:0046983;GO:0008270;GO:0005524
Q6D8S0	GO:0010181;GO:0005737;GO:0016966;GO:0005506;GO:0009055
B8ZRJ4	GO:0046677;GO:0050071;GO:0003676;GO:0006629;GO:0006430;GO:0009405;GO:0005737;GO:0004824;GO:0005886;GO:0005524;GO:0016021;GO:0000287
B0BRX2	GO:0046961;GO:0045261;GO:0005886;GO:0005524;GO:0046933
P45384	GO:0005576;GO:0009405;GO:0009986;GO:0042597;GO:0016021;GO:0004252;GO:0009279
P05661	GO:0006936;GO:0040011;GO:0005516;GO:0030239;GO:0042803;GO:0031033;GO:0003774;GO:0043520;GO:0071689;GO:0060361;GO:0050821;GO:0005524;GO:0016459;GO:0045214;GO:0007527;GO:0030898;GO:0031672;GO:0007517;GO:0005863;GO:0005703;GO:0030241;GO:0007298;GO:0007427;GO:0030017;GO:0051015;GO:0008307;GO:0042692
A5IM05	GO:0065002;GO:0006605;GO:0005737;GO:0005886;GO:0017038;GO:0005524
Q9QZE5	GO:0000139;GO:0009306;GO:0051683;GO:0006886;GO:0072384;GO:0016020;GO:0005794;GO:0005793;GO:0005783;GO:0005198;GO:0005829;GO:0006888;GO:0030126;GO:0006891
Q65VQ5	GO:0006419;GO:0000049;GO:0005737;GO:0004813;GO:0005524;GO:0008270
B1J5A5	GO:0004165;GO:0006635;GO:0003857;GO:0004300;GO:0008692;GO:0036125
P66029	GO:0004386;GO:0008186;GO:0005524;GO:0003723;GO:0006353
Q6MBU0	GO:0004817;GO:0005737;GO:0005524;GO:0008270;GO:0006423
Q2LCP4	GO:0005739
P0DF33	GO:0006351;GO:0003899;GO:0003677;GO:0008270;GO:0000287
Q4V8A8	GO:0006357;GO:0045892;GO:0001227;GO:0000790;GO:0000981;GO:0005634;GO:0003677;GO:0000122;GO:0043392;GO:0046872;GO:0000977;GO:0045893
P27986	GO:0038095;GO:0005158;GO:0005801;GO:0050852;GO:1903078;GO:0032869;GO:0005634;GO:0038128;GO:0005159;GO:0060396;GO:0046326;GO:0008625;GO:0005737;GO:0014068;GO:0043066;GO:0038096;GO:0043548;GO:0043551;GO:0005911;GO:0005068;GO:0006468;GO:0046626;GO:0046982;GO:0032760;GO:0046935;GO:0051897;GO:0016032;GO:0030183;GO:0014065;GO:0051491;GO:0019903;GO:0005886;GO:0016020;GO:0033120;GO:0034446;GO:0043125;GO:0050821;GO:0005829;GO:0008286;GO:0120183;GO:0007173;GO:0007186;GO:0008134;GO:0043560;GO:0008630;GO:0001953;GO:0048010;GO:0050900;GO:1990578;GO:0045671;GO:0036312;GO:0006606;GO:0007411;GO:0006661;GO:0051497;GO:0030335;GO:0048471;GO:0010592;GO:0045944;GO:0001784;GO:0005943;GO:0019221;GO:1900103;GO:0042307;GO:0001678;GO:0030168;GO:0043559;GO:0034644;GO:0048009;GO:0048015;GO:0034976;GO:0035014;GO:0005168;GO:0031295;GO:0005942;GO:0046854
Q3YWE3	GO:0006146;GO:0000034
B3CM01	GO:0051539;GO:0051745;GO:0019288;GO:0050992;GO:0046872;GO:0016114
Q4ZQR7	GO:0005198;GO:0071973;GO:0009428;GO:0030288
P41580	GO:0019521;GO:0006098;GO:0050661;GO:0004616
A9A828	GO:0003723;GO:0031119;GO:0106029
Q7TV01	GO:0004823;GO:0006429;GO:0002161;GO:0005737;GO:0005524
A2QQA8	GO:0071004;GO:1903241;GO:0003676;GO:1990447;GO:0003724;GO:0005524;GO:1990446
Q12344	GO:0005935;GO:0017137;GO:0016192;GO:0005934;GO:0006887;GO:0000131;GO:0006886;GO:0090630;GO:0005737;GO:0005798;GO:0005886;GO:0005829;GO:0006888;GO:0005096
Q92T50	GO:0004645;GO:0006206;GO:0009032;GO:0046104;GO:0016154
B3QQI7	GO:0005737;GO:0006427;GO:0004821;GO:0005524
Q9BZJ0	GO:0005681;GO:0005634;GO:0071014;GO:0000974;GO:0000245;GO:0005654;GO:0016607;GO:0000398;GO:0071007;GO:0003723;GO:0071013
Q25197	GO:0043560;GO:0004714;GO:0046872;GO:0043548;GO:0046777;GO:0005524;GO:0016021;GO:0007169
Q5AX00	GO:0050525;GO:0044275;GO:0005576
O84444	GO:0003924;GO:0032790;GO:0003746;GO:0005525;GO:0005829
Q31US8	GO:0006146;GO:0000034
Q54MY9	GO:0045595;GO:0030435;GO:0005524;GO:0046872;GO:0004674
Q1GKS3	GO:0006457;GO:0051082;GO:0005524
B6DD16	GO:0090729;GO:0005576
Q8HZP6	GO:0035976;GO:0005634;GO:0000981;GO:0034614;GO:0005654;GO:0005783;GO:0007179;GO:0032993;GO:0000978;GO:0006357;GO:0071277;GO:0005829;GO:0031668;GO:0070412;GO:0035994;GO:0003682;GO:0060395;GO:0035914;GO:0000979;GO:0001102;GO:0007399;GO:0001228;GO:0042493;GO:0045672;GO:0071276
Q489P3	GO:0005737;GO:0004055;GO:0006526;GO:0005524
P17032	GO:0003700;GO:0000978;GO:0046872;GO:0006357;GO:0005634;GO:0000981;GO:0006355
Q4UKX7	GO:0008360;GO:0009252;GO:0007049;GO:0051301;GO:0019277;GO:0008760;GO:0005737;GO:0071555
O07566	GO:0017000;GO:0008483;GO:0000271;GO:0030170
Q80ZH1	GO:0005634;GO:0010830;GO:0005737;GO:0000118;GO:0046872;GO:0032041;GO:0040029
Q5R685	GO:0042307;GO:0032869;GO:0001678;GO:0005634;GO:0007165;GO:0043066;GO:0005737;GO:0050821;GO:0033120;GO:0034976;GO:0045944;GO:0015031;GO:1900103
Q82ZA5	GO:0004749;GO:0009165;GO:0006015;GO:0009156;GO:0005737;GO:0016301;GO:0005524;GO:0000287;GO:0009116
P98188	GO:0004497;GO:0005789;GO:0016705;GO:0005506;GO:0016021;GO:0020037
O60287	GO:0000466;GO:0000463;GO:0005730;GO:0003723;GO:0001650
Q9DIC5	GO:0039694;GO:0006351;GO:0003968;GO:0000166;GO:0003723
Q8KBL4	GO:0042802;GO:0000287;GO:0015977
Q58889	GO:0000502;GO:0016887;GO:0005524
Q39VA6	GO:0005525;GO:0003924;GO:0005737;GO:0003743
B7HBD4	GO:0006094;GO:0006096;GO:0005737;GO:0004347
Q9EPU7	GO:0000978;GO:0006357;GO:0005634;GO:0000981;GO:0046872
Q5FKD8	GO:0008233;GO:0016887;GO:0009376;GO:0043335;GO:0005524
Q7MYF4	GO:0006412;GO:0016740;GO:0003735;GO:0019843;GO:0015934
B3E099	GO:0042744;GO:0004096;GO:0046872;GO:0006979;GO:0020037
Q8TD23	GO:0000978;GO:0046329;GO:2000660;GO:0005634;GO:0000981;GO:0010804;GO:0043508;GO:0045671;GO:2000678;GO:0003677;GO:0000122;GO:0032088;GO:0045453;GO:0008270;GO:0006355;GO:0007249;GO:0031625;GO:0048471;GO:0019221
P62714	GO:0005634;GO:0000922;GO:0046580;GO:0010288;GO:0035970;GO:0004722;GO:0008637;GO:0070262;GO:0008022;GO:0048156;GO:0000159;GO:0005829;GO:0042542;GO:0046677;GO:0006470;GO:1904528;GO:0000775;GO:0043161;GO:0046872;GO:0034976;GO:0010468
Q82630	GO:0019012;GO:0018144;GO:0005525;GO:0019079;GO:0003968
Q5ATJ7	GO:0016787;GO:0032259;GO:0006633;GO:0008168;GO:0004315;GO:0016114;GO:0031177
Q96RG2	GO:0045719;GO:0043576;GO:0070092;GO:0005634;GO:0035556;GO:0035091;GO:0005737;GO:0046777;GO:0005524;GO:0045727;GO:0005829;GO:0004674;GO:0006468;GO:0097009
Q884Z4	GO:0005198;GO:0071973;GO:0009428;GO:0030288
B0VNJ1	GO:0006420;GO:0005737;GO:0004814;GO:0005524
A2VDP4	GO:0003677;GO:0046872;GO:0005634;GO:0006355
B2JCJ1	GO:0019556;GO:0019557;GO:0005737;GO:0050480;GO:0008270;GO:0005506
Q9KF49	GO:0006146;GO:0000034
P54741	GO:0004674;GO:0005524
P74007	GO:0015970;GO:0008893
Q9C5U8	GO:0000105;GO:0009555;GO:0004399;GO:0009411;GO:0005737;GO:0009536;GO:0009570;GO:0051287;GO:0046872;GO:0005829;GO:0009507
A4WER4	GO:1905887;GO:0016887;GO:0042626;GO:0005886;GO:0005524;GO:0016021
P08470	GO:0009401;GO:0016301;GO:0005886;GO:0016021;GO:0008982
Q4R4U1	GO:0016787;GO:0005737;GO:0005524;GO:0046872;GO:0015937;GO:0004594
Q8IYI8	GO:0006357;GO:0001227;GO:0000790;GO:0000981;GO:0000122;GO:0046872;GO:0000977
Q2RKI6	
A0A2S1WBY6	GO:0008171;GO:0046983;GO:0009820;GO:0032259;GO:0030777
Q12CT8	GO:1902560;GO:0003920;GO:0006163
F1MDL2	GO:0060173;GO:0001736;GO:0043587;GO:0045880;GO:0005737;GO:0031514;GO:0021915;GO:0008589;GO:0042733;GO:0030216;GO:0060021;GO:0016192;GO:0009986;GO:1905515;GO:0030278;GO:0051782;GO:0010839;GO:0021513;GO:0060271;GO:0036064;GO:0031069;GO:0007399;GO:0044458
Q6Q252	GO:0005576;GO:0004806;GO:0052740;GO:0016042;GO:0044179;GO:0008970;GO:0052739
Q9AJ81	GO:0005737
B6I3P6	GO:0006146;GO:0000034
Q7SXF6	GO:0005509;GO:0005576;GO:0005783
O32149	GO:0000256;GO:0005737;GO:0047652;GO:0008270;GO:0006144
O94201	GO:0005737;GO:0006002;GO:0005524;GO:0046872;GO:0003872
Q7U3S0	GO:0006527;GO:0008792;GO:0008295;GO:0046872
P29812	GO:0021847;GO:0009637;GO:0046872;GO:0004167;GO:0006583;GO:0033162;GO:0016491;GO:0042438;GO:0005737;GO:0002052;GO:0005886;GO:0042470;GO:0043231;GO:0016021;GO:0048468;GO:0005829;GO:0043473;GO:0048066
P38111	GO:0016572;GO:2000105;GO:0004672;GO:0005739;GO:0005634;GO:0006260;GO:0000722;GO:0006281;GO:0000077;GO:0006310;GO:0006975;GO:0005524;GO:0007131;GO:0046777;GO:0000723;GO:0004674;GO:1901857;GO:0006974
Q5VV52	GO:0003700;GO:0000978;GO:0006357;GO:0046872;GO:0000790
Q4ZNN4	GO:0042744;GO:0004096;GO:0046872;GO:0006979;GO:0020037
Q02775	GO:0005681;GO:0071021;GO:0000386;GO:0008380;GO:0008270;GO:0030628;GO:0000350
Q6NYU2	GO:0003700;GO:0043186;GO:0005634;GO:0003677;GO:0003723;GO:0035194;GO:0005524;GO:0046872;GO:0004386;GO:0005829
C4PRC1	GO:0042597;GO:0008360;GO:0005201
Q8R322	GO:0005814;GO:0042802;GO:0005813;GO:0005730;GO:0006406;GO:0044614;GO:0016973;GO:0005737;GO:0031965;GO:0036064;GO:0006449;GO:0005635;GO:0000822;GO:0031369;GO:0005829;GO:0006446;GO:0005543
Q9NYU1	GO:0051082;GO:1904380;GO:0003980;GO:0005788;GO:0005793;GO:0005783;GO:0032991;GO:0018279;GO:0044322;GO:0071712
Q48GC6	GO:0005198;GO:0071973;GO:0009428;GO:0030288
Q9QAZ8	GO:0039694;GO:0006351;GO:0003968;GO:0000166;GO:0003723
P43693	GO:0005634;GO:0000981;GO:0019901;GO:0035239;GO:0060430;GO:0001103;GO:0032911;GO:0005654;GO:0008584;GO:0001889;GO:0000122;GO:0043066;GO:0043627;GO:0006644;GO:0045893;GO:0045165;GO:0000978;GO:0007493;GO:0032912;GO:0071773;GO:0060510;GO:0003148;GO:0051891;GO:0003310;GO:0014898;GO:0003682;GO:0060045;GO:0071158;GO:0005667;GO:0031965;GO:0055007;GO:0060486;GO:0048645;GO:0045944;GO:0030855;GO:0060947;GO:0071371;GO:0110024;GO:0071456;GO:0042493;GO:0008270;GO:0060575;GO:0045766;GO:0003309
B1LA87	GO:0008880;GO:0006064
P90953	GO:0006357;GO:0007399;GO:0000790;GO:0000981;GO:0046983;GO:0000977;GO:0030154
A5EW24	GO:0006096;GO:0005576;GO:0009986;GO:0000015;GO:0004634;GO:0000287
Q72LR0	GO:0002098;GO:0050660;GO:0005737
J3QMI4	GO:0005261;GO:0050909;GO:0051291;GO:0005244;GO:0050896;GO:0016323;GO:0005887
Q99J09	GO:0007315;GO:0006357;GO:0030374;GO:0005634;GO:0008285;GO:0045495;GO:0008284;GO:0005654;GO:0005737;GO:0005794;GO:0060770;GO:0060528;GO:0034709;GO:0005829;GO:0008327
Q9PF75	GO:0008759;GO:0009245;GO:0103117;GO:0046872
E9EMI7	GO:0005634;GO:0003700;GO:0048315;GO:0030435
O59721	GO:0006400;GO:0009982;GO:0005739;GO:0005634;GO:1990481;GO:0106029;GO:0003723;GO:0031119
Q54K95	GO:0006572;GO:0009058;GO:0006559;GO:0004838;GO:0030170;GO:0006536
Q95K52	GO:0003677;GO:0046872;GO:0005634;GO:0006355
P23489	GO:0016887;GO:0009570;GO:0005524
O23461	GO:0009506;GO:0006012;GO:0009702;GO:0005524;GO:0016021;GO:0005829
P0AC00	GO:0042802;GO:0004360;GO:0016787;GO:0006487;GO:0097367;GO:0006002;GO:0016836;GO:0005829;GO:0006047
P0A2Q2	GO:0003700;GO:0000976;GO:0009082;GO:0005737;GO:0006355
Q87D42	GO:0005524;GO:0004363;GO:0046872
B0VBN5	GO:0006420;GO:0005737;GO:0004814;GO:0005524
Q92CU0	GO:0006541;GO:0003922;GO:0005524;GO:0016462
A9A099	GO:0006420;GO:0005737;GO:0004814;GO:0005524
Q03466	GO:0000932;GO:0000781;GO:0000184;GO:0005634;GO:0017148;GO:0005737;GO:0006310
Q9NPH5	GO:0042554;GO:0010467;GO:0005739;GO:0005634;GO:0019826;GO:0008285;GO:0043020;GO:0003015;GO:0005654;GO:0006952;GO:0014911;GO:0071560;GO:0072341;GO:0097038;GO:0071320;GO:2000379;GO:0051496;GO:0009055;GO:0043406;GO:0001666;GO:0005925;GO:0016175;GO:1990782;GO:0006801;GO:0043065;GO:0072593;GO:0005886;GO:0016021;GO:0000902;GO:0007569;GO:0005789;GO:2000573;GO:0005730;GO:0006954;GO:0055007;GO:0045453;GO:0000166;GO:0071333;GO:0048471;GO:0020037;GO:0061098;GO:0016324;GO:0070374;GO:0055114;GO:1903409;GO:0050660;GO:0001725;GO:0034599;GO:0050667;GO:0071480;GO:0016174;GO:0051897
A5IVF3	GO:0050661;GO:0004324;GO:0050660
Q754N7	GO:0042802;GO:0000920;GO:0018105;GO:0005634;GO:0000131;GO:0035556;GO:0050708;GO:0043332;GO:0030950;GO:0004674;GO:0005935;GO:0007118;GO:0005934;GO:0060237;GO:0005938;GO:0005524
A1RHF3	GO:0006096;GO:0005576;GO:0009986;GO:0000015;GO:0004634;GO:0000287
B1X998	GO:0006146;GO:0000034
O95831	GO:1902065;GO:0005739;GO:0005634;GO:0071949;GO:0070301;GO:0070059;GO:0071732;GO:0016651;GO:0033108;GO:0043525;GO:0043065;GO:0030261;GO:0032981;GO:0005829;GO:0002931;GO:0051402;GO:1902510;GO:0048471;GO:0090650;GO:0009636;GO:0045041;GO:0005743;GO:0030182;GO:0006915;GO:0055114;GO:0006919;GO:0046983;GO:0071392;GO:0003677;GO:0005758;GO:1904045;GO:0016174
B6YRN4	GO:0004612;GO:0006094;GO:0005737;GO:0005524;GO:0046872
Q8IYV9	GO:0042802;GO:0034113;GO:0007338;GO:0007155;GO:0035036;GO:0005886;GO:0002080;GO:0005102;GO:0007342;GO:0016021;GO:0042803;GO:0086080
Q62600	GO:0071286;GO:0051879;GO:0034405;GO:0003184;GO:0060348;GO:0071403;GO:0031644;GO:0071320;GO:0060412;GO:0010288;GO:0001666;GO:0001525;GO:0071000;GO:1903576;GO:0043065;GO:0097746;GO:0005829;GO:0003203;GO:0005730;GO:1901556;GO:1904648;GO:0031667;GO:0036017;GO:0043434;GO:0007568;GO:0042383;GO:0031284;GO:0045471;GO:0003958;GO:0012506;GO:1901654;GO:0005901;GO:0071404;GO:0005739;GO:0034617;GO:0071356;GO:0007165;GO:0045121;GO:0032496;GO:0071260;GO:0050661;GO:0006527;GO:0045776;GO:0030324;GO:0003779;GO:1901558;GO:0002028;GO:0005886;GO:0009612;GO:0046689;GO:0048678;GO:0032355;GO:0097110;GO:0043267;GO:0003057;GO:0034097;GO:0071363;GO:0043536;GO:0070168;GO:0034618;GO:0045177;GO:0035094;GO:0019430;GO:0001974;GO:1902074;GO:0014740;GO:0032869;GO:0001701;GO:0071560;GO:0008013;GO:0051926;GO:0006809;GO:0048662;GO:0034605;GO:0051346;GO:0010038;GO:0009725;GO:0048873;GO:0014806;GO:0020037;GO:0010181;GO:0003785;GO:1901652;GO:0003100;GO:0005634;GO:0005516;GO:0008285;GO:0005737;GO:0005856;GO:0005794;GO:0050998;GO:0051412;GO:0045296;GO:0014823;GO:0009743;GO:0031663;GO:0009750;GO:0007263;GO:0004517;GO:0010628;GO:0007565;GO:0001542;GO:0060041;GO:0014070;GO:0043542;GO:0071407;GO:0043200;GO:1990478;GO:0016491;GO:0050660;GO:0042493;GO:0003180;GO:0046872;GO:0016709;GO:0045766;GO:0055093
Q8XI46	GO:0006541;GO:0003922;GO:0005524;GO:0016462
Q75UG4	GO:0016702;GO:0018401;GO:0031418;GO:0004656;GO:0005788;GO:0005783;GO:0005506
Q8EY59	GO:0005829;GO:0002098;GO:0030488;GO:0050660
A7ZTM0	GO:0006146;GO:0000034
A6NCW0	GO:0006511;GO:0042981;GO:0004843;GO:0006915;GO:0005634;GO:0004197;GO:0016579;GO:0005783;GO:0005829
Q9PUH9	GO:0102568;GO:0005509;GO:0004623;GO:0005576;GO:0090729;GO:0102567;GO:0016042;GO:0006644;GO:0050482
Q8I1H7	
Q26240	GO:0010181;GO:0006809;GO:0005516;GO:0050660;GO:0050661;GO:0046872;GO:0004517;GO:0020037
A9WS93	GO:0006072;GO:0019563;GO:0006071;GO:0005524;GO:0004370
Q59P53	GO:0003924;GO:0005759;GO:0005743;GO:0005739;GO:0043022;GO:0045727;GO:0006412;GO:0005525
Q6YZX6	GO:0047780;GO:0003994;GO:0051539;GO:0006097;GO:0005739;GO:0006101;GO:0006099;GO:0046872;GO:0005829
Q8YC57	GO:0030956;GO:0016787;GO:0050567;GO:0005524;GO:0006412
Q1LSX7	GO:0003677;GO:0006351;GO:0032549;GO:0003899
Q8RJZ6	GO:0042744;GO:0004096;GO:0046872;GO:0006979;GO:0020037
Q5XJY6	GO:1905168;GO:0035690;GO:0072757;GO:1990414;GO:2000042;GO:0043240;GO:0036297
Q7MEE9	GO:0008878;GO:0005524;GO:0005978
Q54YU6	GO:0006351;GO:0030435;GO:0005634;GO:0010043;GO:0003677;GO:0030587;GO:0007275
P48463	GO:0004722;GO:0046677;GO:0005634;GO:0000922;GO:0008637;GO:0000775;GO:0005737;GO:0043161;GO:0000159;GO:0046872;GO:0046982;GO:0042542;GO:0034976;GO:0010468
P41823	GO:0045955;GO:0005509;GO:0030285;GO:0016079;GO:0000149;GO:0005544
Q9C9Y1	GO:0006886;GO:0016020
B8HUR2	GO:0004479
Q7MPI5	GO:0006412;GO:0016740;GO:0003735;GO:0019843;GO:0015934
P44969	GO:0005576;GO:0009405;GO:0009986;GO:0042597;GO:0016021;GO:0004252;GO:0009279
C3KDN7	GO:0004325;GO:0006783;GO:0005737;GO:0046872
Q9R1U5	GO:0042149;GO:0005634;GO:0019901;GO:0010830;GO:0005737;GO:0000122;GO:0032792;GO:0048511;GO:0004674;GO:0006468;GO:0045595;GO:0043276;GO:0042826;GO:0043153;GO:0007346;GO:0002028;GO:0046777;GO:0071889;GO:2000210;GO:0005524;GO:0005829;GO:0010868;GO:0045721;GO:0007049;GO:0008140;GO:0035556;GO:0055007;GO:0000287
A1USC8	GO:0003677;GO:0006351;GO:0032549;GO:0003899
P98192	GO:0005739;GO:0042552;GO:0005782;GO:0021587;GO:0070542;GO:0016290;GO:0005778;GO:0061024;GO:0030913;GO:0008654;GO:0006631;GO:0003824;GO:0008611;GO:0007584;GO:0005777;GO:0006650;GO:0007416;GO:0042493;GO:0031966;GO:0016287;GO:0042594
Q7A6Q5	GO:0003824
O06380	GO:0000270;GO:0005576;GO:0006508;GO:0071555;GO:0004185
B0KZ40	GO:0016117;GO:0016767;GO:0046905;GO:0004310;GO:0010287;GO:0051996
Q13492	GO:0045211;GO:0150093;GO:0005634;GO:0006900;GO:0050750;GO:0030097;GO:0016188;GO:0005794;GO:0008021;GO:0097753;GO:0090647;GO:0045296;GO:0031623;GO:0045893;GO:0072583;GO:0098894;GO:0016192;GO:0032050;GO:0010629;GO:0065003;GO:0030276;GO:0043025;GO:0009986;GO:0032880;GO:0005886;GO:0016020;GO:0048156;GO:0048268;GO:0097494;GO:0016197;GO:0005829;GO:0007611;GO:0043231;GO:0043547;GO:0045334;GO:0061024;GO:0007409;GO:0042734;GO:1902961;GO:0048813;GO:0000149;GO:0097418;GO:0055072;GO:0005905;GO:1903077;GO:0005546;GO:0031224;GO:1902959;GO:1902963;GO:0001540;GO:0048488;GO:0006897;GO:1901216;GO:0048471;GO:0035459;GO:0006898;GO:0005769;GO:0017137;GO:0031982;GO:0048261;GO:1905224;GO:0030136;GO:1902004;GO:2000009;GO:0016185;GO:0030100;GO:0005545;GO:0070381
Q21A46	GO:0004478;GO:0006730;GO:0005737;GO:0006556;GO:0005524;GO:0000287
Q82ML3	GO:0051539;GO:0046429;GO:0019288;GO:0005506;GO:0016114
Q5CCK4	GO:0003700;GO:0005634;GO:0003677;GO:0008270;GO:0006355
P05618	GO:0005576;GO:0046872;GO:2001070;GO:0004556;GO:0043895;GO:0005975
C4YIT6	GO:0003924;GO:0005759;GO:0005743;GO:0043022;GO:0045727;GO:0006412;GO:0005525
P38697	GO:0003682;GO:0046872;GO:0006183;GO:0003938;GO:0003729;GO:0005737;GO:0000785;GO:0000166;GO:0006177
P77819	GO:0003677;GO:0006351;GO:0008270;GO:0003899;GO:0000287
Q5ZUS0	GO:0006541;GO:0003922;GO:0005524;GO:0016462
Q89J74	GO:0003677;GO:0006351;GO:0032549;GO:0003899
A2QNQ8	GO:0051731;GO:0005730;GO:0006364;GO:0005524
A6LM32	GO:0006457;GO:0051082;GO:0005524
A0Q2R0	GO:0006094;GO:0006096;GO:0005737;GO:0004347
B0S1F8	GO:0006457;GO:0051082;GO:0005524
Q7TPD0	GO:0070876;GO:0032039;GO:0005634;GO:0007093;GO:0005737;GO:0006281;GO:0016180;GO:0010212;GO:0006974
A8ETA7	GO:0006541;GO:0003922;GO:0005524;GO:0016462
B8HWW4	GO:0051539;GO:0006777;GO:0019008;GO:1904047;GO:0046872;GO:0005525;GO:0061798
B7K189	GO:0006007;GO:0006096;GO:0005737;GO:0030145;GO:0046537
B0VRY3	GO:0009014;GO:0009089;GO:0050897;GO:0008270;GO:0019877
P21948	GO:0042597;GO:0004035;GO:0046872
Q11GC5	GO:0005737;GO:0004045;GO:0006412
P9WG84	GO:0005886;GO:0022857;GO:0016021
Q8FW67	GO:0030956;GO:0016787;GO:0050567;GO:0005524;GO:0006412
P19694	GO:0020002;GO:0046761;GO:0019064;GO:0055036;GO:0019031;GO:0075512;GO:0046789;GO:0016021;GO:0039654;GO:0019062
P27420	GO:0031072;GO:0051082;GO:0034663;GO:0005634;GO:0030433;GO:0006986;GO:0016887;GO:0034620;GO:0044183;GO:0051787;GO:0005737;GO:0005788;GO:0016020;GO:0051085;GO:0005524;GO:0030968;GO:0042026
Q96SZ4	GO:0003700;GO:0000978;GO:0006357;GO:0045892;GO:0005634;GO:0000981;GO:0035019;GO:0005654;GO:0043565;GO:0046872
Q6G5A9	GO:0009073;GO:0019632;GO:0009423;GO:0050661;GO:0004764
Q9KSQ4	GO:0019556;GO:0019557;GO:0016841;GO:0004397;GO:0006520;GO:0006548;GO:0005737
Q6Z6K4	GO:0004565;GO:0005618;GO:0048046;GO:0005773;GO:0005975
Q04048	GO:0071004;GO:0071006;GO:0005634;GO:0071008;GO:0071014;GO:0000974;GO:0000398;GO:0000349;GO:0071007;GO:0005829;GO:0071013
Q8N8J6	GO:0000978;GO:0006357;GO:0005634;GO:0001228;GO:0046872
Q42614	GO:0008289;GO:0006869
O35491	GO:0042802;GO:0045721;GO:0010033;GO:0005634;GO:0032526;GO:0018108;GO:0004713;GO:0005654;GO:0010212;GO:0004712;GO:0016604;GO:0046777;GO:0016607;GO:0005524;GO:0004674;GO:0006468;GO:0043484
A5EWT0	GO:0006428;GO:0004822;GO:0002161;GO:0000049;GO:0005737;GO:0005524;GO:0008270
Q9LEM8	GO:0006397;GO:0009570
A1S6Q5	GO:0005737;GO:0009229;GO:0009228;GO:0016783
Q9LLL8	GO:0004252;GO:0005618
A3PU84	GO:0010125;GO:0000287;GO:0102710;GO:0008375
A8Z5V5	GO:0006457;GO:0051082;GO:0005524
Q9SKC2	GO:0006511;GO:0032436;GO:0046872;GO:0061630;GO:0005737;GO:0031624;GO:0000209;GO:0000151
P0CH31	GO:0006511;GO:0016567;GO:0031625;GO:0004842;GO:0031461
Q10178	GO:0071004;GO:0005634;GO:0071014;GO:0003729;GO:0000245;GO:0005686;GO:0071013
Q9CE12	GO:0006420;GO:0005737;GO:0004814;GO:0005524
Q9W7R4	GO:1903385;GO:0007165;GO:0031290;GO:0048666;GO:0007601;GO:0007156;GO:0016020;GO:0042803;GO:0050839;GO:0043005;GO:0046982;GO:0070983;GO:0030424;GO:0005887;GO:0007157;GO:0010976
Q8VHA6	GO:0016567;GO:0035556
P14136	GO:0042802;GO:0043254;GO:0045111;GO:1904714;GO:0005737;GO:0005200;GO:0045109;GO:0005882;GO:0005829
B1XLR4	GO:0051539;GO:0006777;GO:0019008;GO:1904047;GO:0046872;GO:0005525;GO:0061798
Q6UDJ9	GO:0042025;GO:0030430;GO:0019031
Q8BQQ1	GO:0018230;GO:0005789;GO:0000139;GO:0019706;GO:0005794;GO:0006612;GO:0005783;GO:0016021;GO:0016409;GO:0018345
P04836	GO:0072657;GO:0016055;GO:0033366;GO:0006518;GO:0004181;GO:0016485;GO:0030658;GO:0030072;GO:0030667;GO:0005794;GO:0050839;GO:0008270;GO:0005615;GO:0042043;GO:0003214;GO:0030070
Q6R5A3	GO:0045211;GO:0005516;GO:0071312;GO:0015278;GO:0000122;GO:1901594;GO:0097603;GO:0031226;GO:0051289;GO:0034605;GO:0035091;GO:0005524;GO:0016021;GO:0050960;GO:0048266;GO:0005887;GO:0070588;GO:0001660;GO:0006629;GO:0005231;GO:0004888;GO:0002024;GO:0051219;GO:0002790;GO:0050968;GO:0071318;GO:0050965;GO:0050954;GO:0060083;GO:0071468;GO:0005230;GO:0032591;GO:0046872;GO:0098703
Q2T9X8	GO:0005819;GO:0046599;GO:0051301;GO:0005737;GO:0090307;GO:0005814
Q06AV1	GO:0032259;GO:0005737;GO:0008112
Q42642	GO:0008289;GO:0006869
O08962	GO:0042802;GO:0007420;GO:1901381;GO:0098915;GO:0008076;GO:0005737;GO:0086010;GO:0042803;GO:0086091;GO:0021510;GO:0097623;GO:1903765;GO:0060306;GO:0086013;GO:0005251;GO:0009986;GO:1901379;GO:0005886;GO:0055075;GO:0006813;GO:0005887;GO:0005242;GO:0097110;GO:0086005;GO:0005216;GO:0005267;GO:0035690;GO:0005249;GO:0005635;GO:0031625;GO:0086009;GO:0048471;GO:1902282;GO:1990573;GO:0060048;GO:0071805;GO:0044877;GO:0086011;GO:1902937;GO:0055131;GO:0060307;GO:0042391;GO:1901380
P24465	GO:0004497;GO:0005789;GO:0016705;GO:0005506;GO:0016021;GO:0009835;GO:0020037
A7E320	GO:0006511;GO:0042802;GO:0042393;GO:0005654;GO:0000122;GO:0016574;GO:0004842;GO:0000791;GO:0051865;GO:0016567;GO:0031493;GO:0016363;GO:0061630;GO:0006281;GO:0007049;GO:0000790;GO:0010216;GO:0010390;GO:0035064;GO:0000792;GO:0005657;GO:0008270;GO:0044729;GO:0005720
Q5B993	GO:1990316;GO:0000045;GO:0030242;GO:0061709;GO:0019901;GO:0000422;GO:0060090;GO:0001934;GO:0005774;GO:0019898;GO:0034045;GO:0034727;GO:0015031
A5PK16	GO:0016567;GO:0051301;GO:0007049;GO:0019005;GO:0005634;GO:0010826;GO:0005737;GO:0031146;GO:0005814
Q8N8L2	GO:0006357;GO:0001227;GO:0000790;GO:0000981;GO:0000122;GO:0046872;GO:0000977
O43103	GO:0010106;GO:0044550;GO:0016874;GO:0005737;GO:0031169;GO:0031177;GO:0043041
Q2RME8	GO:0003723;GO:0005737;GO:0052908;GO:0000179
Q84M24	GO:0005319;GO:0016887;GO:0006869;GO:0042626;GO:0005774;GO:0005524;GO:0016021;GO:0043231
A1VJ84	GO:0042026;GO:0005737;GO:0051082;GO:0005524
Q8IYI6	GO:0007032;GO:0008104;GO:0016241;GO:0006893;GO:0000145;GO:0030426;GO:0006887;GO:0022617;GO:0017160;GO:0035091;GO:0005886;GO:0016020;GO:0034613;GO:0031252;GO:0005829;GO:0048471;GO:0005770;GO:0015031
D4ABP9	GO:0005654;GO:0005829
Q1H3L5	GO:0004851;GO:0043115;GO:0009236;GO:0032259;GO:0051266;GO:0051287;GO:0019354
A2X2H7	GO:0048046;GO:0004565;GO:0005975
Q9XCB1	GO:0006457;GO:0051082;GO:0005524
Q0BT18	GO:0004817;GO:0005737;GO:0005524;GO:0008270;GO:0006423
A1V2S9	GO:0051539;GO:0016830;GO:0009229;GO:0009228;GO:0008270
B0V4V8	GO:0009014;GO:0009089;GO:0050897;GO:0008270;GO:0019877
B7GXA3	GO:0009014;GO:0009089;GO:0050897;GO:0008270;GO:0019877
A3M8H2	GO:0009014;GO:0009089;GO:0050897;GO:0008270;GO:0019877
Q7T384	GO:0015293;GO:0016021;GO:0015355;GO:0006814
B0BSF6	GO:0006351;GO:0003899;GO:0003677;GO:0008270;GO:0000287
P0CI00	GO:0006357;GO:0001227;GO:0000790;GO:0000981;GO:0000122;GO:0046872;GO:0000977
Q9LXI7	GO:0005576;GO:0003993;GO:0046872
Q5FUA9	GO:0051539;GO:0002935;GO:0070040;GO:0000049;GO:0005737;GO:0046872;GO:0019843;GO:0070475
Q2YZ12	GO:0050661;GO:0004324;GO:0050660
A5CNH4	GO:0006782;GO:0050661;GO:0008883
A9WYR3	GO:0030956;GO:0016787;GO:0050567;GO:0005524;GO:0006412
B2J397	GO:0008276;GO:0005737
B1XI63	GO:0003924;GO:0003746;GO:0005737;GO:0005525
Q8I145	
Q4A0J5	GO:0009039;GO:0005737;GO:0016151;GO:0043419
A4JCI2	GO:0008712;GO:0050661;GO:0097171;GO:0005975
P20793	GO:0005813;GO:0007283;GO:0005634;GO:0030496;GO:0045494;GO:0005737;GO:0005929;GO:0031514;GO:0006468;GO:0032391;GO:0001917;GO:0046777;GO:0005930;GO:0005524;GO:0004672;GO:1902856;GO:0035556;GO:0042073;GO:0007275;GO:0060271;GO:0072686;GO:0030154;GO:0097542;GO:0003713;GO:0001750;GO:0004707;GO:0046872;GO:0010468
B3GYV5	GO:0006351;GO:0003899;GO:0003677;GO:0008270;GO:0000287
C0RLB5	GO:0030956;GO:0016787;GO:0050567;GO:0005524;GO:0006412
Q8L548	GO:0003700;GO:0000976;GO:0010440;GO:0005634;GO:0010375;GO:0046872
Q9Z802	GO:0003924;GO:0003746;GO:0005737;GO:0005525
A5GD93	GO:0033362;GO:0010285;GO:0030170
Q7TPN9	GO:0005654;GO:0007517;GO:0005652;GO:0005694
B8HGC9	GO:0005737;GO:0004055;GO:0006526;GO:0005524
A5IBU7	GO:0003723;GO:0051539;GO:0070041;GO:0005506
Q8GWJ7	GO:0042742;GO:0009751;GO:0004674;GO:0005886;GO:0005524;GO:0016021;GO:0006468
Q1D5X5	GO:0005525;GO:0042254
B2VWG7	GO:0051301;GO:0005874;GO:0000922;GO:0005875;GO:0070840;GO:0000132;GO:0005737;GO:0051012
Q6GB61	GO:0003824
O85746	GO:0004838;GO:0030170;GO:0004069;GO:0080130;GO:0019509
C1D5H3	GO:0002098;GO:0050660;GO:0005737
Q9I5W0	GO:1990077;GO:0003677;GO:0005737;GO:0008270;GO:0006269;GO:0003896
Q99PQ2	GO:0016567;GO:0008134;GO:0045892;GO:0019904;GO:0005634;GO:0046597;GO:0061630;GO:0005654;GO:0032897;GO:0005737;GO:0051607;GO:1902187;GO:0008270;GO:0045087;GO:0050768;GO:0005829;GO:0004842;GO:0046598;GO:0010468
Q8G5E8	GO:0000049;GO:0005737;GO:0005524;GO:0004826;GO:0000287;GO:0006432
P13671	GO:0070062;GO:0005576;GO:0005579;GO:0019835;GO:0001970;GO:0001701;GO:0030449;GO:0045087;GO:0006958;GO:0006956;GO:0045766
Q7M8K2	GO:0006541;GO:0003922;GO:0005524;GO:0016462
A4YRI5	GO:0042026;GO:0005737;GO:0051082;GO:0005524
Q9W3D3	GO:0055037;GO:0005769;GO:0017137;GO:0110010;GO:0050829;GO:0005516;GO:0042998;GO:0032483;GO:0045089;GO:0070831;GO:0090630;GO:0045179;GO:0097575;GO:0110011;GO:0005886;GO:0017112;GO:0061864;GO:0031410;GO:0045175
Q8QVU9	GO:0005198;GO:0046740;GO:0019028;GO:0044219
Q2RVV5	GO:0006281;GO:0046872;GO:0003911;GO:0006260
C7YGZ0	GO:0031902;GO:0005794;GO:0015031;GO:0016021
B1L8U2	GO:0003852;GO:0009098
B1I9Z6	GO:0006072;GO:0019563;GO:0006071;GO:0005524;GO:0004370
B8EIP9	GO:0006457;GO:0051082;GO:0005524
Q49161	GO:0051539;GO:0019385;GO:0018492;GO:0005506;GO:0006084;GO:0016151;GO:0043885
Q5UX22	GO:0003743
P16328	GO:0005576;GO:0007155;GO:0009424;GO:0009421;GO:0071973
Q93ZE9	GO:0009908;GO:0005886;GO:0000139;GO:0015031
Q0VDD7	GO:0007275
A3N7W7	GO:0051539;GO:0016830;GO:0009229;GO:0009228;GO:0008270
Q5Z9I2	GO:0010296;GO:0005789;GO:0016787;GO:0000139;GO:0016021
A4W968	GO:0006400;GO:0016705
B4FHY0	GO:0017108;GO:0005739;GO:0006260;GO:0005730;GO:0043137;GO:0003677;GO:0005654;GO:0000287;GO:0048256;GO:0006284;GO:0008409
A9MBN4	GO:0030956;GO:0016787;GO:0050567;GO:0005524;GO:0006412
Q80V63	GO:0006366;GO:0000978;GO:1990837;GO:2000736;GO:0005634;GO:0010629;GO:0005123;GO:2000177;GO:0001228;GO:0005737;GO:0035097;GO:0046872;GO:1990226;GO:0042054;GO:0045944;GO:0030308;GO:0010468
Q9SXD8	GO:0004016
Q8ZZC0	GO:0051539;GO:0016829;GO:0009229;GO:0009228;GO:0046872
A4VJN9	GO:0003684;GO:0030983;GO:0005524;GO:0006298
A0AL19	GO:0051539;GO:0003678;GO:0000724;GO:0005524;GO:0046872;GO:0003690;GO:0008409
Q89VE9	GO:0042802;GO:0030170;GO:0006526;GO:0005737;GO:0003992
Q826F6	GO:0006457;GO:0051082;GO:0005524
O15085	GO:0006941;GO:0007266;GO:0043065;GO:0001558;GO:0005737;GO:0001664;GO:0016020;GO:0030010;GO:0030036;GO:0051056;GO:0005089;GO:0005096;GO:0045893;GO:0007186;GO:0005829
Q56YT0	GO:0046274;GO:0005507;GO:0016491;GO:0048046;GO:0052716
P51661	GO:0002017;GO:0001666;GO:0007565;GO:0051384;GO:0032868;GO:0003845;GO:0005737;GO:0032094;GO:0042493;GO:0005783;GO:0051287;GO:0043231;GO:0008211;GO:0005496
P05827	GO:0003700;GO:0000976;GO:0009082;GO:0005737;GO:0006355
P19725	GO:0046872;GO:0055036;GO:0039619;GO:0019031;GO:0033650;GO:0075512;GO:0019013;GO:0016021;GO:0003723;GO:0039654;GO:0044178;GO:0019062
Q6EI06	GO:0005634;GO:0009740;GO:0003712
P63883	GO:0009253;GO:0008745;GO:0043093;GO:0030288;GO:0042597;GO:0071555
Q933I7	GO:0042597;GO:0008360;GO:0005201
Q8W3L1	GO:0016731;GO:0005739;GO:0016491;GO:0050660;GO:0005886;GO:0022900;GO:0015039;GO:0009102
B2FQ42	GO:0003924;GO:0003746;GO:0005737;GO:0005525
Q1HVH9	GO:0008234;GO:0042025;GO:0030430;GO:0004843;GO:0019033;GO:0039648
D4B1G0	GO:0046872;GO:0004222;GO:0016021
Q63788	GO:0032869;GO:0005634;GO:0046854;GO:0045785;GO:0043551;GO:0046982;GO:0043409;GO:0046935;GO:0005925;GO:0090051;GO:0014065;GO:0019903;GO:0005829;GO:0008286;GO:0010506;GO:0008134;GO:1903076;GO:0036312;GO:0051492;GO:0030833;GO:0045944;GO:0001784;GO:0042307;GO:0001678;GO:0030971;GO:0034976;GO:0005942;GO:0015031
Q01833	GO:0006957;GO:0006954;GO:0004866;GO:0005615;GO:0006958
B2SB62	GO:0030956;GO:0016787;GO:0050567;GO:0005524;GO:0006412
B3CML2	GO:0006633;GO:0005737;GO:0043811;GO:0008654
A5VDT3	GO:0019288;GO:0016114;GO:0005524;GO:0050515
Q8K3T2	GO:0070932;GO:0005634;GO:2000678;GO:0019229;GO:0005737;GO:0000122;GO:0032922;GO:0051946;GO:0042754;GO:0002931;GO:0050796;GO:0097167;GO:0000976;GO:0050767;GO:0006631;GO:0019249;GO:0005978;GO:0070345;GO:0048471;GO:0042752;GO:0045892;GO:0006094;GO:0050872;GO:0003713;GO:0051726;GO:0031397
Q8T295	GO:0070122;GO:0030619;GO:0008237;GO:0030620;GO:0006397;GO:0071013;GO:0008380;GO:0097157;GO:0017070;GO:0016607;GO:0005682;GO:0000244;GO:0030623
Q836J8	GO:0003678;GO:0008408;GO:0000724;GO:0005524;GO:0003690
Q8WZX5	GO:0043144;GO:0046872;GO:0004534;GO:0071035;GO:0030847;GO:0005634;GO:0051984;GO:0006397;GO:1901408;GO:0034244;GO:0000448;GO:0030846;GO:0071028;GO:0034428;GO:0003723;GO:0000956;GO:0019843
P0DM91	GO:0042802;GO:0032489;GO:0033344;GO:0051180;GO:0010804;GO:0010875;GO:0055091;GO:0007229;GO:0070653;GO:0042632;GO:0034366;GO:0051496;GO:0019899;GO:0010903;GO:0008211;GO:0045499;GO:0001932;GO:0018206;GO:0030139;GO:0050728;GO:0006695;GO:0060228;GO:0070508;GO:0043691;GO:0034375;GO:0070328;GO:0051346;GO:1900026;GO:0001935;GO:0050821;GO:0035025;GO:0042158;GO:0060354;GO:0030300;GO:0033700;GO:0007186;GO:1902995;GO:0015485;GO:0008035;GO:0031072;GO:0032691;GO:0001540;GO:0010873;GO:0019915;GO:0034115;GO:0034361;GO:0006656;GO:0034380;GO:0120020;GO:0043534;GO:0005543;GO:0018158;GO:0051345;GO:0050766;GO:0002719;GO:0034191;GO:0030325
Q9FM90	
P71858	GO:0071949;GO:0009405;GO:0016627;GO:0033539;GO:0044117;GO:0006707
Q9YH85	GO:0005201;GO:0007160;GO:0031012;GO:0031225;GO:0007605;GO:0005886;GO:0005615;GO:0062023
Q5RD34	GO:0008360;GO:0043149;GO:0005886;GO:0016021
Q5VUB5	GO:0008360;GO:0043149;GO:0005886;GO:0016021
Q1CBH5	GO:0042597;GO:0055085
Q7ZXG4	GO:0016605;GO:0032435;GO:0005730;GO:0003723;GO:0031397
Q3AJY9	GO:0000049;GO:0005737;GO:0005524;GO:0004826;GO:0000287;GO:0006432
Q196U7	
A2C9Z7	GO:0051539;GO:0005737;GO:0008987;GO:0046872;GO:0009435
O60500	GO:0007520;GO:0036057;GO:0070062;GO:0005925;GO:0042995;GO:0007588;GO:0007519;GO:0098609;GO:0007155;GO:0007254;GO:0044062;GO:0032836;GO:0005886;GO:0050839;GO:0017022;GO:0072015;GO:0005911;GO:0030838;GO:0035418;GO:0005887
A0KIB5	GO:0009014;GO:0009089;GO:0050897;GO:0008270;GO:0019877
C0RFF1	GO:0051539;GO:0003861;GO:0009098;GO:0046872
Q99K67	GO:0004753;GO:0047131;GO:0005739;GO:0005737;GO:0006091;GO:0019477;GO:0033512;GO:0043231;GO:0019878;GO:0047130
Q8BKK5	GO:0000978;GO:0006357;GO:0005634;GO:0000981;GO:0035914;GO:0046872
O00468	GO:0005604;GO:0033691;GO:0035374;GO:0007213;GO:0007165;GO:0002162;GO:0043202;GO:0045202;GO:0005576;GO:0006024;GO:0045162;GO:0043113;GO:0051491;GO:0005796;GO:0009888;GO:0005886;GO:0007528;GO:0016021;GO:0062023;GO:0005829;GO:0043547;GO:0043395;GO:0005509;GO:0070062;GO:0009887;GO:0050808;GO:0005200;GO:0045944;GO:0030198;GO:0043236;GO:0001523;GO:0045887;GO:0006027
Q9WUL6	GO:0004704;GO:0004672;GO:0006955;GO:0004709;GO:0005654;GO:0071260;GO:0007249;GO:0043231;GO:0005524;GO:0043123;GO:0051607;GO:0001650;GO:0004674;GO:0006468;GO:0005829
P19785	GO:0045839;GO:0019901;GO:0043627;GO:0051000;GO:0030315;GO:0006357;GO:0034056;GO:0050727;GO:0000790;GO:0043565;GO:0001093;GO:0048471;GO:0048146;GO:0060068;GO:0010863;GO:0060527;GO:0001228;GO:0017025;GO:0005496;GO:0043523;GO:0030331;GO:0005739;GO:0031798;GO:1990841;GO:0030518;GO:0034121;GO:0008584;GO:0051117;GO:0006355;GO:0045893;GO:0000978;GO:0043124;GO:0005886;GO:0043204;GO:0032355;GO:0004879;GO:0003682;GO:0060011;GO:0001547;GO:0043005;GO:1901215;GO:0045944;GO:0060750;GO:0008209;GO:0071392;GO:0003677;GO:0060065;GO:0043433;GO:0046325;GO:0060749;GO:0002064;GO:1990837;GO:0008013;GO:0019899;GO:0010629;GO:0003707;GO:0048662;GO:0043195;GO:0060523;GO:0008134;GO:0045899;GO:0042562;GO:0036312;GO:0090209;GO:0045429;GO:0045742;GO:0001226;GO:0071168;GO:0097550;GO:0070374;GO:0044877;GO:0032991;GO:0030284;GO:0042802;GO:0042981;GO:0005634;GO:0050679;GO:0030520;GO:0005737;GO:0000122;GO:0005794;GO:0048863;GO:0007200;GO:0001223;GO:0060745;GO:0051091;GO:0060687;GO:1903799;GO:0071391;GO:0008270;GO:0035327;GO:0007204
O13284	GO:0009899;GO:0009905;GO:0009686;GO:0046872
Q8CWG1	GO:0004152;GO:0004589;GO:0005737;GO:0044205;GO:0006207
A6VL81	GO:0008233;GO:0016887;GO:0009376;GO:0043335;GO:0005524
Q9FJL0	GO:0000799;GO:0051301;GO:0009793;GO:0000070;GO:0007076;GO:0005524;GO:0051321
P23734	GO:0004721;GO:0046872
Q46DR6	GO:0006420;GO:0005737;GO:0004814;GO:0005524
A5VSN3	GO:0051539;GO:0003861;GO:0009098;GO:0046872
Q4QMS5	GO:0008360;GO:0009252;GO:0000902;GO:0009103;GO:0006048;GO:0003977;GO:0071555;GO:0005737;GO:0000287;GO:0009245;GO:0019134
A4SFM6	GO:0051539;GO:0016830;GO:0009229;GO:0009228;GO:0008270
B0Y4D5	GO:0004856;GO:0005737;GO:0042732;GO:0005524
Q8VHI6	GO:0071933;GO:0031209;GO:0008360;GO:0003779;GO:0030032;GO:0014003;GO:0005856;GO:0030027;GO:0030036;GO:0034237;GO:0007010;GO:0098794;GO:2000601;GO:0031643
A4TLT9	GO:0006400;GO:0016705
Q6MPZ6	GO:0019464;GO:0004375
Q06730	GO:0003700;GO:0000978;GO:0006355;GO:0006357;GO:0046872;GO:0005634;GO:0001228
P0C9E6	GO:0003899;GO:0006351;GO:0046983
Q9JIB6	GO:0016045;GO:0042742;GO:0046872;GO:0072557;GO:0043027;GO:0071391;GO:0006954;GO:0043025;GO:0005737;GO:0043154;GO:0070269;GO:0005524;GO:0043005;GO:0045087;GO:0043204
A1D8A4	GO:0017108;GO:0005739;GO:0006260;GO:0005730;GO:0006286;GO:0043137;GO:0008409;GO:0003677;GO:0005654;GO:0006303;GO:0000287;GO:0001302;GO:0035753;GO:0000734;GO:0005829
B7K277	GO:0010207
Q59730	GO:0004108;GO:0005737;GO:0006099
Q4AEF8	GO:0000139;GO:0009306;GO:0051683;GO:0006886;GO:0072384;GO:0016020;GO:0005794;GO:0005793;GO:0005783;GO:0005198;GO:0005829;GO:0006888;GO:0030126;GO:0006891
Q8K9Z7	GO:0006526;GO:0044205;GO:0005524;GO:0046872;GO:0004088
Q11L77	GO:0005737;GO:0008743;GO:0008270;GO:0019518
B6MFW3	GO:0005813;GO:0031122;GO:0008017;GO:0005874;GO:0030705;GO:0005737;GO:0051959;GO:0015031
P17887	GO:0005198;GO:0042025;GO:0039622
P12003	GO:0090136;GO:1990357;GO:0042803;GO:0030018;GO:0008013;GO:0005915;GO:0005911;GO:0005198;GO:0015629;GO:0002162;GO:0005903;GO:0045296;GO:0051393;GO:0005925;GO:0048675;GO:1903140;GO:1904702;GO:0051893;GO:0005912;GO:0051371;GO:0090637;GO:0005886;GO:0031594;GO:0034394;GO:0098723;GO:0043297;GO:0002102;GO:0030334;GO:0097110;GO:0005916;GO:0002009;GO:0017166;GO:0031625;GO:0042383;GO:0034333;GO:0005743;GO:0090636;GO:0030032;GO:0001725;GO:0043034;GO:0051015;GO:0045294;GO:0032991;GO:0005927
Q2UDH2	GO:0004622;GO:0005789;GO:0102545;GO:0016042;GO:0016021
E9RAH5	GO:2001310;GO:0016491;GO:0050660;GO:0009405;GO:0036146;GO:0043386
Q88A57	GO:0002949;GO:0004222;GO:0005737;GO:0005506;GO:0061711
Q99323	GO:0042802;GO:0044291;GO:0006936;GO:0007435;GO:0007496;GO:0060571;GO:0005516;GO:0007391;GO:0071260;GO:0030239;GO:0035317;GO:0005929;GO:0030018;GO:0007443;GO:0060289;GO:0003774;GO:0070986;GO:0042060;GO:0046664;GO:0003779;GO:0035277;GO:0005524;GO:0005829;GO:0106037;GO:0007455;GO:0045214;GO:0008258;GO:0035159;GO:0090175;GO:0030898;GO:1903688;GO:0016460;GO:0031036;GO:0035017;GO:0007298;GO:0032027;GO:0032154;GO:0046663;GO:0000281;GO:0005826;GO:0005938;GO:1901739;GO:0007395;GO:0031252;GO:0032507
Q4V0H2	GO:0004457;GO:0010181;GO:0005886;GO:0019516
P11155	GO:0006090;GO:0015979;GO:0016301;GO:0005524;GO:0046872;GO:0009507;GO:0050242
Q5NVK4	GO:0005737;GO:0003779;GO:0005856
A8AI24	GO:0006400;GO:0016705
A1C5W6	GO:0016592;GO:0006357;GO:0003712
Q739A1	GO:0006428;GO:0004822;GO:0002161;GO:0000049;GO:0005737;GO:0005524;GO:0008270
A8AQI3	GO:0003723;GO:0005737;GO:0016434;GO:0006355
Q9UPY3	GO:0070883;GO:0090501;GO:0030422;GO:0003725;GO:0005634;GO:0035196;GO:0032720;GO:0005737;GO:0000122;GO:0003723;GO:0021675;GO:0035148;GO:0004521;GO:0010586;GO:0010629;GO:0030423;GO:0038061;GO:0004386;GO:0030425;GO:0005524;GO:0005829;GO:0033168;GO:0004530;GO:0090502;GO:0070062;GO:0046872;GO:0070578;GO:0032290;GO:0006309;GO:0048471;GO:0004525;GO:0010626;GO:0019904;GO:0033167;GO:0035087;GO:0030426;GO:0003677;GO:0035197;GO:0035280;GO:0005793;GO:0036404;GO:0014040;GO:0016442;GO:0031054;GO:0031643;GO:0048812
Q6FIJ6	GO:0001732;GO:0043614;GO:0071540;GO:0003743;GO:0031369;GO:0016282;GO:0033290;GO:0071541;GO:0010494
B8E0D9	GO:0000049;GO:0005737;GO:0005524;GO:0004826;GO:0000287;GO:0006432
B5YER5	GO:0000049;GO:0005737;GO:0005524;GO:0004826;GO:0000287;GO:0006432
P20604	GO:0004722;GO:0000082;GO:0046872;GO:0051301;GO:0005634;GO:0070262;GO:0060237;GO:0035556;GO:0002098;GO:0005737;GO:0006281;GO:0031929;GO:0000159;GO:0032956;GO:0016311;GO:0034599;GO:0001302;GO:0006470
A0PKZ7	GO:0051539;GO:0006777;GO:0019008;GO:1904047;GO:0046872;GO:0005525;GO:0061798
Q4P914	GO:0042744;GO:0004096;GO:0070301;GO:0046872;GO:0005829;GO:0020037
P81909	GO:0004984;GO:0007165;GO:0042048;GO:0007608;GO:0004888;GO:0032590;GO:0005886;GO:0030425;GO:0071683;GO:0016021;GO:0050911;GO:0005549
P13884	GO:0042025;GO:0005198;GO:0075732;GO:0019013;GO:0003723;GO:0046718;GO:0019029
P39912	GO:0009073;GO:0016832;GO:0009423;GO:0004106;GO:0003849
B1XQE7	GO:0006412;GO:0006464;GO:0016881;GO:0005524;GO:0046872
A1U4Z8	GO:0009039;GO:0005737;GO:0016151;GO:0043419
Q8ZC51	GO:0015940;GO:0005737;GO:0050661;GO:0008677
Q9CAM8	
A9WF68	GO:0051539;GO:0004160;GO:0009099;GO:0046872;GO:0009082;GO:0009097;GO:0016836
A7MGT1	GO:0003746;GO:0005737
P41458	GO:0019012
A8M1K7	GO:0006457;GO:0051082;GO:0016887;GO:0046983;GO:0008270;GO:0005524
O97775	GO:0005634;GO:0030518;GO:0045720;GO:0008584;GO:0005737;GO:0008013;GO:0000978;GO:0006357;GO:0004879;GO:0010628;GO:0000976;GO:1903076;GO:0000790;GO:0008284;GO:0030522;GO:0030521;GO:0005497;GO:0045944;GO:0003700;GO:0042327;GO:2001237;GO:0051092;GO:0008270;GO:0005496
Q21P94	GO:0009039;GO:0005737;GO:0016151;GO:0043419
B0VU92	GO:0030170;GO:0005737;GO:0006782;GO:0042286;GO:0008483
Q5R600	GO:0003924;GO:0032790;GO:0005739;GO:0005525;GO:0032543
Q4L4K7	GO:0006096;GO:0005576;GO:0009986;GO:0000015;GO:0004634;GO:0000287
A1KJ57	GO:0046677;GO:0050071;GO:0006629;GO:0006430;GO:0003677;GO:0005737;GO:0004824;GO:0005886;GO:0005524;GO:0016021;GO:0000287
G3QY98	GO:0042802;GO:0032489;GO:0033344;GO:0051180;GO:0010804;GO:0034364;GO:0045723;GO:0034372;GO:0010875;GO:0055091;GO:0007229;GO:0042157;GO:0042632;GO:0051006;GO:0070653;GO:0034366;GO:0051496;GO:0019899;GO:0010903;GO:0008211;GO:0045499;GO:0001932;GO:0018206;GO:0030139;GO:0050728;GO:0006695;GO:0060228;GO:0070508;GO:0043691;GO:0034375;GO:0070328;GO:0051346;GO:1900026;GO:0042627;GO:0001935;GO:0050821;GO:0035025;GO:0046470;GO:0042158;GO:0060354;GO:0030300;GO:0033700;GO:0007186;GO:0031210;GO:1902995;GO:0015485;GO:0008035;GO:0031072;GO:0032691;GO:0001540;GO:0010873;GO:0019915;GO:0034115;GO:0034361;GO:0006656;GO:0034380;GO:0046889;GO:0120020;GO:0043534;GO:0005543;GO:0010898;GO:0018158;GO:0050766;GO:0002719;GO:0034191;GO:0030325
Q971W0	GO:0003677;GO:0003700
P18709	GO:0045735;GO:0005319
B2IPX4	GO:0003678;GO:0000724;GO:0005524;GO:0003690;GO:0008409
Q9STH1	GO:0051879;GO:0005634;GO:0070678;GO:0005829;GO:0010286;GO:0051131
C6SYW3	GO:0005886;GO:0016021
Q8YQZ8	GO:0042026;GO:0005737;GO:0051082;GO:0005524
A5V8T0	GO:0055129;GO:0004350;GO:0005737;GO:0050661
P62286	GO:0007283;GO:0072687;GO:0005634;GO:0030496;GO:0005516;GO:0008584;GO:0045769;GO:0005737;GO:0036449;GO:0090263;GO:0021873;GO:0001764;GO:0051661;GO:0048477;GO:0097150;GO:0021987;GO:0090306;GO:0051653;GO:0002052;GO:0051445;GO:0045665;GO:0097431;GO:0048589
Q9Z1T5	GO:0003700;GO:0006357;GO:0033599;GO:0045892;GO:0001227;GO:0005634;GO:0001843;GO:0048706;GO:0090575;GO:0008542;GO:0005654;GO:0005737;GO:0000122;GO:0001662;GO:0046872;GO:0000977;GO:0001650;GO:0045893;GO:0045944
I1LHU6	GO:0006952;GO:0047526
A3DH97	GO:0045493;GO:0031176;GO:0005886;GO:0016021
A8F981	GO:0003924;GO:0003746;GO:0005737;GO:0005525
B3NEF0	GO:0043186;GO:0030718;GO:0000976;GO:0007283;GO:0045892;GO:0005634;GO:0060964;GO:0034587;GO:0005737;GO:0048477;GO:0007275;GO:0031047;GO:0051321;GO:0048471
P57783	GO:0005634;GO:0030520;GO:0005496;GO:0071392;GO:0043565;GO:0008270;GO:0004879;GO:0030284
A7Z6W1	GO:0006457;GO:0051082;GO:0005524
Q6YQR8	GO:0006419;GO:0000049;GO:0005737;GO:0004813;GO:0005524;GO:0008270
C3MX60	GO:0051539;GO:0016830;GO:0009229;GO:0009228;GO:0008270
Q9H0M5	GO:0000977;GO:0006357;GO:0046872;GO:0005634;GO:0000981
A8LE09	GO:0006520;GO:0044205;GO:0016597;GO:0004070;GO:0006207
P49420	GO:0009088;GO:0071266;GO:0004073;GO:0046983;GO:0050661;GO:0009097;GO:0009089;GO:0051287;GO:0019877
O83163	GO:0005886;GO:0016021
Q65JE1	GO:0016887;GO:0032300;GO:0005524;GO:0006298;GO:0030983
H2A0L6	GO:0004563;GO:0005576;GO:0006032;GO:0030247;GO:0102148;GO:0005975
Q9Y2D4	GO:0016020;GO:0006893;GO:0006904;GO:0000145;GO:0006887;GO:0015031
A0JPL0	GO:0003700;GO:0000978;GO:0006357;GO:0045892;GO:0001227;GO:0000790;GO:0005634;GO:0001558;GO:0043565;GO:0000122;GO:0046872
Q9XER9	GO:0003700;GO:0006357;GO:0005634;GO:0048497;GO:0006397;GO:0043481;GO:0030154;GO:0003712;GO:0048510;GO:0009910;GO:0003690
Q99743	GO:0051879;GO:1990837;GO:0005634;GO:0000981;GO:0005654;GO:0045893;GO:0032922;GO:0006974;GO:0000978;GO:0006357;GO:0051775;GO:0007623;GO:0060548;GO:0005829;GO:2000987;GO:0000790;GO:0005667;GO:0045739;GO:2001020;GO:1990513;GO:0045944;GO:0003700;GO:0019216;GO:0007417;GO:0046983;GO:0003677;GO:0042493;GO:0046872
Q668T8	GO:0016887;GO:0015439;GO:0005886;GO:0017004;GO:0005524
A0A1U8QKX8	GO:0016887;GO:0042626;GO:0005886;GO:0005524;GO:0016021
Q6GHN4	GO:0004151;GO:0044205;GO:0008270
Q8TEP8	GO:0005813;GO:0010389;GO:0051298;GO:0071539;GO:0090222;GO:0000242;GO:0009617;GO:0000086;GO:0005814;GO:0090307;GO:0005829;GO:0097711;GO:0010923;GO:0019902
P44130	GO:0046890;GO:0031235;GO:0008653;GO:0005506;GO:0016021
P54465	GO:0005886;GO:0016021
B2KFW1	GO:0000978;GO:0006357;GO:0005634;GO:0000981;GO:0046872
C4LA32	GO:0065002;GO:0006605;GO:0005737;GO:0005886;GO:0017038;GO:0005524;GO:0046872
P25304	GO:0044325;GO:0005604;GO:0033691;GO:0035374;GO:0001934;GO:0036122;GO:0050731;GO:0002162;GO:0055117;GO:0070507;GO:0045202;GO:2000541;GO:0001932;GO:0005576;GO:0008582;GO:0043087;GO:0043113;GO:0043525;GO:0031012;GO:0051491;GO:0086036;GO:0030548;GO:0009888;GO:0009986;GO:0007528;GO:0016021;GO:0062023;GO:0043547;GO:0043395;GO:0042030;GO:0005509;GO:1903407;GO:0043083;GO:0009887;GO:0007268;GO:0042383;GO:0045213;GO:0007009;GO:0045944;GO:0061098;GO:1902667;GO:0044295;GO:1903277;GO:0050431;GO:0007416;GO:0005615;GO:0045887;GO:0032092;GO:0071340
Q5YNS3	GO:0051539;GO:0016830;GO:0009229;GO:0009228;GO:0008270
Q62432	GO:0030509;GO:0007507;GO:0035265;GO:0005634;GO:0060039;GO:0070410;GO:0008285;GO:0030513;GO:0001706;GO:0005160;GO:0005654;GO:0001701;GO:0005737;GO:0038092;GO:0070723;GO:0006468;GO:0007179;GO:0045893;GO:0070411;GO:0030324;GO:0045165;GO:1900224;GO:0000978;GO:0042060;GO:0010629;GO:0009749;GO:0032444;GO:0023019;GO:0007182;GO:0048340;GO:0048156;GO:0030073;GO:0010718;GO:0007492;GO:0003690;GO:0070412;GO:0007183;GO:0001707;GO:0010628;GO:0003682;GO:0008134;GO:0071141;GO:0097718;GO:0048617;GO:0000790;GO:0007369;GO:0060395;GO:0005667;GO:0035556;GO:0051098;GO:0034713;GO:0007389;GO:0031625;GO:0048701;GO:0030154;GO:0009952;GO:0031016;GO:0019902;GO:0032924;GO:0045944;GO:0003700;GO:0007352;GO:0045892;GO:0046332;GO:0009880;GO:0062009;GO:0001228;GO:0017015;GO:0001657;GO:0009653;GO:0048589;GO:0071144;GO:0046872;GO:0032991;GO:0009791;GO:0030325;GO:0033613
C3MG71	GO:0006072;GO:0019563;GO:0006071;GO:0005524;GO:0004370
Q2UKV8	GO:0005634;GO:0006397;GO:0005737
Q5GTR3	GO:0006402;GO:0006396;GO:0005737;GO:0004654;GO:0003723;GO:0000287
Q5XE96	GO:0006351;GO:0003899;GO:0003677;GO:0008270;GO:0000287
A8AKS9	GO:0051539;GO:0016830;GO:0009229;GO:0009228;GO:0008270
Q5LMB5	GO:0006782;GO:0005737;GO:0004853
Q9Z1I6	GO:0005737;GO:0001664;GO:0016020;GO:0060548;GO:0005089;GO:0005096;GO:0007186
Q3ZK63	GO:0003723;GO:0016032;GO:0006417;GO:0030430
Q4KLQ5	GO:0006974
Q91Z58	
P17029	GO:0000978;GO:0006357;GO:0005634;GO:0000981;GO:0046872
A7GX79	GO:0006402;GO:0006396;GO:0005737;GO:0004654;GO:0003723;GO:0000287
Q3AFQ0	GO:0065002;GO:0006605;GO:0005737;GO:0005886;GO:0017038;GO:0005524;GO:0046872
Q8EUH7	GO:0006457;GO:0051082;GO:0005524
Q55680	GO:0004672;GO:0005524
Q4GZD1	GO:0010628;GO:0019899;GO:0034038;GO:0009405;GO:0005737;GO:0044403;GO:0042803;GO:0043085;GO:0051290;GO:1902494;GO:0008216;GO:0008612;GO:0090343;GO:0008047
P51839	GO:0004984;GO:0007165;GO:0005525;GO:0060170;GO:0007608;GO:0005886;GO:0016941;GO:0005524;GO:0016021;GO:0006182;GO:0008355;GO:0010753;GO:0005549;GO:0004672;GO:0042048;GO:0035556;GO:0003031;GO:0007168;GO:0097730;GO:0001653;GO:0050911;GO:0004383
A1KWE0	GO:0008964;GO:0015977;GO:0006107;GO:0006099;GO:0000287
Q9SF37	GO:0003697;GO:0003678;GO:0009555;GO:0046872;GO:0005634;GO:0007143;GO:0000724;GO:0005524;GO:0003688;GO:0042555;GO:0007140
B5R705	GO:0004357;GO:0005524;GO:0042398
O24621	GO:0003700;GO:2001141;GO:0016987;GO:0003899;GO:0071482;GO:0003677;GO:0006352;GO:0009507
Q61371	GO:0060173;GO:0005813;GO:0007507;GO:0031122;GO:0034405;GO:2000785;GO:0007420;GO:0036334;GO:0005802;GO:0007224;GO:0007290;GO:0001654;GO:0001889;GO:0005737;GO:0005929;GO:0031514;GO:0005814;GO:0007219;GO:0030324;GO:0042733;GO:0036126;GO:0001886;GO:0060426;GO:1903929;GO:1902017;GO:0032391;GO:0005930;GO:0001822;GO:1905515;GO:0048853;GO:0060914;GO:0019894;GO:0008104;GO:0060122;GO:0042487;GO:0009887;GO:0042073;GO:0009953;GO:0021513;GO:0043568;GO:0002080;GO:0055007;GO:0060271;GO:0097541;GO:0036064;GO:0009952;GO:0030900;GO:0031016;GO:0050680;GO:0090102;GO:0097546;GO:0007288;GO:0002081;GO:0007368;GO:0030992;GO:0060411;GO:0061351;GO:0007399;GO:0008544;GO:0070613;GO:0003341;GO:0097730;GO:0097542;GO:0021537;GO:0045598;GO:0060259;GO:0060091
P05979	GO:0046872;GO:0001516;GO:0004601;GO:0005789;GO:0008217;GO:0006954;GO:0004666;GO:0005737;GO:0042803;GO:0016021;GO:0006979;GO:0043231;GO:0051213;GO:0019371;GO:0020037
P86934	GO:0003924;GO:0006414;GO:0019722;GO:0007017;GO:0003746;GO:0005516;GO:0003729;GO:0005737;GO:0006412;GO:0005525
Q9SUC9	GO:0005886;GO:0031225;GO:0046658
Q03MR6	GO:0006457;GO:0051082;GO:0005524
Q9NX65	GO:0000978;GO:0006357;GO:0005634;GO:0000981;GO:0046872
P45776	GO:0015628;GO:0009306;GO:0005886;GO:0015627;GO:0016021
Q84GJ9	GO:0004834
P16595	
G9MAN7	GO:0062205;GO:1901946;GO:0010333;GO:0050559;GO:1901949;GO:0016102;GO:1901948;GO:0000287;GO:0009507;GO:0102353
Q15911	GO:0000976;GO:1904059;GO:0007420;GO:0005634;GO:0000981;GO:0001227;GO:0000790;GO:0005667;GO:0005654;GO:0045785;GO:0005737;GO:0000122;GO:0007517;GO:0006355;GO:0019899;GO:0045893;GO:0032922;GO:0045944;GO:0003700;GO:0000978;GO:0045664;GO:0045663;GO:0071559;GO:0045662;GO:0016604;GO:0007050;GO:0008270
A3N326	GO:0006351;GO:0003899;GO:0003677;GO:0008270;GO:0000287
Q92G90	GO:0047780;GO:0003994;GO:0051539;GO:0006099;GO:0003729;GO:0047456;GO:0046872;GO:0003730;GO:0019679
Q04KF9	GO:0003678;GO:0000724;GO:0005524;GO:0003690;GO:0008409
A1WW41	GO:0009234;GO:0030145;GO:0030976;GO:0070204;GO:0000287
O82861	GO:0030244;GO:0006011;GO:0009279
Q7N7B6	GO:0003887;GO:0005737;GO:0006281;GO:0000287;GO:0003684;GO:0006261
Q8IZ73	GO:0003723;GO:0000455;GO:0009982
B8CJQ5	GO:0003684;GO:0030983;GO:0005524;GO:0006298
Q7W0D7	GO:0051539;GO:0016830;GO:0009229;GO:0009228;GO:0008270
Q5HJU7	GO:0005576;GO:0016020;GO:0005618
Q9JL19	GO:0030099;GO:0003682;GO:0007507;GO:0030374;GO:0080182;GO:0007420;GO:0005634;GO:0005667;GO:0005654;GO:0003713;GO:0035097;GO:0051427;GO:0010468;GO:0046966;GO:0060716;GO:0045893;GO:0045944;GO:0006974
O22938	GO:0004714;GO:0005886;GO:0005524;GO:0016021
P43760	GO:0004834;GO:0005737;GO:0000162
Q7M6Y3	GO:0042802;GO:0045211;GO:0150093;GO:1900244;GO:0005634;GO:0006900;GO:0050750;GO:0030097;GO:0050772;GO:0016188;GO:0005794;GO:0008021;GO:0097753;GO:0090647;GO:0045893;GO:0031623;GO:0045202;GO:0072583;GO:0098894;GO:0016192;GO:0032050;GO:0010629;GO:1903861;GO:0051223;GO:2000331;GO:0030276;GO:0043025;GO:0009986;GO:0032880;GO:0005886;GO:0048156;GO:0048268;GO:0097494;GO:1900242;GO:0016197;GO:0043231;GO:0007611;GO:0043547;GO:0007409;GO:1902803;GO:0042734;GO:1902961;GO:0048813;GO:0000149;GO:0097418;GO:0055072;GO:0005905;GO:1903077;GO:0005546;GO:0031224;GO:2000809;GO:0017124;GO:1902959;GO:1902963;GO:0048488;GO:0098685;GO:0006897;GO:0043005;GO:1901216;GO:0014069;GO:0035459;GO:0006898;GO:0005769;GO:0005768;GO:0017137;GO:0031982;GO:0048261;GO:1905224;GO:0030122;GO:0098688;GO:0030136;GO:0098794;GO:1902004;GO:2000009;GO:0016185;GO:0030100;GO:0005545;GO:0070381
O73673	GO:0006325;GO:0003700;GO:0005819;GO:0005815;GO:0005739;GO:0005634;GO:0071385;GO:1990239;GO:0004883;GO:0043565;GO:0005737;GO:0016607;GO:0008270;GO:0071383;GO:0045944;GO:0004879;GO:0005496
E9F9R9	GO:0005576;GO:0000272;GO:0004568;GO:0006032;GO:0009405;GO:0030248;GO:0008061
Q0D2A9	GO:0006511;GO:0016567;GO:0031463;GO:0005737;GO:0006446
Q7PC82	GO:0042626;GO:0005524;GO:0016021
Q9R016	GO:0032731;GO:0016045;GO:0042742;GO:0043027;GO:0006954;GO:0005737;GO:0070269;GO:0043005;GO:0043154;GO:0035635;GO:0072557;GO:0050829;GO:0043025;GO:0005524;GO:0046872;GO:0045087;GO:0043204
Q8C3S2	GO:0009306;GO:0016021
Q9WTL4	GO:0043560;GO:0031532;GO:0030238;GO:0071469;GO:0043548;GO:0007275;GO:0007169;GO:0030424;GO:0005899;GO:0004714;GO:0005009;GO:0033674;GO:0046777;GO:0005524;GO:0043235;GO:0005887
Q8IE95	GO:0003682;GO:0046872;GO:0034399;GO:0005634;GO:0006355;GO:0097198;GO:0046975;GO:0018024;GO:0005694;GO:0000785;GO:0010452;GO:0020033
Q66X03	GO:0005737;GO:0045087;GO:0006954;GO:0005524
Q9JJS8	GO:0005509;GO:0008233;GO:0048306;GO:0001855;GO:0001867;GO:0005615;GO:0006958;GO:0006956;GO:0004252
F8WLE0	GO:0005871;GO:0003777;GO:0008017;GO:0007005;GO:0005874;GO:0016887;GO:0072384;GO:0005524;GO:0031966;GO:0007018
P08667	GO:0019031;GO:0055036;GO:0016021
P77300	GO:0003700;GO:0006351;GO:0000976;GO:0045892;GO:0003677;GO:0044010
A1KHG1	GO:0006096;GO:0005576;GO:0009986;GO:0000015;GO:0004634;GO:0000287
Q17VC6	GO:0042026;GO:0005737;GO:0051082;GO:0005524
Q7W1Q0	GO:0051539;GO:0016830;GO:0009229;GO:0009228;GO:0008270
Q0Q466	GO:0019064;GO:0055036;GO:0019031;GO:0009405;GO:0075509;GO:0046813;GO:0016021;GO:0039654;GO:0044173
Q46632	GO:0009405;GO:0016757;GO:0000271
Q5UR69	GO:0048015;GO:0016301;GO:0046854;GO:0046872
Q99KE8	GO:0032760;GO:0032728;GO:0005634;GO:0032755;GO:0048026;GO:0003677;GO:0007275;GO:0046872;GO:0045944;GO:0010468
Q93591	
A0PXM8	GO:0004222;GO:0030163;GO:0016021;GO:0004176;GO:0005886;GO:0005524;GO:0008270
X1WE18	GO:0006915;GO:0005739;GO:0008285;GO:2000134;GO:0035023;GO:0032836;GO:0033147;GO:0005737;GO:0000122;GO:0072015;GO:0070563
A0KE53	GO:0015614;GO:0005886;GO:0016887;GO:0005524
C5C7X6	GO:0003697;GO:0006260;GO:0009432;GO:0005737;GO:0006281;GO:0005524
Q13VD0	GO:0008712;GO:0050661;GO:0097171;GO:0005975
Q2J2I9	GO:0042744;GO:0004096;GO:0046872;GO:0006979;GO:0020037
A0ZZ25	GO:0006351;GO:0003899;GO:0003677;GO:0008270;GO:0009507
Q8YVT3	GO:0008276;GO:0005737
Q3Z8V4	GO:0003677;GO:0006351;GO:0032549;GO:0003899
Q8EF25	GO:0005737;GO:0043590;GO:0003690;GO:0003727
Q8N8U3	GO:0003676;GO:0005634;GO:0008270
Q6FIK2	GO:0003723;GO:0006397;GO:0000002;GO:0031305
Q5M6D1	GO:0006457;GO:0051082;GO:0005524
B3DLH6	GO:0007520;GO:0001778;GO:0046872;GO:0031965;GO:0061025;GO:0016021;GO:0030659;GO:0005901;GO:0007009;GO:0005543
Q4UTP6	GO:0003723;GO:0031119;GO:0106029
Q58361	
A4W540	GO:0004457;GO:0010181;GO:0005886;GO:0019516
P26903	GO:0030435;GO:0055085;GO:0005886;GO:0016021;GO:0015031
A1TKD2	GO:0008360;GO:0009252;GO:0007049;GO:0051301;GO:0071555;GO:0005737;GO:0008763;GO:0005524
A4ZZ93	GO:0008612
Q84RR0	GO:0006511;GO:0032436;GO:0046872;GO:0061630;GO:0005737;GO:0031624;GO:0000209;GO:0000151
Q7NB47	GO:0004823;GO:0006429;GO:0002161;GO:0005737;GO:0005524
B1IC35	GO:0009380;GO:0009432;GO:0003677;GO:0006289;GO:0005737;GO:0009381;GO:0005524;GO:0004386
B2IPP4	GO:0009380;GO:0009432;GO:0003677;GO:0006289;GO:0005737;GO:0009381;GO:0005524;GO:0004386
B4U3P4	GO:0009380;GO:0009432;GO:0003677;GO:0006289;GO:0005737;GO:0009381;GO:0005524;GO:0004386
A4X5V6	GO:0006433;GO:0002161;GO:0005737;GO:0005524;GO:0004827
B1XL02	GO:0065002;GO:0006605;GO:0042651;GO:0005737;GO:0005886;GO:0017038;GO:0005524
Q9C5H5	GO:0000187;GO:0002221;GO:1900424;GO:1900150;GO:0071323;GO:0004709;GO:0010200;GO:0006952;GO:0005886;GO:0046777;GO:0005524;GO:0045088;GO:0005829;GO:0004674;GO:2000071
B2HY23	GO:0009014;GO:0009089;GO:0050897;GO:0008270;GO:0019877
Q8RHA1	GO:0005829;GO:0002098;GO:0030488;GO:0050660
Q83AQ1	GO:0004749;GO:0002189;GO:0009165;GO:0006015;GO:0009156;GO:0005737;GO:0016301;GO:0005524;GO:0000287;GO:0006164;GO:0009116
P18733	GO:0003677;GO:0046872;GO:0005634;GO:0006355
B3H0F9	GO:0003677;GO:0004386;GO:0005524;GO:0006355
Q39JF1	GO:0042744;GO:0004096;GO:0046872;GO:0006979;GO:0020037
Q8SSI7	GO:0030435;GO:0004100;GO:0071555;GO:0005886;GO:0016021
Q3SKX1	GO:0005525;GO:0003924;GO:0005737;GO:0003743
B9DPE0	GO:0006402;GO:0006396;GO:0005737;GO:0004654;GO:0003723;GO:0000287
C6DF39	GO:0050418;GO:0005737;GO:0051537;GO:0046872
B0VUC9	GO:0003684;GO:0030983;GO:0005524;GO:0006298
Q48F12	GO:0004151;GO:0019856;GO:0044205;GO:0008270
Q04P74	GO:0000049;GO:0005737;GO:0005524;GO:0004826;GO:0000287;GO:0006432
Q14587	GO:0043497;GO:0005634;GO:0071356;GO:0008285;GO:1901224;GO:0008284;GO:0043066;GO:0001934;GO:0000122;GO:0005737;GO:0006355;GO:0015629;GO:0030154;GO:0030335;GO:0045944;GO:0003700;GO:0000978;GO:0006357;GO:0045597;GO:0045732;GO:0043065;GO:0007346;GO:0001228;GO:0003677;GO:0090073;GO:0046872;GO:0005829;GO:0071157
P07769	GO:0018623;GO:0043640;GO:0005506;GO:0051537
B3E164	GO:0006351;GO:0003899;GO:0003677;GO:0008270;GO:0000287
Q69F57	GO:0009405;GO:0005576;GO:0004252
Q6R1L1	GO:0006367;GO:0071339;GO:0005669;GO:0000296
Q3ZZQ3	GO:0004017;GO:0005737;GO:0005524;GO:0046872;GO:0044209
Q61CA4	GO:0007399;GO:0007165;GO:0090630;GO:0030030;GO:0030154;GO:0005096;GO:0045202
Q89AF8	GO:0006402;GO:0006396;GO:0005737;GO:0004654;GO:0003723;GO:0000287
Q9ESV1	GO:0005634;GO:0060840;GO:0021503;GO:0003281
Q8PWY1	GO:0006418;GO:0000049;GO:0005737;GO:0043767;GO:0005524
Q8A474	GO:0003924;GO:0032790;GO:0003746;GO:0005525;GO:0005829
A6KZH6	GO:0004823;GO:0006429;GO:0002161;GO:0005737;GO:0005524
B2HR11	GO:0046677;GO:0050071;GO:0003676;GO:0006629;GO:0006430;GO:0009405;GO:0005737;GO:0004824;GO:0005886;GO:0005524;GO:0016021;GO:0000287
Q0W4J4	GO:0003677;GO:0003700
P53767	GO:0042802;GO:0097421;GO:0048514;GO:0043410;GO:0048598;GO:0006940;GO:0005634;GO:1901534;GO:0002244;GO:0014068;GO:1903671;GO:0006468;GO:0014823;GO:0048597;GO:0048661;GO:0043406;GO:1990384;GO:0001666;GO:0036323;GO:0043552;GO:0001525;GO:0018108;GO:0005886;GO:0046777;GO:0005524;GO:0036327;GO:0005887;GO:0032355;GO:1905563;GO:0005021;GO:0048010;GO:0007565;GO:0035924;GO:0030522;GO:1904046;GO:0007275;GO:0007568;GO:0002548;GO:0002040;GO:0007169;GO:0030335;GO:0019838;GO:0045471;GO:0004714;GO:0005768;GO:0001569;GO:0010863;GO:0033674;GO:0071456;GO:0036326;GO:0016477;GO:0036332;GO:0005615;GO:0043235;GO:0045766;GO:0000186;GO:0060252
P28028	GO:0030878;GO:0042802;GO:1990090;GO:0046632;GO:0048538;GO:0010764;GO:0005739;GO:0005634;GO:0033138;GO:0050852;GO:2000352;GO:0000165;GO:0008542;GO:0045580;GO:0050772;GO:0043066;GO:0005737;GO:0002318;GO:0004674;GO:0006468;GO:0048680;GO:0051496;GO:0051591;GO:0071277;GO:0044297;GO:1900026;GO:0005886;GO:0016020;GO:0005524;GO:0043367;GO:0005829;GO:0042127;GO:0043231;GO:0007173;GO:0017016;GO:0010628;GO:0043369;GO:0005509;GO:0048679;GO:0004672;GO:0097110;GO:0070413;GO:0035690;GO:2000301;GO:0043005;GO:0043434;GO:0030154;GO:0043524;GO:0060291;GO:0010828;GO:0060323;GO:0070374;GO:0004709;GO:0044877;GO:0035019;GO:0090150;GO:0060324;GO:0000186;GO:0031434;GO:0043368
Q9LG02	GO:0003677;GO:0003700;GO:0005634
C1CKX8	GO:0009380;GO:0009432;GO:0003677;GO:0006289;GO:0005737;GO:0009381;GO:0005524;GO:0004386
Q9HWX4	GO:0003935;GO:0008686;GO:0009231;GO:0030145;GO:0000287;GO:0005829
A1QQ97	GO:0006096;GO:0005576;GO:0009986;GO:0000015;GO:0004634;GO:0000287
B1YLD8	GO:0006096;GO:0005576;GO:0009986;GO:0000015;GO:0004634;GO:0000287
O70436	GO:0042802;GO:0030509;GO:0007507;GO:0035265;GO:0005634;GO:0060039;GO:0070410;GO:0008285;GO:0030513;GO:0001706;GO:0005160;GO:0001701;GO:0005737;GO:0038092;GO:0070723;GO:0006468;GO:0007179;GO:0045893;GO:0070411;GO:0030324;GO:0045165;GO:1900224;GO:0000978;GO:0042060;GO:0010629;GO:0009749;GO:0032444;GO:0023019;GO:0007182;GO:0048340;GO:0048156;GO:0030073;GO:0010718;GO:0007492;GO:0003690;GO:0070412;GO:0007183;GO:0001707;GO:0010628;GO:0003682;GO:0008134;GO:0071141;GO:0097718;GO:0048617;GO:0000790;GO:0007369;GO:0060395;GO:0005667;GO:0035556;GO:0051098;GO:0034713;GO:0007389;GO:0031625;GO:0048701;GO:0030154;GO:0009952;GO:0031016;GO:0019902;GO:0032924;GO:0045944;GO:0003700;GO:0007352;GO:0045892;GO:0046332;GO:0009880;GO:0062009;GO:0001228;GO:0017015;GO:0001657;GO:0009653;GO:0048589;GO:0071144;GO:0046872;GO:0032991;GO:0009791;GO:0030325;GO:0033613
Q8L829	GO:0006511;GO:0032436;GO:0046872;GO:0061630;GO:0005737;GO:0031624;GO:0000209;GO:0000151
Q8L844	GO:0009534;GO:0042651;GO:0003727;GO:0003729;GO:0010239;GO:0006417;GO:0009570;GO:0009658;GO:0042644;GO:0009507
P0A2F2	GO:0036055;GO:0061698;GO:0034979;GO:0036049;GO:0005737;GO:0008270;GO:0036054;GO:0061697;GO:0016740;GO:0070403;GO:0036047
Q4K4X3	GO:0008803
P49796	GO:0003924;GO:0008277;GO:0005634;GO:0007165;GO:0000188;GO:0005886;GO:0005829;GO:0005096;GO:0007186
Q8EEU3	GO:0018169;GO:0046872;GO:0016879;GO:0009432;GO:0005737;GO:0005524;GO:0006412;GO:0018410
A1JII0	GO:0003677;GO:0006351;GO:0032549;GO:0003899
A4VT29	GO:0006457;GO:0051082;GO:0005524
A8GVV1	GO:0006435;GO:0000049;GO:0004829;GO:0005737;GO:0005524;GO:0046872
B7JJX5	GO:0004151;GO:0044205;GO:0008270
C1CR65	GO:0009380;GO:0009432;GO:0003677;GO:0006289;GO:0005737;GO:0009381;GO:0005524;GO:0004386
Q8K9V1	GO:0004795;GO:0009088;GO:0030170
Q9J6K8	GO:0046872;GO:0055036;GO:0039619;GO:0019031;GO:0033650;GO:0075512;GO:0019013;GO:0016021;GO:0003723;GO:0039654;GO:0044178;GO:0019062
Q8WZ42	GO:0042802;GO:0006941;GO:0006936;GO:0019901;GO:0005516;GO:0045859;GO:0030018;GO:0000794;GO:0004674;GO:0050790;GO:0019899;GO:0031433;GO:0003300;GO:0055003;GO:0097493;GO:0005576;GO:0048769;GO:0043621;GO:0002576;GO:0051371;GO:0051592;GO:0031430;GO:0005524;GO:0031674;GO:0005829;GO:0055008;GO:0010628;GO:0045214;GO:0005509;GO:0070062;GO:0004713;GO:0035995;GO:0002020;GO:0048739;GO:0030241;GO:0030049;GO:0050714;GO:0060048;GO:0005865;GO:0042805;GO:0007076;GO:0030240;GO:0051015;GO:0008307;GO:0010737
B9JYK6	GO:0005525;GO:0003924;GO:0005737;GO:0003743
Q89AH3	GO:0046872;GO:0000049;GO:0005737;GO:0005886;GO:0004540;GO:0006364;GO:0008033;GO:0004519;GO:0019843
Q6FR35	GO:0042802;GO:0046872;GO:0002143;GO:0070733;GO:0018192;GO:0001403;GO:0032447;GO:0034599;GO:0004792;GO:0005524;GO:0042292;GO:0007114;GO:0005829;GO:2000220
Q39IF3	GO:0008712;GO:0050661;GO:0097171;GO:0005975
Q4R4M3	GO:0030658;GO:0005576;GO:0004181;GO:0008270
Q9SXQ6	GO:0017108;GO:0005739;GO:0006260;GO:0005730;GO:0043137;GO:0003677;GO:0005654;GO:0000287;GO:0048256;GO:0006284;GO:0008409
Q8JGS1	GO:0005813;GO:0046599;GO:0051225;GO:0051298;GO:0071539;GO:0007224;GO:0007052;GO:0005737;GO:0070050;GO:0007275;GO:0005814;GO:0010171
Q01959	GO:0008504;GO:0040018;GO:0045121;GO:0010039;GO:0047485;GO:0005737;GO:0042416;GO:0005102;GO:0008144;GO:0030424;GO:0051591;GO:0005330;GO:1990384;GO:0042136;GO:0015844;GO:0051721;GO:0016600;GO:0060134;GO:0005326;GO:0006836;GO:0007608;GO:0043025;GO:0009986;GO:0035725;GO:0005886;GO:0016021;GO:0005334;GO:0005887;GO:0042734;GO:0015874;GO:0032809;GO:0007595;GO:0035240;GO:0043005;GO:0007568;GO:0002020;GO:0042053;GO:0045471;GO:0021984;GO:0051583;GO:0044877;GO:0042220;GO:0042420;GO:0090494;GO:0042493;GO:0046872;GO:0015872;GO:0035094;GO:0007626
Q8TI80	GO:0022625;GO:0070180;GO:0002181;GO:0003735;GO:0000027
Q01331	GO:0045436;GO:0016117;GO:0016705
Q0SQL7	GO:0000287;GO:0008966;GO:0005975
Q0AJI9	GO:0051539;GO:0016830;GO:0009229;GO:0009228;GO:0008270
P0C0R6	GO:0099619;GO:0046677;GO:0009103;GO:0099618;GO:0009245
Q0A778	GO:0005886;GO:0048038;GO:0051287;GO:0050136
Q148W8	GO:0008138;GO:0030017
A8G6T6	GO:0042026;GO:0005737;GO:0051082;GO:0005524
Q8SR83	GO:0051301;GO:0005524;GO:0046872;GO:0004674;GO:0051321
Q9NR45	GO:0070062;GO:0070085;GO:0016051;GO:0005737;GO:0008781;GO:0005829;GO:0050462;GO:0047444;GO:0006055
P36621	GO:0007015;GO:0000935;GO:0030428;GO:0031138;GO:0000902;GO:0003779;GO:0007163;GO:0008154;GO:0035838;GO:0008179;GO:0005737;GO:0045761;GO:0010619;GO:0034613;GO:0030864;GO:0030308
Q9YN02	GO:0039694;GO:0039502;GO:0042025;GO:0004197;GO:0003723;GO:0004843;GO:0044220;GO:0005524;GO:0016021;GO:0039644;GO:0019082;GO:0039579;GO:0033644;GO:0003724;GO:0003968;GO:0003678;GO:0006351;GO:0039563;GO:0008270;GO:0039648;GO:0004252
P80544	GO:0005576;GO:0016020;GO:0005618
Q9N5R9	GO:0045995;GO:0035101;GO:0006260;GO:0005634;GO:0051984;GO:0032968;GO:0060465;GO:0006281;GO:0006368;GO:0034724;GO:0031491
C0ZY88	GO:0006433;GO:0002161;GO:0005737;GO:0005524;GO:0004827
O84546	GO:0003676;GO:0004815;GO:0050560;GO:0005737;GO:0006422;GO:0005524
Q6NUV0	GO:0005737;GO:0005096;GO:0043547
Q9TTK6	GO:0005507;GO:0005769;GO:0046677;GO:0052594;GO:0048038;GO:0007155;GO:0009308;GO:1902283;GO:0009986;GO:0005886;GO:0005794;GO:0005783;GO:0016021;GO:0052595;GO:0052596;GO:0052593;GO:0008131
F4K4M0	GO:0005737;GO:0008017;GO:0051225;GO:0005880
B1HV72	GO:0005737;GO:0006427;GO:0004821;GO:0005524
P03186	GO:0008234;GO:0042025;GO:0030430;GO:0004843;GO:0019033;GO:0039648
Q5AY46	GO:1900793;GO:0004659;GO:0009820
Q8BMI0	GO:0070936;GO:0005634;GO:0002842;GO:0005737;GO:0031146;GO:0005829;GO:0002250;GO:0010976
Q9JK71	GO:0005634;GO:0043507;GO:0007165;GO:0060090;GO:0005737;GO:0005886;GO:0005923;GO:0005524;GO:0005911;GO:0005109
O75165	GO:0005765;GO:0007032;GO:0043312;GO:0070062;GO:0001649;GO:2000641;GO:1902954;GO:0031901;GO:0005886;GO:0016020;GO:0010008;GO:0030667;GO:0035577;GO:0043231;GO:0005829;GO:0015031;GO:0006898
Q04K81	GO:0009380;GO:0009432;GO:0003677;GO:0006289;GO:0005737;GO:0009381;GO:0005524;GO:0004386
Q95LG1	GO:0005509;GO:1903238;GO:0030246;GO:0007155;GO:0005886;GO:0016021
Q8SR85	GO:0051301;GO:0005524;GO:0046872;GO:0004674;GO:0051321
A4QHB7	GO:0042026;GO:0005737;GO:0051082;GO:0005524
Q9RDE2	GO:0008236;GO:0005737;GO:0006508
Q8LPH6	GO:0005634;GO:0010119;GO:0000976
P53916	GO:0042995;GO:0005634;GO:0008138;GO:0014065;GO:0004725;GO:0051896;GO:0005737;GO:0005886;GO:0016314;GO:0030476;GO:0016311;GO:0005829;GO:0006470
Q9SJP9	GO:0015824;GO:0005886;GO:0015193;GO:0016021
A4G3E6	GO:0006428;GO:0004822;GO:0002161;GO:0000049;GO:0005737;GO:0005524;GO:0008270
Q89ZL1	GO:0005737;GO:0005524;GO:0046872;GO:0015937;GO:0004594
B2GV54	GO:0006805;GO:0016787;GO:0017171;GO:0046485;GO:0060395;GO:0016042;GO:0016020;GO:0005886;GO:0052689;GO:0005783;GO:0016021;GO:0042301;GO:0006470
Q13XE2	GO:0006541;GO:0003922;GO:0005524;GO:0016462
B8HBS2	GO:0006782;GO:0050661;GO:0008883
Q1MMD9	GO:0008534;GO:0006289;GO:0008270;GO:0140078;GO:0003684;GO:0006284
P57315	GO:0008360;GO:0009252;GO:0007049;GO:0051301;GO:0047480;GO:0071555;GO:0005737;GO:0005524
P25062	GO:0005576;GO:0030115;GO:0071555;GO:0005886;GO:0016021;GO:0005618
P50533	GO:0051301;GO:0007049;GO:0005634;GO:0030261;GO:0005694;GO:0005524;GO:0005829
Q3M704	GO:0042026;GO:0005737;GO:0051082;GO:0005524
Q2L165	GO:0006807;GO:0008081;GO:0008773;GO:0006808
A2SLG5	GO:0003677;GO:0006351;GO:0032549;GO:0003899
P74269	GO:0003852;GO:0009098;GO:0043714;GO:0009097
P35693	GO:0003677;GO:0007338;GO:0005634
P53797	GO:0016117;GO:0016767;GO:0004310;GO:0009507;GO:0051996
B7FA90	GO:0016765;GO:0010189;GO:0009535;GO:0016021
A0QQK3	GO:0004674;GO:0005524
B2SLG0	
Q04H29	GO:0006526;GO:0044205;GO:0005524;GO:0046872;GO:0004088
Q3A0V2	GO:0042026;GO:0005737;GO:0051082;GO:0005524
Q9U969	GO:0072657;GO:0004622;GO:0007272;GO:0005789;GO:0102545;GO:0016021;GO:0007608;GO:0045494;GO:0051402;GO:0005737;GO:0005886;GO:0016042;GO:0034349;GO:0005783;GO:0006644;GO:0034236;GO:0046470;GO:0006643;GO:0061024;GO:2000480
B0VAU7	GO:0003684;GO:0030983;GO:0005524;GO:0006298
B6VP39	GO:0030170;GO:0033806;GO:0019264;GO:0004372;GO:0035999
Q04710	GO:0043565;GO:0003700;GO:0005737;GO:0019439
Q5V4R0	GO:0051301;GO:0007049;GO:0006260;GO:0003910;GO:0003677;GO:0051103;GO:0006310;GO:0005524;GO:0046872;GO:0071897
Q32DZ9	GO:0046677;GO:0015562;GO:0008559;GO:0016887;GO:0005524;GO:0005887;GO:1990961
B9JWI2	GO:0019464;GO:0004375
Q3A590	GO:0006541;GO:0003922;GO:0005524;GO:0016462
Q9P6N1	GO:0006914;GO:0034497;GO:0000045;GO:0034045;GO:0030435;GO:0016236;GO:0000407;GO:0019898;GO:0000422;GO:0032266;GO:0035091;GO:0005794;GO:0000329;GO:0006497;GO:0006623;GO:0080025;GO:0005829;GO:0032580;GO:0044804
Q1RJ48	GO:0006435;GO:0000049;GO:0004829;GO:0005737;GO:0005524;GO:0046872
Q91G49	
P23696	GO:0006914;GO:0051898;GO:0051225;GO:0045880;GO:0005654;GO:0005737;GO:0007059;GO:0035331;GO:0090263;GO:0000226;GO:0004722;GO:0019208;GO:0048477;GO:0000159;GO:0007623;GO:0005829;GO:0001933;GO:0045879;GO:0090162;GO:0009416;GO:0090443;GO:0007051;GO:0006470;GO:0055059;GO:0007098;GO:0007099;GO:0000278;GO:0007465;GO:0007406;GO:0046872;GO:0046627;GO:0048190
Q18EB9	GO:0009039;GO:0005737;GO:0016151;GO:0043419
P0C9E7	GO:0003899;GO:0006351;GO:0046983
Q7VEV7	GO:0046677;GO:0050071;GO:0006629;GO:0006430;GO:0003677;GO:0009405;GO:0005737;GO:0004824;GO:0005886;GO:0005524;GO:0016021;GO:0000287
Q5WJI0	GO:0006541;GO:0003922;GO:0005524;GO:0016462
Q8IYJ1	GO:0070062;GO:0071277;GO:1903861;GO:0005886;GO:0046872;GO:0005615;GO:0005544
A9MNR8	GO:0080030
A9N5B2	GO:0099619;GO:0046677;GO:0009103;GO:0099618;GO:0009245
Q5F807	GO:0065002;GO:0006605;GO:0005737;GO:0005886;GO:0017038;GO:0005524;GO:0046872
A1WE19	GO:0051539;GO:0002935;GO:0070040;GO:0000049;GO:0005737;GO:0046872;GO:0019843;GO:0070475
Q00106	
O33259	GO:0042558;GO:0008705;GO:0032259;GO:0005886;GO:0008270;GO:0005829;GO:0031419;GO:0005618
F4I9T0	GO:0005739
P29218	GO:0042802;GO:0046855;GO:0052834;GO:0031403;GO:0007165;GO:0006020;GO:0052833;GO:0006796;GO:0008934;GO:0006021;GO:0005737;GO:0042803;GO:0006661;GO:0030145;GO:0052832;GO:0000287;GO:0043647;GO:0046854;GO:0005829
Q44930	GO:0005886;GO:0000155;GO:0005524;GO:0016021
Q9SN10	GO:0006511;GO:0019005;GO:0005737;GO:0031146;GO:0004842
Q9Y7D0	GO:0070402;GO:0050637;GO:0016491;GO:0030639
Q95KJ2	GO:0005634;GO:0005759;GO:0070901;GO:0052906
P49294	GO:0033014;GO:0006979;GO:0006783;GO:0015995;GO:0009536;GO:0050661;GO:0006782;GO:0009507;GO:0008883
X5JA13	GO:0070062;GO:0006893;GO:0000145;GO:0006887;GO:0005829
Q0C1E4	GO:0005886;GO:0048038;GO:0051287;GO:0050136
Q54NU9	GO:0003825;GO:0005737;GO:0005946;GO:0005829;GO:0005975
Q8IUA7	GO:0005319;GO:0006869;GO:0042626;GO:0005524;GO:0016021;GO:0043231
Q64UQ7	GO:0019464;GO:0004375
A2XLL2	GO:0030170;GO:0009693;GO:0016847;GO:0009835
C7GQY3	GO:0003677;GO:0006351;GO:0008270;GO:0005634;GO:0000981
A4YV79	GO:0016793
B5E4X3	GO:0009380;GO:0009432;GO:0003677;GO:0006289;GO:0005737;GO:0009381;GO:0005524;GO:0004386
Q5VI41	GO:0038023;GO:0006909;GO:0007160;GO:0045121;GO:1904996;GO:0008305;GO:0016020;GO:0007229;GO:0046872;GO:0071404;GO:0031623
Q32J17	GO:0003887;GO:0005737;GO:0006281;GO:0000287;GO:0003684;GO:0006261
A5CX15	GO:0051539;GO:0016830;GO:0009229;GO:0009228;GO:0008270
Q5CD18	GO:0048762;GO:0007507;GO:0005634;GO:0045121;GO:0004674;GO:0007179;GO:0006468;GO:0045893;GO:0040008;GO:0009986;GO:0005886;GO:0016020;GO:0005524;GO:0005025;GO:0010628;GO:0048179;GO:0016361;GO:0060317;GO:0035556;GO:0048185;GO:0071363;GO:0032924;GO:0042118;GO:0005768;GO:0046332;GO:0010717;GO:0006915;GO:0007399;GO:0001938;GO:0005923;GO:0046872;GO:0043235;GO:0050431;GO:0010468
Q9YH32	GO:0005634;GO:0030520;GO:0005496;GO:0071392;GO:0043565;GO:0008270;GO:0004879;GO:0030284
Q9I3F5	GO:0047780;GO:0003994;GO:0051539;GO:0006979;GO:0006101;GO:0006099;GO:0003729;GO:0047456;GO:0005737;GO:0005506;GO:0003730;GO:0005829;GO:0009061;GO:0019679
Q6CEE1	GO:0005759;GO:0006526;GO:0034618;GO:0016310;GO:0103045;GO:0004042
O23382	GO:0080043
Q318V6	GO:0042026;GO:0005737;GO:0051082;GO:0005524
B6QIB3	GO:0031307;GO:0032865;GO:0008289;GO:0000002;GO:0006869
Q8BPP0	GO:0006357;GO:0001227;GO:0000790;GO:0000981;GO:0005654;GO:0000122;GO:0046872;GO:0000977;GO:0005829
Q5M4P4	GO:0006541;GO:0003922;GO:0005524;GO:0016462
P06212	GO:0010628;GO:0051879;GO:0000978;GO:0006357;GO:0030284;GO:0000790;GO:0005634;GO:0030518;GO:0005737;GO:0008270;GO:0004879;GO:0005496
B2J717	GO:0008360;GO:0009252;GO:0007049;GO:0051301;GO:0071555;GO:0005737;GO:0008763;GO:0005524
A6WR28	GO:0006096;GO:0005576;GO:0009986;GO:0000015;GO:0004634;GO:0000287
D2B129	GO:0004386;GO:0008186;GO:0005524;GO:0003723;GO:0006353
P03744	GO:0098024;GO:0019012;GO:0098671;GO:0005198;GO:0046718
Q489W3	GO:0004165;GO:0006635;GO:0003857;GO:0004300;GO:0008692;GO:0036125
Q9US28	GO:0009086;GO:0010181;GO:0005739;GO:0030586;GO:0016491;GO:0003958;GO:0050660;GO:0050667;GO:0005829;GO:0016709
Q21CI2	GO:0006457;GO:0051082;GO:0005524
Q6BTB1	GO:0006096;GO:0000287;GO:0000015;GO:0004634
Q8Y2M4	GO:0015937;GO:0005737;GO:0004594;GO:0005524
D3ZZN9	GO:0044300;GO:0031532;GO:1901165;GO:0007130;GO:0007165;GO:0030695;GO:0044877;GO:0098793;GO:0016477;GO:0060711;GO:0097060;GO:0050806;GO:0046578;GO:0005829;GO:0060716;GO:0005096;GO:0016081;GO:0051493
O27180	GO:0016879;GO:0008270;GO:0005524
C1DJH1	GO:0006750;GO:0004357;GO:0005524
B1X8X7	GO:0070205;GO:0009234
A8G4F2	GO:0051539;GO:0004160;GO:0009099;GO:0009097;GO:0046872
P26234	GO:0090136;GO:1990357;GO:0005915;GO:0005911;GO:0005198;GO:0002162;GO:0005903;GO:0005925;GO:0048675;GO:1903140;GO:1904702;GO:0051893;GO:0005912;GO:0090637;GO:0005886;GO:0034394;GO:0043297;GO:0002102;GO:0030334;GO:0005916;GO:0002009;GO:0031625;GO:0042383;GO:0034333;GO:0090636;GO:0030032;GO:0007155;GO:0043034;GO:0051015;GO:0045294;GO:0032991
Q7PYI7	GO:0045892;GO:0005634;GO:0018298;GO:0009882;GO:0043153;GO:0050660;GO:0003677;GO:0071949;GO:0005737;GO:0005641;GO:0048471;GO:0042752;GO:0032922
Q6IE82	GO:0043981;GO:0043966;GO:0046872;GO:0000123;GO:0043983;GO:0043982
Q7TSG3	GO:0005819;GO:0040020;GO:0051225;GO:0051301;GO:0072687;GO:0005634;GO:0006275;GO:0019901;GO:0010971;GO:0005654;GO:0005737;GO:0001556;GO:1990948;GO:0010997;GO:0046785;GO:0016567;GO:0007346;GO:0016050;GO:0045669;GO:0045835;GO:1904667;GO:0051444;GO:0008284;GO:1905322;GO:2001021;GO:0045841;GO:0070169;GO:0007057;GO:0060903;GO:0032876;GO:0007088;GO:2000773;GO:0046872
B4F2I2	GO:0003723;GO:0005737;GO:0052908;GO:0000179
P16554	GO:0005634;GO:0035050;GO:0005112;GO:0001920;GO:0005737;GO:0051642;GO:0007405;GO:0010629;GO:0009786;GO:0045807;GO:0005524;GO:0035883;GO:0042694;GO:0008104;GO:0061382;GO:0016360;GO:0050767;GO:0051960;GO:0034613;GO:0045035;GO:1902692;GO:0045746;GO:0055059;GO:0061320;GO:0045178;GO:0005938;GO:0007406;GO:0008347;GO:0014019
P49046	GO:0004197;GO:0051603
B0RBM5	GO:0006782;GO:0050661;GO:0008883
A0RHR0	GO:0004151;GO:0044205;GO:0008270
Q6HES6	GO:0004151;GO:0044205;GO:0008270
O88492	GO:0005829;GO:0005886;GO:0005811;GO:0043231
P32595	GO:0055036;GO:0019031;GO:0016021;GO:0046718;GO:0019062
Q8XW28	GO:0019556;GO:0005737;GO:0016153;GO:0019557
B7IFA6	GO:0042026;GO:0005737;GO:0051082;GO:0005524
Q5R4X0	GO:0046855;GO:0052834;GO:0031403;GO:0008934;GO:0006021;GO:0005737;GO:0030145;GO:0052833;GO:0000287;GO:0052832;GO:0046854
Q6DFV5	GO:0043186;GO:0005634;GO:0004386;GO:0035194;GO:0005524;GO:0046872;GO:0003723;GO:0005829
P35571	GO:0006072;GO:0005509;GO:0019563;GO:0052591;GO:0005739;GO:0004367;GO:0043010;GO:0009331;GO:0006094;GO:0035264;GO:0006734
P63389	GO:0016887;GO:0005524
Q9DC63	GO:0005654;GO:0005829
Q15796	GO:0030509;GO:0035265;GO:0005634;GO:0000981;GO:0060039;GO:0070410;GO:0008285;GO:0030513;GO:0001706;GO:0005160;GO:0005654;GO:0001701;GO:0000122;GO:0005737;GO:0038092;GO:0070723;GO:0007179;GO:0045893;GO:0070411;GO:0030324;GO:0045165;GO:1900224;GO:0000978;GO:0042060;GO:0009749;GO:0032444;GO:0023019;GO:0007182;GO:0048340;GO:0048156;GO:0030073;GO:0005829;GO:0010718;GO:0003690;GO:0070412;GO:0007183;GO:0001707;GO:0071141;GO:0003682;GO:0008134;GO:0097718;GO:0048617;GO:0000790;GO:0007369;GO:0060395;GO:0005667;GO:0031053;GO:0016579;GO:0000987;GO:0030512;GO:0035556;GO:0034713;GO:0051098;GO:0031625;GO:0048701;GO:0030154;GO:0009952;GO:0031016;GO:0019902;GO:0032924;GO:0045944;GO:0003700;GO:0007352;GO:0045892;GO:0046332;GO:0035019;GO:0001228;GO:0017015;GO:0001657;GO:0009653;GO:0062009;GO:0071144;GO:0046872;GO:0032991;GO:0009791;GO:0030325;GO:0033613
P0CH99	GO:0006357;GO:0001227;GO:0000790;GO:0000981;GO:0000122;GO:0046872;GO:0000977
Q64716	GO:0043560;GO:0031532;GO:0030238;GO:0071469;GO:0043548;GO:0007275;GO:0007169;GO:0030424;GO:0005899;GO:0004714;GO:0005009;GO:0033674;GO:0046777;GO:0005524;GO:0043235;GO:0005887
A7H484	GO:0006457;GO:0051082;GO:0005524
Q1WRY8	GO:0006541;GO:0003922;GO:0005524;GO:0016462
O76536	GO:0005576;GO:0007155
Q9MBF8	GO:0008017;GO:0003777;GO:0036156;GO:0005874;GO:0036159;GO:0060294;GO:0005930;GO:0005524;GO:0031514;GO:0008569
Q28483	GO:0004222;GO:0016021
Q1GRD4	GO:0042026;GO:0005737;GO:0051082;GO:0005524
Q82BB8	GO:0006633;GO:0005737;GO:0004315;GO:0033818
Q9NPI6	GO:0042802;GO:0019894;GO:0043488;GO:0000932;GO:0030234;GO:0043928;GO:0000184;GO:0005634;GO:0016787;GO:0036464;GO:0003729;GO:1903608;GO:0005737;GO:0016020;GO:0000290;GO:0005829;GO:0031087;GO:0008047
Q9PNK3	GO:0004823;GO:0006429;GO:0002161;GO:0005737;GO:0005524
Q5H0S1	
B8N6V7	GO:0004565;GO:0005576;GO:0000272
Q1RLL3	GO:0071277;GO:1903861;GO:0005886;GO:0046872;GO:0005544
A9ILN1	GO:0009435;GO:0004514;GO:0004516
A5G3W5	GO:0006420;GO:0005737;GO:0004814;GO:0005524
A6WUV8	GO:0009073;GO:0005737;GO:0009423;GO:0003866
P25037	GO:0006511;GO:1905524;GO:0004843;GO:0005634;GO:0004197;GO:0016579;GO:0005737;GO:0005783;GO:0005829
Q9H987	GO:0045214;GO:0030054;GO:0003779;GO:0005634;GO:0003007;GO:0005654;GO:0032233;GO:0016607;GO:0030018;GO:0035025;GO:0005829;GO:0015629;GO:0051496
Q9UT10	GO:0003924;GO:0070481;GO:0005739;GO:0005634;GO:0003746;GO:0070125;GO:0070478;GO:0030968;GO:0005525;GO:0005829
B2T1N4	GO:0003991;GO:0005737;GO:0042450;GO:0005524
A5IJM2	GO:0003852;GO:0009098
P03133	GO:0003678;GO:0046872;GO:0042025;GO:0006260;GO:0039526;GO:0039592;GO:0003677;GO:0039645;GO:0005524;GO:0004519;GO:0039693
Q5NCP0	GO:0006511;GO:0016567;GO:0016055;GO:0005789;GO:0061630;GO:0038018;GO:0072089;GO:0007275;GO:0005635;GO:0046872;GO:0004842;GO:0005109;GO:0005887;GO:0030178
B8CJP6	GO:0006096;GO:0005576;GO:0009986;GO:0000015;GO:0004634;GO:0000287
A0QF76	GO:0004812;GO:0035446;GO:0006418;GO:0010125;GO:0005524;GO:0008270
B1JLL9	GO:0002098;GO:0016765
A5GWT2	GO:0003676;GO:0004815;GO:0050560;GO:0005737;GO:0006422;GO:0005524
P40732	GO:0009016;GO:0042802;GO:0030170;GO:0006526;GO:0005737;GO:0009089;GO:0003992
Q58DA8	GO:0031228;GO:0005789;GO:0002178;GO:0019706;GO:0005794;GO:0006612;GO:0005783;GO:0016021;GO:0005829;GO:0018230;GO:0043849
Q72YI4	GO:0006094;GO:0006096;GO:0005737;GO:0004347
A0KXI4	GO:0006412;GO:0006464;GO:0016881;GO:0005524;GO:0046872
Q5M029	GO:0006541;GO:0003922;GO:0005524;GO:0016462
O92815	GO:0004190;GO:0015074;GO:0020002;GO:0003964;GO:0003887;GO:0003677;GO:0004523;GO:0019013;GO:0006310;GO:0016020;GO:0008270;GO:0003723;GO:0039660
B4RSX9	GO:0009039;GO:0005737;GO:0016151;GO:0043419
Q30TM4	GO:0051539;GO:0046429;GO:0019288;GO:0005506;GO:0016114
C3MZU1	GO:0005737;GO:0008270;GO:0050897;GO:0016811;GO:0042450;GO:0019878
P57724	GO:0043488;GO:0005634;GO:0003729;GO:0003677;GO:1902163;GO:0005737;GO:0051252;GO:0048025;GO:0003730;GO:0005829;GO:0010468
Q87ZB2	GO:0004165;GO:0006635;GO:0003857;GO:0004300;GO:0009062;GO:0008692;GO:0036125
A1STX3	GO:0016879;GO:0008616;GO:0008270;GO:0005524
B4SYX1	GO:0099619;GO:0046677;GO:0009103;GO:0099618;GO:0009245
P0ACR7	GO:0000986;GO:0003700;GO:0006351;GO:0043565;GO:0005737;GO:0006355;GO:0005829
A0LDN3	GO:0051539;GO:0046429;GO:0019288;GO:0005506;GO:0016114
B4RKY2	GO:0065002;GO:0006605;GO:0005737;GO:0005886;GO:0017038;GO:0005524;GO:0046872
Q8IZF0	GO:0060075;GO:0070588;GO:0005261;GO:0071805;GO:0034765;GO:0005272;GO:0034220;GO:0035725;GO:0005886;GO:0016021;GO:0005244;GO:0022840
A0A0H2VBH0	GO:0016887;GO:0005524
Q8S8Y1	GO:0006351;GO:0003899;GO:0003677;GO:0008270;GO:0009507
P13677	GO:0018105;GO:0016059;GO:0007601;GO:0008585;GO:0004674;GO:0016028;GO:0007602;GO:0030845;GO:0016062;GO:0016027;GO:0005524;GO:0019722;GO:0050962;GO:0009416;GO:0004697;GO:0035556;GO:0004698;GO:0045471;GO:0016477;GO:0008270;GO:2000370
Q5R7C0	GO:0001707;GO:0003700;GO:0008134;GO:0005634;GO:0045944;GO:0005667;GO:0035556;GO:0048340;GO:0005737;GO:0051098;GO:0046872;GO:0009952;GO:0007179;GO:0045893;GO:0003690;GO:0045165
Q80ZF0	GO:0046872;GO:0003431;GO:0005201;GO:0031012;GO:0005615;GO:0005583;GO:0030198
B8ZQ22	GO:0006072;GO:0019563;GO:0006071;GO:0005524;GO:0004370
B2INK5	GO:0006072;GO:0019563;GO:0006071;GO:0005524;GO:0004370
P9WEV1	GO:0016874;GO:0031177
Q9BW92	GO:0005759;GO:0006435;GO:0004812;GO:0070159;GO:0006418;GO:0002161;GO:0004829;GO:0042803;GO:0005524
Q0SET3	GO:0042026;GO:0005737;GO:0051082;GO:0005524
Q12509	GO:0006338;GO:0043486;GO:0005737;GO:0000812;GO:0031491;GO:0034399
O05321	GO:0009089;GO:0008836;GO:0030170
P13678	GO:0007616;GO:0018105;GO:0009950;GO:0034389;GO:0008285;GO:0004697;GO:0035556;GO:0004698;GO:0005886;GO:0007030;GO:0005524;GO:0046872;GO:0004674;GO:0006468;GO:0045471
Q6C9P3	GO:0005730;GO:0003724;GO:0006364;GO:0005524;GO:0003723
O66401	GO:0003677;GO:0006310;GO:0032196;GO:0046872
A7GSX5	GO:0051539;GO:0016114;GO:0005506;GO:0046429;GO:0019288
P65905	GO:0004151;GO:0044205;GO:0008270
Q5FW05	GO:0002143;GO:0000049;GO:0032447;GO:0002098;GO:0002144;GO:0005829;GO:0016779;GO:0034227
Q09M05	GO:0004181;GO:0035610;GO:0035609;GO:0008270;GO:0015631;GO:0005829
A7Z985	GO:0009380;GO:0009432;GO:0003677;GO:0006289;GO:0005737;GO:0009381;GO:0005524;GO:0004386
Q9WXR9	GO:0008880;GO:0042840;GO:0019698
Q8JTH0	GO:0019031;GO:0055036;GO:0016021
P07518	GO:0005576;GO:0030435;GO:0004252;GO:0046872
A9KBK2	GO:0006094;GO:0005737;GO:0006096;GO:0004807
Q3SLL2	GO:0003676;GO:0004815;GO:0050560;GO:0005737;GO:0006422;GO:0005524
A9L1V0	GO:0003676;GO:0005737;GO:0052914
P37094	GO:0016887;GO:0009297;GO:0005737;GO:0005524;GO:0015031
Q3JES3	GO:0009432;GO:0003677;GO:0006281;GO:0006310;GO:0005524;GO:0009378
C0Q069	GO:0099619;GO:0046677;GO:0009103;GO:0099618;GO:0009245
Q8N720	GO:0000978;GO:0006357;GO:0005634;GO:0000981;GO:0005730;GO:2000134;GO:0005737;GO:0046872
Q5KUX3	GO:0016887;GO:0005886;GO:0015611;GO:0005524
Q2RNE6	GO:0006457;GO:0051082;GO:0005524
Q1W668	GO:0003700;GO:0005634;GO:0005667;GO:0003677;GO:0005737;GO:0046872;GO:0007179
Q3SVC8	GO:0008360;GO:0009252;GO:0009274;GO:0008955;GO:0071555;GO:0005886;GO:0016021;GO:0016763
Q9ZMH7	GO:0006308;GO:0009318;GO:0008855;GO:0003676;GO:0005737
Q8PKZ1	GO:0051539;GO:0002935;GO:0070040;GO:0000049;GO:0005737;GO:0046872;GO:0019843;GO:0070475
Q6Q251	GO:0005576;GO:0004806;GO:0052740;GO:0016042;GO:0044179;GO:0008970;GO:0052739
B5QUY5	GO:0004357;GO:0005524;GO:0042398
B5E3S7	GO:0006072;GO:0019563;GO:0006071;GO:0005524;GO:0004370
Q9XWD6	GO:0042742;GO:0001845;GO:0070986;GO:0043652;GO:0034620;GO:1903356;GO:0001891;GO:0009986;GO:0005886;GO:0031260;GO:0016021;GO:1901076;GO:0031532;GO:0043654;GO:1902742;GO:1904747;GO:0045184;GO:0000132;GO:0012501;GO:0030670;GO:0005044
Q9F2I9	GO:0004825;GO:0005737;GO:0005524;GO:0046872;GO:0006431
B1LNU6	GO:0051539;GO:0016830;GO:0009229;GO:0009228;GO:0008270
Q82049	GO:0003723;GO:0016032;GO:0006417;GO:0030430
Q96K76	GO:0006511;GO:0035520;GO:0071987;GO:1902230;GO:0005634;GO:0004197;GO:0005654;GO:0043066;GO:0005737;GO:0090263;GO:0006284;GO:0006974;GO:0004843;GO:0030307;GO:0010972;GO:0031647;GO:0005829;GO:0016579;GO:0043154;GO:0101005;GO:0045892;GO:0019005;GO:0034644;GO:0042493
A4YVM6	GO:0006457;GO:0051301;GO:0007049;GO:0005737;GO:0003755;GO:0015031
Q28I47	GO:0015171;GO:0016021;GO:0003333;GO:0006814
P27809	GO:0000026;GO:0006493;GO:0000139;GO:0006491;GO:0097502;GO:0006487;GO:0005794;GO:0000032;GO:0000329;GO:0016021;GO:0005797
Q9UYB2	GO:0003725;GO:0002949;GO:0061710;GO:0005737;GO:0005524
P63154	GO:0005681;GO:0005634;GO:0071014;GO:0000974;GO:0000245;GO:0016607;GO:0000398;GO:0071007;GO:0003723;GO:0071013
B2TJE9	GO:0042744;GO:0004096;GO:0046872;GO:0006979;GO:0020037
A3PES4	GO:0042026;GO:0005737;GO:0051082;GO:0005524
B7HLM2	GO:0004151;GO:0044205;GO:0008270
P06299	GO:0007218;GO:0005576;GO:0005179
A4IFH5	GO:0009058;GO:0030170;GO:0004021;GO:0005737;GO:0042853
B2GI06	GO:0009039;GO:0005737;GO:0016151;GO:0043419
Q9TKZ5	GO:0003924;GO:0003746;GO:0009507;GO:0005525
S0EMV0	GO:0016491;GO:0032259;GO:0016746;GO:0008168;GO:0031177
Q9GJT6	GO:0040018;GO:0047485;GO:0042416;GO:0030424;GO:0005330;GO:1990384;GO:0016600;GO:0060134;GO:0005326;GO:0007608;GO:0043025;GO:0009986;GO:0005887;GO:0007595;GO:0035240;GO:0042053;GO:0021984;GO:0042220;GO:0042420;GO:0046872;GO:0015872;GO:0007626
A2C536	GO:0006220;GO:0005737;GO:0004127;GO:0004592;GO:0015940;GO:0005524
B8H555	GO:0005737;GO:0003942;GO:0006526;GO:0051287
Q6YZ49	GO:0003697;GO:0051026;GO:0009555;GO:0000790;GO:0007004;GO:0051321;GO:0000724;GO:0005662;GO:0006281;GO:0006289;GO:0043565;GO:0006268;GO:0046872;GO:0007141;GO:0000723;GO:0003684;GO:0007140;GO:0043047;GO:0006261
Q52942	GO:0005198;GO:0009420;GO:0005576;GO:0071973
Q0ANP3	GO:0003677;GO:0006351;GO:0032549;GO:0003899
Q3BSH9	GO:0004817;GO:0005737;GO:0005524;GO:0008270;GO:0006423
Q9FHF1	GO:0016887;GO:0055085;GO:0009536;GO:0005886;GO:0042626;GO:0005524;GO:0016021
Q9SIK7	GO:0004190;GO:0005789;GO:0005634;GO:0004175;GO:0000139;GO:0016485;GO:0005798;GO:0043231;GO:0007219;GO:0005887
Q2QYY8	GO:0005634;GO:0018298;GO:0009882;GO:0005737;GO:0005886;GO:0005524;GO:0004674;GO:0006468
B9DLY0	GO:0009039;GO:0005737;GO:0016151;GO:0043419
B1AVD1	GO:0070062;GO:0031225;GO:0070006;GO:0005886;GO:0046872
P93484	GO:0030665;GO:0005509;GO:0031902;GO:0000139;GO:0016021;GO:0015031
Q6A964	GO:0004820;GO:0006426;GO:0046983;GO:0005737;GO:0005524
A0A1V1GB10	GO:0016887;GO:0042626;GO:0005886;GO:0005524;GO:0016021
Q2VZV8	GO:0005840;GO:0003735;GO:0006412
Q3SQW4	
P18040	GO:0020002;GO:0039502;GO:0044175;GO:0039587;GO:0055036;GO:0019031;GO:0075512;GO:0016021;GO:0005198;GO:0039654;GO:0019062
P48371	GO:0006265;GO:0003677;GO:0003918;GO:0005737;GO:0005694;GO:0005524;GO:0006261
Q4R4K2	GO:0005524;GO:0044211;GO:0044206;GO:0004849
Q8Y278	GO:0102955;GO:0102094;GO:0009060;GO:0009234;GO:0032259;GO:0006744;GO:0043333;GO:0102027;GO:0043770
Q6PIJ6	GO:0070936;GO:0019005;GO:0005634;GO:0002842;GO:0005737;GO:0031146;GO:0005829;GO:0002250;GO:0010976
P59778	GO:0005737;GO:0006526;GO:0004585;GO:0016597
F4KDH9	GO:0003723;GO:0042802;GO:0006397;GO:0005634
B8CH73	GO:0003697;GO:0006260;GO:0009432;GO:0005737;GO:0006281;GO:0005524
A4YXQ9	GO:0019464;GO:0004375
A2RC52	GO:0006351;GO:0003899;GO:0003677;GO:0008270;GO:0000287
Q8CDG3	GO:0008234;GO:0016567;GO:0090168;GO:0004843;GO:0000278;GO:0005634;GO:0045202;GO:0016320;GO:0035871;GO:0016579;GO:0005737;GO:0007030;GO:0071108;GO:1905634;GO:0005783;GO:0005795;GO:0006974
B2K315	GO:0002098;GO:0016765
Q1KVX4	GO:0006351;GO:0003899;GO:0032549;GO:0003677;GO:0009507
A2BT10	GO:0042026;GO:0005737;GO:0051082;GO:0005524
A1V7K1	GO:0003991;GO:0005737;GO:0042450;GO:0005524
B9KBT4	GO:0006457;GO:0051082;GO:0005524
Q5R5C5	GO:0042554;GO:0010467;GO:0005739;GO:0008285;GO:0003015;GO:0005654;GO:0072341;GO:0043406;GO:0005925;GO:0016175;GO:1990782;GO:0005886;GO:0016021;GO:0000902;GO:0007569;GO:0005789;GO:2000573;GO:0055007;GO:0045453;GO:0071333;GO:0048471;GO:0061098;GO:0070374;GO:0050667;GO:0051897
Q49419	
Q10268	GO:0035840;GO:0035838;GO:0035839;GO:0030428;GO:0051301;GO:0007049;GO:0051286;GO:0005886;GO:0032153;GO:0005887
Q9ZM99	GO:0003883;GO:0005524;GO:0046872;GO:0006541;GO:0044210
A6QBG0	GO:0006457;GO:0051082;GO:0005524
P07992	GO:1904431;GO:0007283;GO:0010259;GO:1990841;GO:0006293;GO:0070522;GO:0008584;GO:0005654;GO:0006289;GO:0005737;GO:0048568;GO:0004519;GO:0003684;GO:0000784;GO:0000720;GO:0046686;GO:0061819;GO:0070914;GO:0006312;GO:0090656;GO:0035264;GO:0006281;GO:0006310;GO:0008022;GO:0000109;GO:0048477;GO:0006296;GO:0001302;GO:0009650;GO:0003697;GO:0008283;GO:0033683;GO:0006303;GO:0000710;GO:0035166;GO:0070911;GO:0000110;GO:0009744;GO:0045190;GO:0006283;GO:1905765;GO:0001094;GO:0007584;GO:0010165;GO:0019904;GO:0006295;GO:0035902;GO:0060261;GO:0032205;GO:0006979;GO:0006949;GO:0036297
Q9Y6F8	GO:0007283;GO:0005634;GO:0003714;GO:0035064;GO:0004402
Q96N95	GO:1990837;GO:0000978;GO:0006357;GO:0045892;GO:0000790;GO:0000981;GO:0005634;GO:0005737;GO:0042803;GO:0046872;GO:0046982
Q03066	GO:0003677;GO:0003700;GO:0006352;GO:0016987
O95677	GO:0016576;GO:0046872;GO:0005634;GO:0004725;GO:0048856;GO:0007601;GO:0007605;GO:0005737;GO:0006281;GO:0007275;GO:0009653;GO:2001240;GO:0045739;GO:0030154
Q1PFA6	GO:0003723;GO:0043231;GO:0009451
Q3A5D3	GO:0042744;GO:0004096;GO:0046872;GO:0006979;GO:0020037
P21506	GO:0006357;GO:0001227;GO:0000790;GO:0000981;GO:0005634;GO:0000122;GO:0032991;GO:0046872;GO:0000977
Q12LE2	GO:0004834
B2GUN4	GO:0016441;GO:1903231;GO:0005777;GO:1905762;GO:0005737;GO:0048477;GO:0051321
P63328	GO:0000082;GO:0016018;GO:0048741;GO:0005739;GO:0005634;GO:0007420;GO:0005516;GO:0050804;GO:0098978;GO:0051117;GO:0005654;GO:0045785;GO:0005737;GO:0030018;GO:0036057;GO:0008144;GO:0060079;GO:0019899;GO:0045202;GO:0004722;GO:0033555;GO:0010629;GO:0035562;GO:0070262;GO:0045807;GO:0051592;GO:0005886;GO:0050774;GO:0004723;GO:0016311;GO:0005829;GO:0014898;GO:0010628;GO:0043197;GO:0097720;GO:0019722;GO:0006816;GO:0035690;GO:0051091;GO:1905205;GO:0046676;GO:0005955;GO:0006606;GO:0098685;GO:1903799;GO:0033192;GO:0033173;GO:0007568;GO:0071333;GO:0004721;GO:0030335;GO:0042383;GO:0010613;GO:0006470;GO:0014883;GO:0045944;GO:0009898;GO:0044877;GO:0046983;GO:0099170;GO:1903244;GO:0046872;GO:0001975
Q9N3X8	GO:0007155;GO:0016021
Q8BLK9	GO:0005769;GO:0035091;GO:0016020;GO:0005524;GO:0004674
B0KSD2	GO:0003684;GO:0030983;GO:0005524;GO:0006298
Q8VA10	GO:0046872;GO:0055036;GO:0039619;GO:0019031;GO:0033650;GO:0075512;GO:0019013;GO:0016021;GO:0003723;GO:0039654;GO:0044178;GO:0019062
Q04DZ9	GO:0006146;GO:0000034
Q9KD72	GO:0006457;GO:0051082;GO:0005524
Q73SU4	GO:0010125;GO:0000287;GO:0102710;GO:0008375
Q9JLB9	GO:0042802;GO:0044291;GO:0007286;GO:0007156;GO:0050839;GO:0042803;GO:0005911;GO:1902414;GO:0030424;GO:0098686;GO:0045202;GO:0098609;GO:0005912;GO:0005886;GO:0030425;GO:0009566;GO:0007157;GO:0061951;GO:0043296;GO:0099061;GO:0007155;GO:0002089;GO:0060042
P78563	GO:0042802;GO:0003725;GO:0005634;GO:0008285;GO:0060384;GO:0005654;GO:0005737;GO:0003726;GO:0003723;GO:0044387;GO:0045202;GO:0021618;GO:0006396;GO:0003729;GO:0035264;GO:0050884;GO:0060415;GO:0021610;GO:0021965;GO:0005829;GO:0016553;GO:0006382;GO:0061744;GO:0008251;GO:0006397;GO:0005730;GO:0030336;GO:0007274;GO:0051607;GO:0097049;GO:0051726;GO:0046872;GO:0045087;GO:0045070
P95405	GO:0003677;GO:0006351;GO:0003899;GO:0046872
A0A0G2JTZ2	GO:0001217;GO:0030218;GO:0048708;GO:0001502;GO:0005634;GO:0021778;GO:0016458;GO:2000741;GO:0030097;GO:0005654;GO:0001701;GO:0000122;GO:0071560;GO:0006355;GO:0045893;GO:0045165;GO:0000978;GO:0051216;GO:2000726;GO:0000976;GO:0000902;GO:0001227;GO:0061036;GO:0048821;GO:0021529;GO:0043565;GO:0000987;GO:0055007;GO:0045944;GO:0048709;GO:0003700;GO:0032332;GO:0045892;GO:0002062;GO:0007417;GO:0003677;GO:0009791;GO:0042692;GO:0010468
A4KXB1	GO:0005198;GO:0019028
Q5BJS7	GO:0071277;GO:1903861;GO:0005886;GO:0046872;GO:0005544
A4GGE3	GO:0042773;GO:0048038;GO:0009535;GO:0016021;GO:0008137
P0CAQ1	GO:0006511;GO:0004843;GO:0005634;GO:0004197;GO:0016579;GO:0005829
B5RPM1	GO:0006457;GO:0051082;GO:0005524
Q2YD61	GO:0006275;GO:0006270;GO:0005737;GO:0005524;GO:0003688
P94281	GO:0046872;GO:0046677;GO:0006265;GO:0003677;GO:0003918;GO:0007059;GO:0005694;GO:0005524
A5WA01	GO:0006281;GO:0003911;GO:0006260
Q9Y397	GO:0018230;GO:0031228;GO:0005789;GO:0002178;GO:0019706;GO:0005794;GO:0006612;GO:0005783;GO:0016021;GO:0005829;GO:0016409;GO:0018345;GO:0043849
Q9P2D1	GO:0060173;GO:0007628;GO:0005634;GO:0040018;GO:1990841;GO:0060384;GO:0005654;GO:0001701;GO:0006364;GO:0006355;GO:0021772;GO:0007512;GO:0000978;GO:0060123;GO:0003226;GO:0048806;GO:0043584;GO:0050890;GO:0005524;GO:0035909;GO:0001501;GO:0003682;GO:0050767;GO:0030540;GO:0005730;GO:0042048;GO:0003222;GO:0021553;GO:0042472;GO:0007605;GO:0060041;GO:0021545;GO:0035116;GO:0048752;GO:0036302;GO:0045944;GO:0008015;GO:0003678;GO:0010880;GO:0060411;GO:0003007;GO:0060429;GO:0007417;GO:0006338;GO:0062009;GO:0009617;GO:0060324;GO:0001974;GO:0030217
Q8D2Q6	GO:0006457;GO:0031072;GO:0051082;GO:0006260;GO:0009408;GO:0005737;GO:0008270;GO:0005524
B1YGP5	GO:0008360;GO:0009252;GO:0000902;GO:0009103;GO:0006048;GO:0003977;GO:0071555;GO:0005737;GO:0000287;GO:0009245;GO:0019134
O02466	GO:0043560;GO:0004714;GO:0046872;GO:0043548;GO:0046777;GO:0005524;GO:0016021;GO:0007169
O43861	GO:0006890;GO:0140326;GO:0005768;GO:0005802;GO:0005886;GO:0045332;GO:0005524;GO:0016021;GO:0000287;GO:0006897;GO:0048471
Q60BG5	
A1JS34	GO:0006412;GO:0016740;GO:0003735;GO:0019843;GO:0015934
A8MVS1	GO:0000977;GO:0000122;GO:0006357;GO:0046872;GO:0001227;GO:0000790;GO:0000981
Q6ZT62	GO:0019897;GO:0048365;GO:0051058;GO:0007165;GO:1990450;GO:0035020;GO:0032956;GO:0005829;GO:0043547;GO:0005096
O00743	GO:0004722;GO:0000082;GO:0048208;GO:0005739;GO:0000139;GO:0046872;GO:0005829;GO:0045087;GO:0006470
P51039	GO:0004108;GO:0005737;GO:0006099
Q8NCN2	GO:0000978;GO:0006357;GO:0001227;GO:0000790;GO:0000981;GO:0005654;GO:0046872
Q31RL0	GO:0006260;GO:0003677;GO:0006281;GO:0046872;GO:0003911
Q6P6U0	GO:0019901;GO:0014068;GO:0043306;GO:0007229;GO:0005102;GO:0045859;GO:0050764;GO:0015629;GO:0031234;GO:0008360;GO:0043552;GO:0018108;GO:0005886;GO:0034988;GO:0046777;GO:0005524;GO:0045088;GO:0005829;GO:0042127;GO:0032587;GO:0034987;GO:0038083;GO:0004715;GO:0004713;GO:0016235;GO:0007169;GO:0030154;GO:0030335;GO:0001784;GO:0050715;GO:0050830;GO:0005743;GO:0048705;GO:0005758;GO:0030282;GO:0045087;GO:0032815
Q91VN1	GO:0042802;GO:0003700;GO:0000978;GO:0006357;GO:0045892;GO:0005634;GO:0000981;GO:0042552;GO:0001228;GO:0005654;GO:0043565;GO:0046872;GO:0045944
Q67704	GO:0039694;GO:0006351;GO:0006396;GO:0003968;GO:0003724;GO:0008174;GO:0005524;GO:0046872;GO:0003723;GO:0051213
O42656	GO:0042147;GO:0034066;GO:0007264;GO:0017137;GO:0000139;GO:0006886;GO:1904515;GO:0017112;GO:0016021;GO:0005829
P31542	GO:0016887;GO:0009507;GO:0005524
Q9UK11	GO:0000978;GO:0006357;GO:0005634;GO:0000981;GO:0003677;GO:0046872
O75467	GO:0000082;GO:0000978;GO:0006357;GO:0005634;GO:0000981;GO:0008283;GO:0046872
Q05470	GO:0016491;GO:0006633;GO:0005737;GO:0017000;GO:0004315;GO:0031177
P51733	GO:0098025
A7FID4	GO:0002098;GO:0016765
A7IDU0	GO:0019380;GO:0008198;GO:0047070
Q02028	GO:0006457;GO:0051082;GO:0009570;GO:0005524
C3MMC3	GO:0051539;GO:0016830;GO:0009229;GO:0009228;GO:0008270
P53585	GO:0006101;GO:0006633;GO:0005524;GO:0046872;GO:0005829;GO:0006085;GO:0003878
P48967	GO:0051301;GO:0007283;GO:0005634;GO:0019901;GO:0004725;GO:0010971;GO:0050699;GO:0110032;GO:0005758;GO:0005737;GO:0016607;GO:0000086;GO:0048471;GO:0045931
P18645	GO:0042802;GO:0006012;GO:0003974;GO:0003978;GO:0019388;GO:0042803;GO:0005829;GO:0033499
Q8KTS0	GO:0042026;GO:0005737;GO:0051082;GO:0005524
Q8QZW3	GO:0016021
P49354	GO:0005965;GO:0090044;GO:0004662;GO:0005737;GO:0018343;GO:0007179;GO:0004663;GO:0005875;GO:0030548;GO:0018344;GO:0005886;GO:0005829;GO:0008017;GO:0004661;GO:0022400;GO:0004660;GO:0043014;GO:0045213;GO:0090045;GO:0030971;GO:0005953;GO:0071340
Q9CPL4	GO:0005509;GO:0042128;GO:0042597;GO:0005506;GO:0042279;GO:0020037
Q7N8Y3	GO:0006457;GO:0031072;GO:0051082;GO:0006260;GO:0009408;GO:0005737;GO:0008270;GO:0005524
P17176	GO:0020002;GO:0019064;GO:0044175;GO:0055036;GO:0019031;GO:0098670;GO:0016021
Q9KX40	GO:0016787;GO:0005737
Q90185	GO:0003678;GO:0046872;GO:0042025;GO:0006260;GO:0003677;GO:0005524;GO:0004519;GO:0039693
A7MJ69	GO:0003924;GO:0000103;GO:0070814;GO:0005524;GO:0005525;GO:0004781
Q38VD0	GO:0050567;GO:0005524;GO:0006412
A8AFB5	GO:0009380;GO:0009432;GO:0003677;GO:0006289;GO:0005737;GO:0009381
A1CYS1	GO:0006914;GO:0032120;GO:0030259;GO:0016906;GO:0016126;GO:0102205;GO:0102202;GO:0034045;GO:0102203;GO:0015031;GO:0005975
Q5DU37	GO:0005813;GO:0030496;GO:0032266;GO:0000281;GO:0000724;GO:0032465;GO:0005737;GO:0046872
O24160	GO:0005634;GO:0003700;GO:0006351;GO:0043565
Q9Y462	GO:0005634;GO:0046975;GO:0042800;GO:0043565;GO:0010845;GO:0046872;GO:0042054;GO:0045893;GO:0010468
A4QCP1	GO:0019288;GO:0016114;GO:0005524;GO:0050515
Q8YW74	GO:0006457;GO:0051082;GO:0005524
Q6MTZ2	GO:0006096;GO:0005576;GO:0009986;GO:0000015;GO:0004634;GO:0000287
B7NQW3	GO:0006146;GO:0000034
B4J3A3	GO:0043186;GO:0030718;GO:0000976;GO:0007283;GO:0045892;GO:0005634;GO:0060964;GO:0034587;GO:0005737;GO:0048477;GO:0007275;GO:0031047;GO:0051321;GO:0048471
Q6SW67	GO:0020002;GO:0019064;GO:0044175;GO:0055036;GO:0019031;GO:0098670;GO:0016021
P15124	GO:0006542;GO:0005737;GO:0005524;GO:0046872;GO:0004356
B9LMH0	GO:0030677;GO:0004526;GO:0005737;GO:0001682
P65834	GO:0003723;GO:0001522;GO:0006364;GO:0120159
A1TYE6	GO:0015940;GO:0005737;GO:0046872;GO:0003864
Q9W6V6	GO:0033138;GO:0005634;GO:0005737;GO:0005856;GO:0005794;GO:0042803;GO:0005783;GO:0050839;GO:0046982;GO:0030838;GO:0043406;GO:0016363;GO:0006359;GO:0051491;GO:0048666;GO:0005886;GO:0016607;GO:0005887;GO:0007157;GO:0043005;GO:0048471;GO:0007218;GO:0090316
C5CAM5	GO:0005737;GO:0004055;GO:0006526;GO:0005524
B5YF30	GO:0006096;GO:0005576;GO:0009986;GO:0000015;GO:0004634;GO:0000287
Q1DXR6	GO:0016042;GO:0004806;GO:0016021
Q9LRK8	GO:0005576
A0A0P0VI36	GO:0009058;GO:0006520;GO:0033855;GO:0030170
Q8Y5L0	GO:0006400;GO:0016879;GO:0000049;GO:0005737;GO:0005524
Q8KGE0	GO:0036070;GO:0036069;GO:0008171;GO:0032259;GO:0046872;GO:0008168
Q0S4S7	GO:0009039;GO:0005737;GO:0016151;GO:0043419
Q46I59	GO:0004642;GO:0005737;GO:0005524;GO:0006189;GO:0000287
Q8KJ24	GO:0042026;GO:0005737;GO:0051082;GO:0005524
B3EX63	GO:0005923;GO:0003774;GO:0016459
Q2RFP0	GO:0006351;GO:0003899;GO:0003677;GO:0008270;GO:0000287
Q9H3T2	GO:0045499;GO:0071526;GO:0030215;GO:0050919;GO:0048843;GO:0009986;GO:0005737;GO:0001755;GO:0030517;GO:0007411;GO:0005615;GO:0030335;GO:0005887
O27552	GO:0004823;GO:0006429;GO:0002161;GO:0005737;GO:0005524
Q21215	GO:0005813;GO:0008045;GO:0072344;GO:0005634;GO:0040038;GO:0001934;GO:0005737;GO:0030424;GO:0019899;GO:0044297;GO:0051304;GO:0043022;GO:0005829;GO:0005080;GO:0030334;GO:0005635;GO:0022627;GO:0050832;GO:0033365;GO:0030426;GO:0000281;GO:0000776;GO:0009792
A5VZ69	GO:0005737;GO:0030145;GO:0070006
E1BMN8	GO:0016055;GO:0046872;GO:0005634;GO:0005737;GO:0050821;GO:0005524;GO:0004707
Q6DK98	GO:0005819;GO:1900029;GO:0005815;GO:0005874;GO:0007399;GO:0032418;GO:0007100;GO:0005737;GO:0060052;GO:2000574
A8NAN2	GO:0005759;GO:0006526;GO:0103045;GO:0004358;GO:0004042
Q96KQ7	GO:0018027;GO:0005634;GO:0006275;GO:1990841;GO:0006306;GO:0005654;GO:0000122;GO:0016571;GO:0034968;GO:1901796;GO:0018024;GO:0046974;GO:0016607;GO:0016279;GO:0000790;GO:0070742;GO:0046976;GO:0001226;GO:0002039;GO:0070317;GO:0009267;GO:0008270
Q9PJV6	GO:0003924;GO:0003746;GO:0005737;GO:0005525
A4TJ67	GO:0004834
Q9U641	GO:0071949;GO:0016021
A4TH39	GO:0006094;GO:0006096;GO:0005737;GO:0004347
Q9UM73	GO:0042802;GO:0042981;GO:0007165;GO:0030534;GO:0097009;GO:0021766;GO:0045664;GO:0048666;GO:0050995;GO:0005886;GO:0046777;GO:0005524;GO:0036269;GO:0042127;GO:0005887;GO:0004704;GO:0070062;GO:0090648;GO:0004713;GO:0007275;GO:1900006;GO:0007169;GO:0060159;GO:0000187;GO:0004714;GO:0033674;GO:0016310;GO:0051092;GO:0032991;GO:0043235
Q9ZMW4	GO:0006457;GO:0051082;GO:0005524
Q9HI67	GO:0004329;GO:0035999;GO:0005524
Q49131	GO:0051539;GO:0055114;GO:0046872
P24279	GO:0005634;GO:0005654;GO:0005737;GO:0042555;GO:0000727;GO:1904931;GO:0006348;GO:1902975;GO:0005524;GO:0003697;GO:0003682;GO:0071162;GO:0006270;GO:0005656;GO:0031298;GO:0030466;GO:0006271;GO:0003678;GO:0000781;GO:0031261;GO:0006267;GO:0003688
Q88937	GO:0020002;GO:0003676;GO:0019013;GO:0016020;GO:0008270
A8FF87	GO:0051539;GO:0046429;GO:0019288;GO:0005506;GO:0016114
A8MYU2	GO:0005267;GO:0034765;GO:0035036;GO:0005886;GO:0016021;GO:0005244;GO:0022414
Q2RBR1	GO:0005634;GO:0018298;GO:0009882;GO:0005737;GO:0005886;GO:0005524;GO:0004674;GO:0006468
P17224	GO:0003677;GO:0009307;GO:0009035;GO:0005524
Q3ZX01	GO:0003677;GO:0006351;GO:0032549;GO:0003899
Q0P5A4	GO:0044206;GO:0044211;GO:0004849;GO:0016301;GO:0005524;GO:0005829
Q61087	GO:0035987;GO:0005576;GO:0005604;GO:0005201;GO:0070831;GO:0044877;GO:0009887;GO:0009888;GO:0016477;GO:0034446;GO:0043256;GO:0062023;GO:0050873;GO:0005610
Q9Z1X1	GO:0042802;GO:0005509;GO:0061817;GO:0006869;GO:0030176;GO:0035091;GO:0031234;GO:0008429;GO:0031227;GO:0005544;GO:0031210
Q9VLQ1	GO:0006493;GO:0005789;GO:0004581;GO:0040003;GO:0009953;GO:0006487;GO:0007509;GO:0019991;GO:0007379;GO:0005783;GO:0016021;GO:0010004;GO:0007029;GO:0007009
O95834	GO:0005819;GO:0008017;GO:0005874;GO:0031115;GO:0010968;GO:0005875;GO:0007601;GO:0007605;GO:0005737;GO:0008022;GO:0005102;GO:0015631;GO:0000226
Q88A48	GO:0008803
Q8CIM3	GO:0005739;GO:0010043;GO:0071949;GO:0044267;GO:0032025;GO:0051990;GO:0010042
Q68X33	GO:0016757
Q98I01	GO:0009380;GO:0016887;GO:0009432;GO:0003677;GO:0006289;GO:0005737;GO:0009381;GO:0005524
Q80UP3	GO:0046834;GO:0098978;GO:0005634;GO:0051966;GO:0046580;GO:0046486;GO:0090216;GO:0030027;GO:0031571;GO:0004143;GO:0001727;GO:0007205;GO:0005886;GO:0008022;GO:0016301;GO:0005524;GO:0016607;GO:0046339;GO:0005829;GO:0046872;GO:0035556;GO:0004857;GO:0014069;GO:0045930;GO:0003951;GO:0050860;GO:0006654
P38105	GO:0008868;GO:0008270
Q6MB26	GO:0006457;GO:0051082;GO:0005524
Q68A49	GO:0005576;GO:0042025
Q38SD2	GO:0004722;GO:0042802;GO:0050732;GO:0005739;GO:0036035;GO:0007165;GO:0050731;GO:0005737;GO:0043231;GO:0045453;GO:0005524;GO:0046872;GO:0005525;GO:0005829;GO:0004674;GO:0090263;GO:1902533
P17315	GO:0044718;GO:0031230;GO:0055072;GO:0016021;GO:0015344;GO:0042912;GO:0015343;GO:0009279
Q9WVL2	GO:0042802;GO:0000978;GO:0001932;GO:0042127;GO:0005634;GO:0045944;GO:0090140;GO:0001228;GO:0006952;GO:0005737;GO:0005886;GO:0007259;GO:0043434;GO:0051607;GO:0005829;GO:0060337;GO:0044389;GO:0019221
Q06696	GO:0045053;GO:0046872;GO:0000814;GO:0016236;GO:0043162;GO:0043328;GO:0032266;GO:0043130;GO:0032258;GO:1904669;GO:0000433;GO:0006623;GO:0031902
A0A3G1DJJ8	GO:0046912
O74198	GO:0016126;GO:0035690;GO:0032259;GO:0003838;GO:0006696;GO:0005886;GO:0005783
Q8X844	GO:0016787;GO:0097367;GO:1901135
Q5UXU0	GO:0006094;GO:0006096;GO:0005737;GO:0004347
Q50LG3	GO:0016491;GO:0009405;GO:0032259;GO:0016746;GO:0008168;GO:0031177
Q3SGS1	GO:0000287;GO:0000162;GO:0004048
Q31B49	GO:0009039;GO:0005737;GO:0016151;GO:0043419
Q6FLY9	GO:0005789;GO:0030433;GO:0016050;GO:0050185;GO:0006505;GO:0016021;GO:0034368;GO:0006621;GO:0015031;GO:0006888
B8D899	GO:0008233;GO:0016887;GO:0009376;GO:0043335;GO:0005524
Q9F2F9	GO:0016758;GO:0017000
Q9HD43	GO:0016324;GO:0006915;GO:0005001;GO:0004725;GO:0005737;GO:0031528;GO:0005887;GO:0045296;GO:0006470
A8AHA1	GO:0015420;GO:0016887;GO:0005886;GO:0005524
P29048	GO:0042025;GO:0005198;GO:0006260;GO:0016888;GO:0016032;GO:0003677;GO:0005524;GO:0046872;GO:0004386;GO:0016779
A1S2J2	GO:0006782;GO:0005737;GO:0004853
P24819	GO:0005198;GO:0046740;GO:0019028;GO:0044219
P0A657	GO:0046872
Q00548	GO:0016162;GO:0030245
C4LF63	GO:0009039;GO:0005737;GO:0016151;GO:0043419
P20456	GO:0046855;GO:0052834;GO:0031403;GO:0007165;GO:0006020;GO:0008934;GO:0006021;GO:0005737;GO:0030145;GO:0052833;GO:0000287;GO:0052832;GO:0046854
Q9SHL7	GO:0046872;GO:0000176;GO:0000178;GO:0000175;GO:0000177;GO:0006364;GO:0016075;GO:0004519;GO:0003723
Q5L8A7	GO:0003924;GO:0003746;GO:0005737;GO:0005525
Q54S40	GO:0031589;GO:0005085;GO:0050920;GO:0007264;GO:0007163;GO:0019934;GO:0031275;GO:0000166;GO:0051272;GO:0032060
Q5BK54	GO:0005576;GO:0045954;GO:0050868;GO:0002270;GO:0032703;GO:0004888;GO:0045590;GO:0042289;GO:0016021;GO:0007166;GO:0050776;GO:0002250;GO:0009897
Q6EQ60	GO:0042626;GO:0005524;GO:0016021
Q96M69	GO:0007283;GO:0035082;GO:0042995;GO:0004385;GO:0001669;GO:0030154;GO:0005524;GO:0002177;GO:0005829
Q8L7H4	GO:0003700;GO:0008289;GO:0005634;GO:0000981;GO:0003677
B1W5Q9	GO:0042744;GO:0004096;GO:0046872;GO:0006979;GO:0020037
Q8T0G4	GO:0030054;GO:0007165;GO:0008284;GO:0045179;GO:0005737;GO:0005886;GO:0032956;GO:0051056;GO:0043547;GO:0030833;GO:0005096;GO:0034260
Q9J942	GO:0039694;GO:0006351;GO:0006396;GO:0003968;GO:0003724;GO:0008174;GO:0005524;GO:0003723
A6WJH4	GO:0003676;GO:0005737;GO:0052914
Q9E6M8	GO:0042025;GO:0019033;GO:0030430;GO:0006355
A5G5S2	GO:0005525;GO:0005524
C3KCT2	GO:0003684;GO:0030983;GO:0005524;GO:0006298
B5VE42	GO:0005576;GO:0031225;GO:0071555;GO:0005886;GO:0005618
Q6AQ27	GO:0018339;GO:0051539;GO:0006400;GO:0005737;GO:0046872;GO:0103039
A5PJK1	GO:0016787;GO:0046872;GO:0016021
Q9WTS6	GO:0042802;GO:0048593;GO:0007165;GO:0048666;GO:0007156;GO:0016020;GO:0042803;GO:0050839;GO:0043005;GO:0046982;GO:1903385;GO:0030424;GO:0005887;GO:0007157;GO:0010976
O51897	GO:0005737;GO:0019547;GO:0004585;GO:0016597
Q8BZ21	GO:0016573;GO:0030099;GO:0042393;GO:0005634;GO:0035162;GO:0045893;GO:0006334;GO:0043966;GO:0016607;GO:0004402;GO:0005829;GO:0070776;GO:0016407;GO:0035909;GO:0010628;GO:0016605;GO:0003682;GO:0008134;GO:0060325;GO:0000790;GO:0005730;GO:0045944;GO:0090398;GO:0045892;GO:0006473;GO:0003007;GO:0035019;GO:0000786;GO:0003677;GO:0003713;GO:0003712;GO:0008270;GO:0043433
P41060	GO:0003676;GO:0004527
A5FRK5	GO:0003677;GO:0006351;GO:0032549;GO:0003899
D3ZSZ3	GO:0005634;GO:0005737;GO:0006355;GO:0004674;GO:0007179;GO:0006468;GO:0016055;GO:0046777;GO:0050821;GO:0005524;GO:0008134;GO:0004672;GO:0035556;GO:0031625;GO:0030178;GO:0042169;GO:0042501;GO:0018107;GO:0004707;GO:0000287;GO:0010468
A1UT20	GO:0030956;GO:0016787;GO:0050567;GO:0005524;GO:0006412
G5EEM5	GO:0005813;GO:0008017;GO:0030951;GO:0051298;GO:0005874;GO:0007017;GO:0046785;GO:0051301;GO:0000922;GO:0061863;GO:0072687;GO:0007052;GO:0005737;GO:0051231;GO:0000212;GO:0000776;GO:0007051;GO:0009792
P55802	GO:0005886
Q15744	GO:0042802;GO:0042742;GO:0000978;GO:0006909;GO:0071222;GO:1990837;GO:0000790;GO:0000981;GO:0005634;GO:0030851;GO:0044877;GO:0030225;GO:0042089;GO:0001228;GO:0006952;GO:0045944
Q756T2	GO:0005789;GO:0030246
P33643	GO:0009982;GO:0000455;GO:0120159;GO:0003723;GO:0005829;GO:0000027
Q8CF97	GO:0008234;GO:0016567;GO:0090168;GO:0004843;GO:0000278;GO:0005634;GO:0045202;GO:0016320;GO:0035871;GO:0016579;GO:0071108;GO:0007030;GO:1905634;GO:0005783;GO:0005795;GO:0006974
A7KAN4	GO:0006914;GO:0030259;GO:0016906;GO:0016126;GO:0102205;GO:0102202;GO:0034045;GO:0102203;GO:0015031;GO:0005975
P0AF52	GO:0005345;GO:0098710;GO:0015208;GO:0005886;GO:0016021;GO:0035344
Q8XVT6	GO:0055129;GO:0004350;GO:0005737;GO:0050661
A1WK56	GO:0006351;GO:0003899;GO:0003677;GO:0008270;GO:0000287
Q28MN1	GO:0008878;GO:0005524;GO:0005978
G3X9K3	GO:0090284;GO:0005802;GO:0005654;GO:0010256;GO:0005794;GO:0032012;GO:0016363;GO:0000139;GO:0034237;GO:0007030;GO:0017022;GO:0005829;GO:0005085;GO:0005730;GO:0030532;GO:2000114;GO:0090303;GO:0030837;GO:0005086;GO:0048471;GO:0034260;GO:0031175;GO:0051897;GO:0015031
A2CE01	GO:0009039;GO:0005737;GO:0016151;GO:0043419
A0QQ40	GO:0003677;GO:0005886;GO:0005524;GO:0016021
Q9LIN3	GO:0005634;GO:0009409;GO:0003729;GO:0003677;GO:0005737;GO:0000166;GO:0008270;GO:0005829
Q0UZR3	GO:0017108;GO:0005739;GO:0005634;GO:0006260;GO:0005730;GO:0043137;GO:1904162;GO:0003677;GO:0005654;GO:0005737;GO:0000287;GO:0048256;GO:0006284;GO:0008409
A6RPU8	GO:0003697;GO:0006351;GO:0003899;GO:0005666
A8I9X6	GO:0030956;GO:0016787;GO:0050567;GO:0005524;GO:0006412
Q9UBE8	GO:0005634;GO:0005654;GO:0005737;GO:0006355;GO:0004674;GO:0007179;GO:0006468;GO:0007223;GO:0046777;GO:0050821;GO:0005524;GO:0005829;GO:0008134;GO:0004672;GO:0035556;GO:0031625;GO:0030178;GO:0042169;GO:0042501;GO:0018107;GO:0004707;GO:0000287;GO:0010468
A5GMB9	GO:0006541;GO:0015420;GO:0009236;GO:0003824
B7K0L9	GO:0030170;GO:0008710;GO:0009102
Q6NIS1	GO:0005886
A8F2S3	GO:0004828;GO:0016260;GO:0097056;GO:0006434;GO:0005737;GO:0005524
P59268	GO:0018230;GO:0031228;GO:0005789;GO:0002178;GO:0019706;GO:0005794;GO:0006612;GO:0005783;GO:0016021;GO:0005829;GO:0016409;GO:0018345;GO:0043849
O65268	GO:0051604;GO:0005737;GO:0004298
C3NF46	GO:0005737;GO:0008270;GO:0050897;GO:0016811;GO:0042450;GO:0019878
B5RM75	GO:0006457;GO:0051082;GO:0005524
Q5U263	GO:0051864;GO:0003677;GO:0005654;GO:0048511;GO:0008270;GO:0042752
A2VDT6	GO:0003056;GO:1903140;GO:0001942;GO:0048733;GO:0071875;GO:0000139;GO:0019706;GO:0005886;GO:0005794;GO:0006612;GO:0005783;GO:0016021;GO:1904997;GO:0018230
B5YX72	GO:0006146;GO:0000034
Q5ZJL9	GO:0042802;GO:0090501;GO:0097197;GO:0032567;GO:0005634;GO:0005654;GO:0008832;GO:0005525;GO:0003723;GO:0016793;GO:0006974;GO:0110025;GO:0051289;GO:0000724;GO:0045088;GO:0003697;GO:0046061;GO:0006203;GO:0003676;GO:0051607;GO:0009264;GO:0016446;GO:0035861;GO:0008270;GO:0060339;GO:0045087
Q9CAN5	GO:0005739
G3XMC4	GO:0032259;GO:0008168;GO:0016746;GO:0031177
B6JAU5	GO:0000105;GO:0009086;GO:0004477;GO:0004488;GO:0006164;GO:0035999
Q88GQ0	GO:0042744;GO:0004096;GO:0046872;GO:0006979;GO:0020037
P10398	GO:0004672;GO:0033138;GO:0005739;GO:0032006;GO:0000165;GO:0032434;GO:0006464;GO:0043066;GO:0005524;GO:0046872;GO:0005829;GO:0004674
O35276	GO:0042802;GO:0048846;GO:0007507;GO:0021828;GO:0098978;GO:0001755;GO:0021612;GO:0030424;GO:0021675;GO:0001764;GO:0001525;GO:1904835;GO:0097490;GO:1901166;GO:0003148;GO:0097374;GO:0099055;GO:0005021;GO:0017154;GO:0008201;GO:1902285;GO:0097491;GO:0007411;GO:0061551;GO:0050919;GO:0099175;GO:0061549;GO:1903375;GO:1990830;GO:0036486;GO:0046872;GO:0021649
O88450	GO:0003700;GO:0005576;GO:0006357;GO:0033599;GO:0045892;GO:0001227;GO:0005634;GO:0001843;GO:0048706;GO:0090575;GO:0008542;GO:0005737;GO:0000122;GO:0001662;GO:0046872;GO:0000977;GO:0045893;GO:0045944
Q9HXM1	GO:0016787;GO:0046872
P02468	GO:0031594;GO:0005576;GO:0005604;GO:0005201;GO:0043083;GO:0065003;GO:0031012;GO:0007155;GO:0005606;GO:0009887;GO:0022617;GO:0009888;GO:0016477;GO:0043259;GO:0034446;GO:0031581;GO:0062023;GO:0043208;GO:0031175
O44750	GO:0006508;GO:0070006;GO:0005737;GO:0042803;GO:0008270
Q6PF04	GO:0003700;GO:0000978;GO:0006357;GO:0000790;GO:0046872
A4TJU6	GO:0008791;GO:0019545;GO:0019544
Q88894	GO:0005198;GO:0019028
Q13330	GO:0005634;GO:0007165;GO:0001103;GO:0005654;GO:0005737;GO:0000122;GO:1902499;GO:0010212;GO:0032922;GO:0000978;GO:0042826;GO:0043153;GO:0045475;GO:0005829;GO:0043231;GO:0003682;GO:0016581;GO:0016575;GO:0003714;GO:0005635;GO:0040029;GO:0005874;GO:0003713;GO:0043161;GO:0008270;GO:0006302
Q96JF6	GO:0000978;GO:0006357;GO:0005634;GO:0001228;GO:0005654;GO:0046872
B4TBG6	GO:0099619;GO:0046677;GO:0009103;GO:0099618;GO:0009245
P48212	GO:0042026;GO:0005737;GO:0051082;GO:0005524
C4XPD6	GO:0004152;GO:0004589;GO:0005737;GO:0044205;GO:0006207
P46676	GO:0000978;GO:0030435;GO:0001227;GO:0005634;GO:0110029;GO:0043565;GO:0000122;GO:0010944;GO:0003688;GO:0030466;GO:0032298
Q8CGM1	GO:0005813;GO:0004930;GO:0007189;GO:0007422;GO:0005886;GO:0033173;GO:0051965;GO:0007166;GO:0005887;GO:0016525;GO:0007186
O81983	GO:0097056;GO:0006434;GO:0005524;GO:0004828
Q1ZXA7	GO:0016021
B8ZSN5	GO:0019464;GO:0004375
Q9UAL5	GO:0006096;GO:0000287;GO:0000015;GO:0004634
Q97N32	GO:0003697;GO:0006260;GO:0009432;GO:0005737;GO:0006281;GO:0005524
Q2RV33	GO:0000287;GO:0004775;GO:0005524;GO:0006099
Q0ZM14	GO:0007015;GO:0005509;GO:0007628;GO:0032420;GO:0050973;GO:0002009;GO:0060013;GO:0007155;GO:0050910;GO:0007601;GO:0035264;GO:0007156;GO:0001750;GO:0005737;GO:0098793;GO:0098981;GO:1905515;GO:0060088;GO:0005887;GO:0001964
A3PJ80	GO:0047151;GO:0005737;GO:0030698;GO:0050660
A8F0D7	
Q76KA8	GO:0000049;GO:0005737;GO:0005524;GO:0004826;GO:0000287;GO:0006432
Q0BJ01	GO:0009073;GO:0005737;GO:0009423;GO:0000166;GO:0046872;GO:0003856
Q7VTK4	GO:0003723;GO:0005737;GO:0070039
A5PMY6	GO:0001570;GO:0046872;GO:0030246;GO:0031012;GO:0016021;GO:0030169;GO:0005615;GO:0005581;GO:0038187
Q03112	GO:0046329;GO:0005634;GO:0005654;GO:0042803;GO:0045893;GO:0000978;GO:0006357;GO:0046974;GO:0016607;GO:0005829;GO:0071425;GO:0070828;GO:0043069;GO:0030154;GO:0003700;GO:0045892;GO:0006915;GO:0001228;GO:0003677;GO:0051726;GO:0046872
Q10D00	GO:0003678;GO:0009736;GO:0009555;GO:0009651;GO:0045025;GO:0005634;GO:1902584;GO:0016887;GO:0042645;GO:0009740;GO:0009561;GO:0080038;GO:0003724;GO:0009939;GO:1901002;GO:0005524;GO:0000965;GO:0010929;GO:0006401;GO:0009734
Q1KLR6	GO:0055037;GO:0004190;GO:0005769;GO:0005768;GO:0006508;GO:0030424;GO:0005802;GO:0005764;GO:0004175;GO:0045121;GO:0009986;GO:0005886;GO:0005794;GO:0030425;GO:0005783;GO:0016021;GO:0030659;GO:0050435;GO:0005770
O59942	GO:0022857;GO:0016021;GO:0006865
Q9AIU3	GO:0003677;GO:0006351;GO:0032549;GO:0003899
P79303	GO:0003983;GO:0046872;GO:0005737;GO:0005977;GO:0005978;GO:0006011
B0U172	GO:0009380;GO:0009432;GO:0003677;GO:0006289;GO:0005737;GO:0009381
Q04EU0	GO:0005524;GO:0009236;GO:0004639;GO:0006189
Q0UN56	GO:0000466;GO:0000463;GO:0043021;GO:0005654;GO:0030687;GO:0070545
Q81J47	GO:0003677;GO:0006351;GO:0008270;GO:0003899;GO:0000287
Q39Z65	GO:0033362;GO:0010285;GO:0030170
A0RJ87	GO:0034605;GO:0004176;GO:0043565;GO:0005737;GO:0005524;GO:0006515;GO:0004252
Q1HKZ5	GO:0042802;GO:0045773;GO:0004672;GO:0046872;GO:0018105;GO:0014042;GO:0106137;GO:0007256;GO:1905492;GO:0005737;GO:0042803;GO:0004674;GO:0006468;GO:0019899;GO:0150012;GO:0007257;GO:0004709;GO:0007254;GO:0016020;GO:0046777;GO:0051092;GO:0005524;GO:0004706;GO:0000186
A6RW79	GO:0003676;GO:0005634;GO:0006397;GO:0003724;GO:0008380;GO:0005524
P53714	GO:0038023;GO:0006909;GO:0005925;GO:0033627;GO:0005178;GO:0007160;GO:0050766;GO:1904996;GO:0001540;GO:0008305;GO:0007229;GO:0016020;GO:0016477;GO:0046872;GO:0071404;GO:0031623
C4L405	GO:0006281;GO:0006310
Q4P328	GO:0003678;GO:0042393;GO:0016887;GO:0016458;GO:0006338;GO:0043486;GO:0003677;GO:0043044;GO:0005524;GO:0000812
P34220	GO:0046872;GO:0008296;GO:0016888;GO:0005737;GO:0034599;GO:0004519;GO:0006309
Q892R0	GO:0006457;GO:0051082;GO:0005524
O86436	GO:0005737;GO:0030145;GO:0070006
Q74ZV8	GO:0043486;GO:0005737;GO:0005856;GO:0000812;GO:0031491;GO:0034399
Q92674	GO:0007548;GO:0005654;GO:0016604;GO:0034080;GO:0000776;GO:0005829
Q6UDK7	GO:0042025;GO:0019076;GO:0075732;GO:0019072;GO:0046718;GO:0019028
B0R8E4	GO:0005576;GO:0030115;GO:0071555;GO:0005886;GO:0016021;GO:0005618
A0B7C2	GO:0002161;GO:0005737;GO:0004832;GO:0005524;GO:0006438
Q9T0I6	GO:0070122;GO:0030619;GO:0009506;GO:0008237;GO:0030620;GO:0003729;GO:0071013;GO:0005886;GO:0017070;GO:0097157;GO:0005682;GO:0005829;GO:0000244;GO:0030623
P51252	GO:0006351;GO:0003899;GO:0032549;GO:0003677;GO:0009507
Q6MY57	GO:0000932;GO:0004672;GO:0006397;GO:0090503;GO:0003723;GO:0031251;GO:0005524;GO:0046872;GO:0000290;GO:0010606;GO:0000289
Q7S873	GO:0005634;GO:0000463;GO:0005730;GO:0003724;GO:0005524;GO:0003723;GO:0042254
P07744	GO:0030855;GO:0045111;GO:0009986;GO:0007010;GO:0050680;GO:0045095
A4SV44	GO:0006782;GO:0050661;GO:0008883
Q6P9A3	GO:0000978;GO:0006357;GO:0046872;GO:0005634;GO:0000981
P59769	GO:0016787;GO:0006986;GO:0005788;GO:0005524
B4EB34	GO:0008712;GO:0050661;GO:0097171;GO:0005975
Q8ET99	GO:0006428;GO:0004822;GO:0002161;GO:0000049;GO:0005737;GO:0005524;GO:0008270
Q81EP4	GO:0005737;GO:0006096;GO:0004459
Q9UTM2	GO:0005759;GO:0005507;GO:0005739;GO:0033617;GO:0032259;GO:0005763;GO:0031304;GO:0016021;GO:0008168;GO:0032543
Q8IJN7	GO:0000045;GO:0006096;GO:0006351;GO:0005634;GO:0009986;GO:0005737;GO:0000015;GO:0005856;GO:0005886;GO:0004634;GO:0002253;GO:0032889;GO:0000287;GO:0020020
B0TX10	GO:0003677;GO:0006351;GO:0032549;GO:0003899
P0DTV1	GO:0008289;GO:0008203;GO:0034364;GO:0006869;GO:0042157
D3ZUE1	GO:0060296;GO:0008017;GO:0042995;GO:0005874;GO:0008093;GO:0001965;GO:0005737;GO:0005884;GO:0005886;GO:0007026;GO:0045745;GO:0001578;GO:0051015;GO:1904825;GO:0051764;GO:0031110;GO:0000226
B1JB25	GO:0003684;GO:0030983;GO:0005524;GO:0006298
Q5ZKG3	GO:0017116;GO:0071932;GO:0005634;GO:0005654;GO:0005737;GO:0003723;GO:0006284;GO:0000784;GO:0051539;GO:0017108;GO:0006260;GO:0043139;GO:0006264;GO:0005524;GO:0043504;GO:0000729;GO:0004518;GO:0045740;GO:1902990;GO:0043137;GO:0005760;GO:0003678;GO:0000076;GO:0042645;GO:0003677;GO:0046872;GO:0033567;GO:0016890
A4SCK0	GO:0000049;GO:0005737;GO:0005524;GO:0004826;GO:0000287;GO:0006432
Q8CY22	GO:0042026;GO:0005737;GO:0051082;GO:0005524
Q08716	GO:0009039;GO:0005737;GO:0016151;GO:0043419
Q2T9N1	
Q86ZU7	GO:0005507;GO:0005739;GO:0033617;GO:0032259;GO:0005763;GO:0031304;GO:0016021;GO:0008168;GO:0032543
Q13US7	GO:0042744;GO:0004096;GO:0046872;GO:0006979;GO:0020037
B4S4H1	GO:0005737;GO:0006427;GO:0004821;GO:0005524
O36433	GO:0042025;GO:0005198;GO:0075732;GO:0019013;GO:0003723;GO:0046718;GO:0019029
P38990	GO:0004672;GO:0090329;GO:0005634;GO:0005979;GO:0018107;GO:0035556;GO:0005737;GO:0005524;GO:1900180;GO:0005829;GO:0004674;GO:0006468;GO:2000220
Q39PT7	GO:0006457;GO:0051082;GO:0005524
P57551	GO:0008559;GO:0016887;GO:0005886;GO:0005524;GO:0016021
B5ZV40	GO:0004823;GO:0006429;GO:0002161;GO:0005737;GO:0005524
O56045	GO:0003723;GO:0046740;GO:0044219;GO:0000166
Q5ZIP4	GO:0042802;GO:0004534;GO:0007283;GO:0005634;GO:0006397;GO:0005730;GO:0000738;GO:0001147;GO:0005654;GO:0016235;GO:0046872;GO:0003723;GO:0000956;GO:0006353;GO:0008409
Q02975	GO:0003700;GO:0000978;GO:0001666;GO:0006357;GO:0005634;GO:0000981;GO:0005730;GO:0051593;GO:0005654;GO:0000122;GO:0007576;GO:0001822;GO:0046872;GO:0005829
C1CNF8	GO:0006072;GO:0019563;GO:0006071;GO:0005524;GO:0004370
A6VFI6	GO:0003922;GO:0005524;GO:0016462
Q8CJ19	GO:0005819;GO:0046872;GO:0051301;GO:0003779;GO:0007049;GO:0017137;GO:0005634;GO:0042995;GO:0090543;GO:0055114;GO:0006887;GO:0030042;GO:0005654;GO:0005938;GO:0045171;GO:0005886;GO:0071949;GO:0007010;GO:0005829;GO:0016709
Q54C32	GO:0005576
Q4PCV8	GO:0005634;GO:0006397;GO:0031123;GO:0003729;GO:0005737
Q12645	GO:0004497;GO:0016705;GO:0005506;GO:0020037
A2RUW0	GO:0016021
Q91MX5	GO:0004652;GO:0006397;GO:0005524
Q94AP0	GO:0010136;GO:0000256;GO:0006995;GO:0005737;GO:0004038;GO:0005783;GO:0008270;GO:0050897;GO:0006145
Q5R4H6	GO:0004222;GO:0046872
O35161	GO:0001736;GO:0001942;GO:0001843;GO:0007266;GO:0004930;GO:0005654;GO:0007156;GO:0032956;GO:0060488;GO:0042060;GO:0090179;GO:0001764;GO:0098609;GO:0005886;GO:0016020;GO:0016021;GO:0060490;GO:0060489;GO:0048105;GO:0005509;GO:0042472;GO:0009952;GO:0090251;GO:0042249;GO:0045176;GO:0007626
B1JDY5	GO:0005737;GO:0002949;GO:0005506;GO:0061711
Q66FU7	GO:0042597;GO:0055085
A4WVN6	GO:0005525;GO:0005524
Q732I1	GO:0004151;GO:0044205;GO:0008270
Q4K502	GO:0000287;GO:0000162;GO:0004048
Q032H8	GO:0006096;GO:0005576;GO:0009986;GO:0000015;GO:0004634;GO:0000287
A9B5C4	GO:0050567;GO:0005524;GO:0006412
Q2P4Y6	GO:0018189
B8DFS4	GO:0003684;GO:0030983;GO:0005524;GO:0006298
Q948L0	GO:0005985;GO:0008506;GO:0016020;GO:0005886;GO:0016021
P10275	GO:0001085;GO:0043410;GO:0001225;GO:0007283;GO:0033327;GO:0005634;GO:0000981;GO:0048638;GO:0003382;GO:0007165;GO:0008285;GO:0030518;GO:0008584;GO:0005654;GO:0030520;GO:0001701;GO:0000122;GO:0005737;GO:0005102;GO:0045726;GO:0008013;GO:0051117;GO:0060736;GO:0060740;GO:0060748;GO:0019899;GO:0045893;GO:0000978;GO:0006357;GO:0045597;GO:0060742;GO:0007338;GO:0019102;GO:0035264;GO:0007267;GO:0005886;GO:0001091;GO:0016607;GO:0005829;GO:0004879;GO:0010628;GO:0003682;GO:0008134;GO:0000976;GO:1903076;GO:0000790;GO:0060571;GO:0071394;GO:0008284;GO:0030522;GO:0045945;GO:0016579;GO:0043568;GO:0048808;GO:0071383;GO:0060769;GO:0030521;GO:0005497;GO:0048645;GO:0045944;GO:0050680;GO:0003700;GO:0042327;GO:0072520;GO:0071391;GO:0070974;GO:0001228;GO:0060599;GO:2001237;GO:0045720;GO:0033148;GO:0051092;GO:0008270;GO:0060520;GO:0032991;GO:0003073;GO:0006367;GO:0060749;GO:0005496
B1MC91	GO:0005525;GO:0005524
A6V0T8	GO:0008616;GO:0016740;GO:0005737;GO:0016853
Q95K79	GO:0016300;GO:0030488;GO:0005634;GO:0055114;GO:0000049;GO:0002098;GO:0005506;GO:0008270;GO:0005829;GO:0016706;GO:0006974
C0HL12	GO:0048167;GO:0030165;GO:0098978;GO:0004930;GO:0042177;GO:1901741;GO:0005925;GO:0006911;GO:0043652;GO:0001891;GO:0007189;GO:0005886;GO:0001530;GO:0030425;GO:0006910;GO:0007166;GO:0005887;GO:0043197;GO:0004888;GO:0001786;GO:0007517;GO:0043277;GO:0014069;GO:0048471;GO:0016525;GO:0010596;GO:0007399;GO:0050829;GO:0051963;GO:1903428;GO:0005615;GO:0051965;GO:0045087;GO:0031397
Q8EGG9	GO:0070402;GO:0030604;GO:0030145;GO:0051484
Q6PLR4	GO:0020002;GO:0044172;GO:0044163;GO:0039624;GO:0044168;GO:0016020;GO:0099008;GO:0039665;GO:0019062
O70305	GO:0040015;GO:0021702;GO:0033962;GO:0010494;GO:0048872;GO:0005154;GO:0005802;GO:0034063;GO:0050905;GO:0010603;GO:0005737;GO:0048812;GO:0005794;GO:0008022;GO:1990904;GO:0003723;GO:0005829;GO:0002091;GO:0048471;GO:0005844
B2GKS3	GO:0051539;GO:0046429;GO:0019288;GO:0005506;GO:0016114
O75179	GO:1900246;GO:0042742;GO:0003682;GO:1900087;GO:0051151;GO:1900245;GO:0005634;GO:0006275;GO:0016032;GO:0045787;GO:0005654;GO:0031965;GO:0005737;GO:0016020;GO:0001955;GO:0000785;GO:0043123;GO:0003723;GO:0045087
P07393	GO:0003968;GO:0039694;GO:0000166
Q9C5U1	GO:0042742;GO:0043424;GO:0034757;GO:0005634;GO:0009409;GO:0010271;GO:0071329;GO:0009909;GO:0009884;GO:0009414;GO:0048831;GO:0005886;GO:0000155;GO:0016021;GO:0016036;GO:0010029;GO:0005789;GO:0010087;GO:0080117;GO:0006470;GO:0070417;GO:0009736;GO:0071215;GO:0009651;GO:0004673;GO:0048509;GO:0010150;GO:0006970;GO:0009116
P78595	GO:0016887;GO:0035690;GO:0090556;GO:0140341;GO:0005886;GO:0016020;GO:0042626;GO:0005524;GO:0016021;GO:0090554;GO:1990961;GO:1903561
F1LSG8	GO:0055037;GO:0015031;GO:0016020;GO:1990745;GO:0005829;GO:0000149;GO:0048471;GO:0032456
Q5R5M1	GO:0006366;GO:0000978;GO:1990226;GO:0001228;GO:0032259;GO:0005737;GO:0035097;GO:0046872;GO:0008168
P05080	GO:0039694;GO:0006351;GO:0006396;GO:0003968;GO:0003724;GO:0008174;GO:0005524;GO:0003723
W0FKI0	GO:0004497;GO:0016705;GO:0005506;GO:0016021;GO:0020037
P01029	GO:0005576;GO:0001848;GO:0030246;GO:0006954;GO:0016064;GO:0044216;GO:0043025;GO:0004866;GO:0001849;GO:0030425;GO:0045087;GO:0005615;GO:0006958;GO:0006956;GO:0030424;GO:0045202
E2RK09	GO:0006511;GO:0000082;GO:0051301;GO:0004843;GO:0005634;GO:0006275;GO:0019901;GO:0004197;GO:0035871;GO:0016579;GO:0071108;GO:0005829
Q12363	GO:0051457;GO:0005634;GO:0031939;GO:0003714;GO:0061186;GO:0006606;GO:0005737;GO:0010674;GO:0045944
Q6CXN5	GO:0004674;GO:0005524
C0NIT8	GO:0071630;GO:0005634;GO:0031144;GO:0005737;GO:0015031
D4ACE5	GO:0060173;GO:0001736;GO:0043587;GO:0045880;GO:0005737;GO:0031514;GO:0021915;GO:0008589;GO:0042733;GO:0030216;GO:0060021;GO:0016192;GO:0009986;GO:1905515;GO:0030278;GO:0051782;GO:0010839;GO:0021513;GO:0060271;GO:0036064;GO:0031069;GO:0007399;GO:0044458
Q3ZZN3	GO:0009073;GO:0019632;GO:0009423;GO:0050661;GO:0004764
Q89A29	GO:0004049;GO:0000162;GO:0046872
Q0KCD1	GO:0050661;GO:0004324;GO:0050660
Q8C152	GO:0048255;GO:1990817
O75290	GO:0000978;GO:0006357;GO:0046872;GO:0005634;GO:0000981
C5BDB7	GO:0004834
Q48NT9	GO:0008803
O88370	GO:0010506;GO:0042802;GO:2000786;GO:0016020;GO:0005776;GO:0006661;GO:0005783;GO:0005524;GO:0016308;GO:0016309
B7ID58	GO:0030170;GO:0008710;GO:0009102;GO:0008890
Q6CZ31	GO:0042597;GO:0055085
Q5HQX6	GO:0065002;GO:0006605;GO:0005737;GO:0005886;GO:0017038;GO:0005524;GO:0046872
A8AKQ2	GO:0003887;GO:0005737;GO:0006281;GO:0000287;GO:0003684;GO:0006261
Q5ZLR2	GO:0003700;GO:0000978;GO:0006357;GO:0019904;GO:0001227;GO:0000790;GO:0008270;GO:0032991
Q8IY21	GO:1900246;GO:1900245;GO:0003725;GO:0045111;GO:0009615;GO:0003727;GO:0003724;GO:0005737;GO:0005524;GO:0051607;GO:0005829;GO:0045087;GO:0003690
Q5UQS7	
Q60750	GO:0019901;GO:0006469;GO:0051496;GO:0001525;GO:0043087;GO:0018108;GO:0046777;GO:0034446;GO:0005524;GO:0007166;GO:0005887;GO:0004672;GO:0005005;GO:0008284;GO:0030336;GO:0007275;GO:0007411;GO:0043005;GO:0007169;GO:0030335;GO:0004714;GO:0033674;GO:0090630;GO:0001954;GO:0043235;GO:0045766
Q46124	GO:0003677;GO:0006351;GO:0032549;GO:0003899
Q9BR76	GO:0042802;GO:0034316;GO:0034315;GO:0005737;GO:0030027;GO:0045296;GO:0042060;GO:0005925;GO:0031529;GO:0005886;GO:0030036;GO:0036120;GO:0005829;GO:0071933;GO:0007015;GO:0070062;GO:1902463;GO:0071944;GO:0051017;GO:0090135;GO:0048471;GO:0035767;GO:0071672;GO:0001725;GO:0005884;GO:0016477;GO:2000394;GO:0051015;GO:0031252
O94822	GO:0072344;GO:0043023;GO:0061630;GO:0043161;GO:0008270;GO:0005829;GO:0051865;GO:1990116;GO:1990112
P40645	GO:0001217;GO:0030218;GO:0048708;GO:0001502;GO:0005634;GO:0021778;GO:0016458;GO:2000741;GO:0030097;GO:0005654;GO:0001701;GO:0000122;GO:0071560;GO:0006355;GO:0045893;GO:0045165;GO:0000978;GO:0051216;GO:2000726;GO:0000976;GO:0000902;GO:0001227;GO:0061036;GO:0005667;GO:0021529;GO:0043565;GO:0000987;GO:0048821;GO:0055007;GO:0045944;GO:0048709;GO:0003700;GO:0032332;GO:0045892;GO:0002062;GO:0007417;GO:0003677;GO:0009791;GO:0042692;GO:0010468
Q0TNZ8	GO:0009002;GO:0008360;GO:0009252;GO:0046677;GO:0008955;GO:0016021;GO:0071555;GO:0005886;GO:0008658
Q86286	
Q19020	GO:0051296;GO:0048814;GO:0005819;GO:0031122;GO:0048489;GO:0000922;GO:0007097;GO:1904811;GO:0072382;GO:0005737;GO:0005868;GO:0051959;GO:0051932;GO:0045202;GO:1904115;GO:0030286;GO:0008090;GO:0051661;GO:0005524;GO:0005881;GO:0045505;GO:1990048;GO:0051293;GO:0005635;GO:0007018;GO:0016322;GO:1902473;GO:0000278;GO:0005938;GO:0000776;GO:0008569
O64306	GO:0019012;GO:0019835;GO:0098671;GO:0039666;GO:0003723;GO:0046718
Q7Z1K7	GO:0005576;GO:0090729;GO:0006952;GO:0009405;GO:0019871
Q7Z398	GO:0006357;GO:0001227;GO:0000790;GO:0000981;GO:0000122;GO:0046872;GO:0000977
O25443	GO:0030488;GO:0036265;GO:0008176;GO:0043527
A6QLF8	GO:0005769;GO:0021542;GO:1904115;GO:0036477;GO:0008090;GO:0097106;GO:0051388;GO:0097484;GO:0098815;GO:0030425;GO:0010008;GO:0016021;GO:0014069;GO:0031175;GO:0030424;GO:1990416;GO:0006898
P55067	GO:0001501;GO:0005509;GO:0072534;GO:0030246;GO:0007417;GO:0007155;GO:0031012;GO:0051823;GO:0005886;GO:0005540;GO:0045202
A6R9U4	GO:0005730;GO:0003724;GO:0006364;GO:0005524;GO:0003723
Q038C7	GO:0000049;GO:0005737;GO:0005524;GO:0004826;GO:0000287;GO:0006432
A4YNQ7	GO:0042132;GO:0000287;GO:0005737;GO:0019253
P35547	GO:0006325;GO:0003700;GO:0005819;GO:0005815;GO:0005739;GO:0005634;GO:0071385;GO:1990239;GO:0004883;GO:0043565;GO:0005737;GO:0016607;GO:0008270;GO:0071383;GO:0045944;GO:0004879;GO:0005496
Q608M4	GO:0003924;GO:0003746;GO:0043022;GO:0005886;GO:0045727;GO:0005525
Q1XDP7	GO:0016226;GO:0009507
Q5FRT2	GO:0055129;GO:0004350;GO:0005737;GO:0050661
E2QWQ2	GO:0008134;GO:0016055;GO:0042169;GO:0005634;GO:0006355;GO:0042501;GO:0018107;GO:0035556;GO:0005737;GO:0046777;GO:0050821;GO:0005524;GO:0004707;GO:0000287;GO:0031625;GO:0007179;GO:0030178;GO:0010468
Q14376	GO:0042802;GO:0003974;GO:0003978;GO:0019388;GO:0042803;GO:0005829;GO:0033499
Q9BQG1	GO:0005509;GO:0005768;GO:0017158;GO:0019905;GO:0016192;GO:0070382;GO:0071277;GO:1903861;GO:0048791;GO:0030276;GO:0001786;GO:0030658;GO:0098793;GO:0005886;GO:0016021;GO:0000149;GO:0017156;GO:0005544;GO:0014059
B7V6T4	GO:0003677;GO:0004386;GO:0005524;GO:0006355
Q5VZ89	GO:0031410;GO:0032869;GO:0032593;GO:0032483;GO:0030904;GO:0005886;GO:0005794;GO:0017112;GO:0043231;GO:0005829;GO:0030659;GO:0072659;GO:0015031
A6QTX7	GO:0006914;GO:0010008;GO:0005774;GO:0034045;GO:0015031
Q8L397	GO:0006457;GO:0031072;GO:0051082;GO:0006260;GO:0009408;GO:0005737;GO:0008270;GO:0005524
A8ALC0	GO:0003746;GO:0005737
B0BNK8	GO:0048255;GO:1990817
Q492E9	GO:0009039;GO:0005737;GO:0016151;GO:0043419
O50821	GO:0006146;GO:0000034
B4SJ70	GO:0002161;GO:0005737;GO:0004832;GO:0005524;GO:0006438
B2URT8	GO:0006457;GO:0051082;GO:0005524
A5USR7	GO:0003677;GO:0006351;GO:0032549;GO:0003899
Q9JVW5	GO:0009073;GO:0005737;GO:0009423;GO:0000166;GO:0046872;GO:0003856
P40450	GO:0005522;GO:0005935;GO:2000251;GO:0003779;GO:1903475;GO:0045010;GO:0051017;GO:0017048;GO:0043332;GO:0070649;GO:0032153;GO:0051016
B1MX70	GO:0050661;GO:0004324;GO:0050660
Q69K07	GO:0003723;GO:0000455;GO:0009982;GO:0005739
P39655	GO:2001306;GO:1901751;GO:0043066;GO:0005737;GO:0048661;GO:2001303;GO:0019369;GO:0061436;GO:0010942;GO:0071396;GO:0019395;GO:0043065;GO:0016165;GO:0050473;GO:0051122;GO:0097755;GO:0005886;GO:0016020;GO:0034440;GO:0005829;GO:0010628;GO:0016702;GO:0006629;GO:0090331;GO:0051901;GO:0043651;GO:0007568;GO:0019372;GO:1905956;GO:0042383;GO:0043280;GO:0043536;GO:0033559;GO:0010656;GO:0004052;GO:0047977;GO:0005506
Q493E1	GO:0003676;GO:0006430;GO:0005737;GO:0004824;GO:0005524;GO:0000287
A6UC35	GO:0009039;GO:0005737;GO:0016151;GO:0043419
D4GP29	GO:0005576;GO:0016491
A6H712	GO:0005198;GO:0005882
C5D4F4	GO:0042026;GO:0005737;GO:0051082;GO:0005524
A5W816	GO:0003684;GO:0030983;GO:0005524;GO:0006298
B5FNT9	GO:0099619;GO:0046677;GO:0009103;GO:0099618;GO:0009245
Q873A1	GO:0005789;GO:0090110;GO:0000139;GO:0030127;GO:0006886;GO:0070971;GO:0090114;GO:0005198;GO:0006888;GO:0007029
A1SU39	GO:0051539;GO:0046429;GO:0019288;GO:0005506;GO:0016114
Q3Z6A1	GO:0050567;GO:0005524;GO:0006412
B7HTY6	GO:0006094;GO:0006096;GO:0005737;GO:0004347
Q97EW5	GO:0005737;GO:0004825;GO:0005524;GO:0046872;GO:0006431;GO:0000049
Q8RXL8	GO:0015790;GO:0005768;GO:0022857;GO:0005802;GO:0005464;GO:0000139;GO:0005338;GO:0005794;GO:0015297;GO:0016021;GO:0008643
Q7TUK9	GO:0005524;GO:0004363;GO:0046872
P04506	GO:0019028;GO:0007155;GO:0039624;GO:0046718;GO:0019062
Q6FK23	GO:0042802;GO:0045117;GO:0008559;GO:0016887;GO:0035690;GO:0005886;GO:0005524;GO:0016021;GO:0030003;GO:1990961
Q9Y2G1	GO:0042802;GO:0003700;GO:0008233;GO:0022010;GO:0032286;GO:0005634;GO:0000981;GO:0005789;GO:0003677;GO:0005654;GO:0014003;GO:0043565;GO:0005794;GO:0016021;GO:0005829;GO:0045893;GO:0031643;GO:0016540;GO:0048709
P03524	GO:0019031;GO:0055036;GO:0016021
B0KQK8	GO:0005737;GO:0030145;GO:0070006
Q9HYT6	GO:0003677;GO:0004386;GO:0005524;GO:0006355
Q5X5A8	GO:0003723;GO:0051539;GO:0070041;GO:0005506
Q9CXB8	GO:0009617;GO:0005524;GO:0043123;GO:0045087;GO:0005829;GO:0004674;GO:0048029;GO:0002753
A1KS84	GO:0009073;GO:0005737;GO:0009423;GO:0000166;GO:0046872;GO:0003856
Q6BP03	GO:0005634;GO:0005829;GO:0106143;GO:0008176
A7HUC7	GO:0016773;GO:0033785;GO:0097171;GO:0033786;GO:0005524
Q9RE01	GO:0006223;GO:0044206;GO:0004845;GO:0005525;GO:0000287;GO:0009116
Q3ZBK7	GO:0042802;GO:0005813;GO:0005730;GO:0006406;GO:0044614;GO:0016973;GO:0005737;GO:0031965;GO:0036064;GO:0006449;GO:0000822;GO:0005814;GO:0031369;GO:0005829;GO:0006446;GO:0005543
Q2U9G3	GO:0051539;GO:0005739;GO:0046872;GO:0004409;GO:0019878
Q28S09	GO:0042744;GO:0004096;GO:0046872;GO:0006979;GO:0020037
Q5X5L8	GO:0005737;GO:0004823;GO:0005524;GO:0006429;GO:0002161
Q6CU55	GO:0042802;GO:0051010;GO:0051301;GO:1903033;GO:0005634;GO:2000582;GO:0000922;GO:0005875;GO:0070840;GO:0000132;GO:0030473;GO:0005881;GO:0051012
P26506	GO:0065003;GO:0009399;GO:0016163
X5JB51	GO:0070062;GO:0009506;GO:0006893;GO:0000145;GO:0006887;GO:0005886;GO:0016020;GO:0005829;GO:0060321
P52034	GO:0006007;GO:0042802;GO:0006096;GO:0009744;GO:0070095;GO:0051289;GO:0005945;GO:0016208;GO:0061621;GO:0006002;GO:0005524;GO:0046872;GO:0003872;GO:0048029;GO:0030388;GO:0042593
Q9P2P6	GO:0003777;GO:0008017;GO:0008289;GO:0051225;GO:0005634;GO:0005737;GO:0005524;GO:0005814;GO:0007018
Q7VWC1	GO:0004751;GO:0009052
P74297	GO:0004674;GO:0005524
Q9QJ11	GO:0044166;GO:0046718;GO:0098670;GO:0019031
Q74IT6	GO:0006457;GO:0051082;GO:0005524
Q69JW3	GO:0005985;GO:0042950;GO:0042951;GO:0008506;GO:0005364;GO:0015768;GO:0016020;GO:0015770;GO:0005887
Q7VPP0	GO:0046961;GO:0045261;GO:0005886;GO:0005524;GO:0046933
Q8C456	GO:0043587;GO:0007224;GO:0048568;GO:0042733;GO:0060021;GO:0051893;GO:0060541;GO:0043010;GO:0044782;GO:0072359;GO:0032880;GO:0005886;GO:0005930;GO:0001822;GO:2000114;GO:0060271;GO:0097541;GO:0090521;GO:1900027;GO:0010762;GO:0007399;GO:0045184;GO:0055123;GO:0002093;GO:0016476;GO:0032185
Q9LZJ5	GO:0000325;GO:0008559;GO:0016887;GO:0055085;GO:0016020;GO:0005794;GO:0005774;GO:0005524;GO:0016021;GO:0042626;GO:0005829;GO:0005773
P98106	GO:1903238;GO:0005509;GO:0048306;GO:0033691;GO:0050900;GO:0008201;GO:0006954;GO:0032496;GO:0045785;GO:0014068;GO:0014070;GO:0050901;GO:0035584;GO:0016339;GO:0070492;GO:0009897;GO:0002687;GO:0033623;GO:0098609;GO:0042806;GO:0002691;GO:0001530;GO:0016020;GO:0031092;GO:0007159;GO:0010572;GO:0005615;GO:0005887;GO:0007157
Q8Z1Z3	GO:0009016;GO:0030170;GO:0006526;GO:0005737;GO:0009089;GO:0003992
O30973	GO:0019430;GO:0005737;GO:0004791
Q8CJP7	GO:0016744;GO:0052865;GO:0009228;GO:0008661;GO:0019288;GO:0030976;GO:0000287;GO:0016114;GO:0005829
P27762	GO:0045490;GO:0046872;GO:0030570
B7NNU3	GO:0070205;GO:0009234
Q9H4D5	GO:0005634;GO:0006406;GO:0042272;GO:0003729;GO:0005654;GO:0005737;GO:0003723;GO:0016973
Q631I6	GO:0009380;GO:0016887;GO:0009432;GO:0003677;GO:0006289;GO:0005737;GO:0009381;GO:0005524
Q32PL8	GO:0005759;GO:0003682;GO:0043504;GO:0005634;GO:0019985;GO:0009411;GO:0031297;GO:0003887;GO:0062176;GO:0005657;GO:0006264;GO:0003896;GO:0008270;GO:0030145;GO:0042276
A3RM22	GO:0019031;GO:0055036;GO:0016021
P00582	GO:0006260;GO:0003887;GO:0003677;GO:0008408;GO:0005737;GO:0006281;GO:0008409;GO:0005829;GO:0006284;GO:0006261
A9BRF4	GO:0006420;GO:0005737;GO:0004814;GO:0005524
Q3ZZG9	GO:0002161;GO:0005737;GO:0004832;GO:0005524;GO:0006438
Q17VY4	GO:0006457;GO:0051082;GO:0005524
Q13DR5	GO:0000287;GO:0004775;GO:0005524;GO:0006099
A3MS27	GO:0003689;GO:0005524;GO:0006260
Q3TJD7	GO:0001503;GO:0007507;GO:0005925;GO:0003779;GO:0031941;GO:0046872;GO:0005912;GO:0051371;GO:0005654;GO:0001726;GO:0001725;GO:0005737;GO:0030036;GO:0030154;GO:0030018;GO:0045669;GO:0061061;GO:0015629
Q92TA4	GO:0006097;GO:0004474;GO:0006099;GO:0005737;GO:0046872
Q196U0	GO:0006260;GO:0003887;GO:0003677;GO:0000166;GO:0039693
Q2JKV7	GO:0042026;GO:0005737;GO:0051082;GO:0005524
Q0A6C9	GO:0006412;GO:0006464;GO:0016881;GO:0005524;GO:0046872
B9E1H0	GO:0006260;GO:0007062;GO:0003677;GO:0005737;GO:0030261;GO:0005694;GO:0005524
Q96MT3	GO:0032436;GO:0060976;GO:0060071;GO:0045892;GO:0005634;GO:0001843;GO:2000691;GO:0006606;GO:0031398;GO:0031965;GO:0090090;GO:0008270;GO:0035904;GO:0005829
B9DLM7	GO:0006541;GO:0003922;GO:0005524;GO:0016462
Q5LDN2	GO:0019464;GO:0004375
P26823	GO:0006457;GO:0051082;GO:0005524
P19971	GO:0043097;GO:0008083;GO:0006935;GO:0000002;GO:0004645;GO:0001525;GO:0006206;GO:1905333;GO:0046135;GO:0009032;GO:0031641;GO:0030154;GO:0042803;GO:0005829;GO:0051969;GO:0006213;GO:0016154
Q5HP42	GO:0019521;GO:0006098;GO:0050661;GO:0004616
C5P311	GO:0031902;GO:0005794;GO:0015031;GO:0016021
Q1QWN6	GO:0102155;GO:0051287
Q9U6M2	GO:0003677;GO:0005634;GO:0050341;GO:0046872
Q02W95	GO:0006420;GO:0005737;GO:0004814;GO:0005524
Q59752	GO:0008534;GO:0006289;GO:0008270;GO:0140078;GO:0003684;GO:0006284
Q03R49	GO:0016887;GO:0004519;GO:0045910;GO:0005524;GO:0006298;GO:0030983
Q83N18	GO:0051539;GO:0046429;GO:0019288;GO:0005506;GO:0016114
Q9CWV7	GO:0005634;GO:0008270
A4VFW8	GO:0004125;GO:0005737;GO:0001514;GO:0097056
Q2G9P6	GO:0051539;GO:0006400;GO:0035596;GO:0005737;GO:0046872
F6ZT52	GO:0005737;GO:0007099;GO:0030030;GO:0005814
Q86WZ6	GO:0000978;GO:0006357;GO:0046872;GO:0005634;GO:0001228
Q6TUJ8	GO:0065002;GO:0006605;GO:0005737;GO:0005886;GO:0017038;GO:0005524;GO:0046872
Q83HV5	GO:0004823;GO:0006429;GO:0002161;GO:0005737;GO:0005524
A9M1U4	GO:0009073;GO:0005737;GO:0009423;GO:0000166;GO:0046872;GO:0003856
Q5QTZ3	GO:0009014;GO:0009089;GO:0050897;GO:0008270;GO:0019877
Q2YSF6	GO:0003824
Q9FN30	GO:0006572;GO:0004838;GO:0030170;GO:0010189;GO:0005829
Q7RQ71	GO:0003779;GO:0005886;GO:0005524;GO:0003774;GO:0016459
Q9P959	GO:0046872;GO:0005743;GO:0010230;GO:0005739;GO:0070469;GO:0009916;GO:0016021
Q8FS85	GO:0003924;GO:0003746;GO:0005737;GO:0005525
Q7V1B6	GO:0009039;GO:0005737;GO:0016151;GO:0043419
B2HNJ0	GO:0004366;GO:0016024;GO:0005886;GO:0102420
A6UDA0	GO:0003676;GO:0006430;GO:0005737;GO:0004824;GO:0005524;GO:0000287
O19004	GO:0004672;GO:0005739;GO:0032006;GO:0032434;GO:0035556;GO:0005524;GO:0046872;GO:0005829;GO:0004674
Q6YGZ5	GO:0016605;GO:0003700;GO:1901985;GO:0046983;GO:0005667;GO:0003677;GO:0005737;GO:0048511;GO:0051775;GO:0045893
Q9ZBD8	GO:0003676;GO:0004386;GO:0005524
Q329F0	GO:0006146;GO:0000034
Q98776	GO:0019012;GO:0004482;GO:0030430;GO:0005524;GO:0003968;GO:0039689
Q87XM1	GO:0004151;GO:0019856;GO:0044205;GO:0008270
P14616	GO:0043560;GO:0031532;GO:0030238;GO:0071469;GO:0043548;GO:0007275;GO:0007169;GO:0030424;GO:0005899;GO:0004714;GO:0005009;GO:0033674;GO:0046777;GO:0005524;GO:0043235;GO:0005887
B2A397	GO:0005525;GO:0003924;GO:0005737;GO:0003743
Q31II5	GO:0008276;GO:0005737
O75385	GO:0042802;GO:0006914;GO:0018105;GO:0031102;GO:2000786;GO:0007165;GO:0005737;GO:0097635;GO:0004674;GO:0006468;GO:0030424;GO:0051020;GO:0075044;GO:0097629;GO:0055037;GO:0031333;GO:0048675;GO:0016301;GO:0010508;GO:0046777;GO:0005524;GO:0005829;GO:0034045;GO:1990316;GO:0005741;GO:0008104;GO:0016241;GO:0005789;GO:0005776;GO:0097632;GO:0031669;GO:0017137;GO:0016236;GO:0044877;GO:0018107;GO:0031175;GO:0042594
Q7TV03	GO:0000105;GO:0005737
O29329	GO:0009099;GO:0052654;GO:0052655;GO:0009097;GO:0052656;GO:0009098
Q88ME7	GO:0003684;GO:0030983;GO:0005524;GO:0006298
Q9V3B4	GO:0002230;GO:0007291;GO:0006915;GO:0006955;GO:0050829;GO:0089720;GO:0005123;GO:0006919;GO:0045089;GO:0050700;GO:0005737;GO:0036462;GO:0031265;GO:0061057;GO:2001238;GO:0005829;GO:0006963
D4D4Z2	GO:0009405;GO:0004222;GO:0008270;GO:0005615
O59780	GO:0000978;GO:0006351;GO:0006357;GO:0005634;GO:0000981;GO:0008270
B1XUR8	GO:0006096;GO:0005576;GO:0009986;GO:0000015;GO:0004634;GO:0000287
G5ECS8	GO:0031012;GO:0004222;GO:0030198;GO:0046872
Q5RB84	GO:0003056;GO:1903140;GO:0001942;GO:0048733;GO:0071875;GO:0000139;GO:0019706;GO:0005886;GO:0005794;GO:1904997;GO:0016021;GO:0018230
C3K2Y3	GO:0003677;GO:0006351;GO:0032549;GO:0003899
Q0P594	GO:0046677;GO:0005634;GO:0000922;GO:0008637;GO:0000775;GO:0005737;GO:0043161;GO:0000159;GO:0046872;GO:0042542;GO:0004721;GO:0034976;GO:0010468
P32592	GO:0038023;GO:0006909;GO:0005925;GO:0033627;GO:0005178;GO:0007160;GO:1904996;GO:0001540;GO:0008305;GO:0007229;GO:0016020;GO:0016477;GO:0046872;GO:0071404;GO:0031623
Q88WJ9	GO:0006260;GO:0007062;GO:0003677;GO:0005737;GO:0030261;GO:0005694;GO:0005524
Q9QXL2	GO:0005871;GO:0003777;GO:0008017;GO:0005874;GO:0016887;GO:0005886;GO:0030425;GO:0005524;GO:0007018;GO:0005829;GO:0030424
Q8X182	GO:0042744;GO:0004096;GO:0070301;GO:0046872;GO:0005829;GO:0020037
Q5FL61	GO:0009380;GO:0016887;GO:0009432;GO:0003677;GO:0006289;GO:0005737;GO:0009381;GO:0005524
Q9HJB8	
B8GWW0	GO:0009073;GO:0019632;GO:0009423;GO:0050661;GO:0004764
A6WS27	GO:0042744;GO:0004096;GO:0046872;GO:0006979;GO:0020037
L7N680	GO:0009405;GO:0005576;GO:0005618
Q3AKV7	GO:0006782;GO:0005737;GO:0004853
A8EWJ4	GO:0051539;GO:0004160;GO:0009099;GO:0009097;GO:0046872
B0R8D5	GO:0006351;GO:0003899;GO:0032549;GO:0003677;GO:0008270
Q88VQ7	GO:0005737;GO:0006427;GO:0004821;GO:0005524
Q13099	GO:0019894;GO:0005813;GO:0030992;GO:0036126;GO:0060122;GO:2000785;GO:1902017;GO:0097730;GO:0097542;GO:0042073;GO:0005737;GO:0060271;GO:0005929;GO:0001822;GO:0005814;GO:0031514;GO:0036064;GO:0035735;GO:0097546;GO:1905515
C1CWI8	GO:0030170;GO:0005737;GO:0006782;GO:0042286;GO:0008483
Q8N184	GO:0003700;GO:0000978;GO:0006357;GO:0000790;GO:0046872
P61168	GO:0032228;GO:0046717;GO:0007628;GO:0050709;GO:0051584;GO:0021756;GO:0010039;GO:0030672;GO:0032147;GO:0050482;GO:0060170;GO:0001666;GO:0035810;GO:0032467;GO:0004952;GO:0051209;GO:0030425;GO:0051586;GO:0060124;GO:0007409;GO:0099055;GO:0033602;GO:0043278;GO:0051823;GO:0035556;GO:0001669;GO:0051482;GO:0009636;GO:0048148;GO:0002027;GO:0007625;GO:0060158;GO:0097730;GO:0043666;GO:0050769;GO:0008306;GO:0045824;GO:0035255;GO:0014854;GO:0007626;GO:0090325;GO:0098978;GO:0040018;GO:0002092;GO:0034776;GO:0007195;GO:0005102;GO:0042756;GO:0008144;GO:0030424;GO:0045776;GO:0048169;GO:0030139;GO:0030432;GO:0051481;GO:1900273;GO:0002028;GO:0005886;GO:0016020;GO:0060548;GO:0043204;GO:0001933;GO:0048678;GO:0001659;GO:0030336;GO:0007270;GO:0045745;GO:0035240;GO:0030900;GO:0045944;GO:0048149;GO:0098691;GO:0099170;GO:0042220;GO:0060160;GO:0035094;GO:0007631;GO:0006914;GO:0051898;GO:0042321;GO:1900168;GO:0007212;GO:0016328;GO:0031223;GO:0005929;GO:0007194;GO:0021853;GO:0031410;GO:0032922;GO:0071880;GO:0036126;GO:0060134;GO:0000139;GO:0035815;GO:0007608;GO:0048755;GO:0005887;GO:0043197;GO:0046676;GO:0051967;GO:0001591;GO:0021984;GO:0070374;GO:0044877;GO:0099056;GO:0007416;GO:0043473;GO:0001975;GO:0043408;GO:0042802;GO:0050804;GO:0004930;GO:0008285;GO:0008542;GO:0001964;GO:0045202;GO:0002031;GO:1990384;GO:0016055;GO:0098982;GO:2000300;GO:0007186;GO:0001976;GO:0007616;GO:0008104;GO:0043266;GO:0009416;GO:0002052;GO:0014069;GO:1901386;GO:0014059;GO:0043679;GO:0007188;GO:0042493;GO:0030534;GO:0001963;GO:0021769;GO:0042417
Q62261	GO:0098978;GO:1903078;GO:0005634;GO:0005516;GO:0005737;GO:0012505;GO:0051020;GO:0051693;GO:0003779;GO:0007182;GO:0005886;GO:0016020;GO:0031430;GO:0060390;GO:0032743;GO:1903076;GO:0005730;GO:0043001;GO:0005200;GO:0014069;GO:0072659;GO:0008091;GO:0030673;GO:0007009;GO:0030863;GO:0005543;GO:0030506;GO:0071709;GO:0044877;GO:0000281;GO:0032437;GO:0098794;GO:0032991
B5EJF3	GO:0051539;GO:0046429;GO:0019288;GO:0005506;GO:0016114
P59606	GO:0005737;GO:0004055;GO:0006526;GO:0005524
A9MHD6	GO:0051539;GO:0016830;GO:0009229;GO:0009228;GO:0008270
B8I5W0	GO:0042026;GO:0005737;GO:0051082;GO:0005524
A4WW89	GO:0006457;GO:0051082;GO:0005524
Q489W4	GO:0006635;GO:0005737;GO:0003988
P59158	GO:0070062;GO:0016324;GO:0006821;GO:0019899;GO:0031982;GO:0015081;GO:0055064;GO:1902476;GO:0055078;GO:1990573;GO:0006814;GO:0035725;GO:0005886;GO:0055075;GO:0008511;GO:0016021;GO:0005829;GO:0015379;GO:0015378;GO:0006884
Q84173	GO:0006260;GO:0003887;GO:0003677;GO:0000166;GO:0039693
Q7P1Y3	GO:0006782;GO:0050661;GO:0008883
A2X6E6	GO:0005985;GO:0042950;GO:0042951;GO:0008506;GO:0005364;GO:0005887
Q9UPX6	GO:0001525;GO:0032007;GO:0008285;GO:0005886;GO:0030308;GO:0016021;GO:0031397;GO:0010977;GO:0016525
Q7NSG1	GO:0006541;GO:0003922;GO:0005524;GO:0016462
Q38YA4	GO:0009380;GO:0016887;GO:0009432;GO:0003677;GO:0006289;GO:0005737;GO:0009381;GO:0005524
Q5P3M1	GO:0006457;GO:0031072;GO:0051082;GO:0006260;GO:0009408;GO:0005737;GO:0008270;GO:0005524
A0A286LEZ8	GO:0004609;GO:0036469;GO:0008654
Q3Z8W4	GO:0006096;GO:0005576;GO:0009986;GO:0000015;GO:0004634;GO:0000287
Q8PR33	GO:0004457;GO:0010181;GO:0005886;GO:0019516
C4Z4C1	GO:0005737;GO:0004055;GO:0006526;GO:0005524
A3QAK2	GO:0008152;GO:0047388;GO:0008882;GO:0000820;GO:0005524;GO:0000287
P08414	GO:0018105;GO:0098978;GO:0005634;GO:0099527;GO:0005516;GO:0043011;GO:0007165;GO:0009931;GO:0005654;GO:0005737;GO:0006468;GO:0045893;GO:0046827;GO:0046777;GO:0098982;GO:0005524;GO:0005829;GO:0002250;GO:0007616;GO:0006954;GO:0035556;GO:0007270;GO:0001650;GO:0006913;GO:0098794;GO:0004683
O06638	GO:0097589;GO:0097588
P08289	GO:0071407;GO:0004035;GO:0046677;GO:0046872;GO:0071529;GO:0033280;GO:0051384;GO:0065010;GO:0031012;GO:0031225;GO:0032496;GO:0003006;GO:0016462;GO:0005886;GO:0005615;GO:0016311;GO:0001958
Q9NUJ3	GO:0007165;GO:0005874
Q6NJD6	GO:0003924;GO:0003746;GO:0005737;GO:0005525
H2KZ60	GO:0008045;GO:0007156;GO:0005737;GO:0033563;GO:0030424;GO:0045202;GO:0040015;GO:0060562;GO:2000747;GO:1903356;GO:0043025;GO:0005886;GO:0016021;GO:0070593;GO:0043204;GO:0090327;GO:0031225;GO:0007411;GO:0060467;GO:0048842;GO:0098632;GO:0035545;GO:0035150;GO:0009792
P39121	GO:0004139;GO:0005737;GO:0016052;GO:0009264;GO:0046386
Q62074	GO:0018105;GO:0032869;GO:0005634;GO:0098978;GO:0035089;GO:1903078;GO:0045171;GO:0046326;GO:0070555;GO:0005737;GO:0045216;GO:0004674;GO:0006468;GO:0010976;GO:2000353;GO:0000139;GO:0048194;GO:0005886;GO:0005524;GO:0005829;GO:0015630;GO:0034351;GO:0007015;GO:0046872;GO:0004672;GO:0043220;GO:0004697;GO:0035556;GO:0004698;GO:0042462;GO:0098685;GO:0034613;GO:0043434;GO:0043524;GO:0099072;GO:0005543;GO:0005768;GO:0016324;GO:0016477;GO:0005923;GO:0051092;GO:0031252;GO:0045177;GO:0060252
Q80HV8	GO:0030430
Q9VVB4	GO:0097602;GO:2000060
B2HW19	GO:0030170;GO:0005737;GO:0006782;GO:0042286;GO:0008483
P61169	GO:0032228;GO:0046717;GO:0007628;GO:0050709;GO:0051584;GO:0021756;GO:0010039;GO:0030672;GO:0032147;GO:0050482;GO:0060170;GO:0001666;GO:0035810;GO:0032467;GO:0004952;GO:0051209;GO:0030425;GO:0051586;GO:0051580;GO:0060124;GO:0007409;GO:0099055;GO:0033602;GO:0043278;GO:0051823;GO:0035556;GO:0001669;GO:0051482;GO:0009636;GO:0045471;GO:0048148;GO:0002027;GO:0007625;GO:0060158;GO:0097730;GO:0043666;GO:0050769;GO:0008306;GO:0045824;GO:0035255;GO:0014854;GO:0007626;GO:0090325;GO:0098978;GO:0040018;GO:0002092;GO:0034776;GO:0007195;GO:0005102;GO:0042756;GO:0008144;GO:0030424;GO:0045776;GO:0048169;GO:0030139;GO:0030432;GO:0051481;GO:1900273;GO:0002028;GO:0005886;GO:0016020;GO:0060548;GO:0043204;GO:0001933;GO:0048678;GO:0001659;GO:0030336;GO:0007270;GO:0045745;GO:0035240;GO:0030900;GO:0045944;GO:0050805;GO:0048149;GO:0098691;GO:0099170;GO:0042220;GO:0060160;GO:0035094;GO:0045840;GO:0007631;GO:0006914;GO:0051898;GO:0042321;GO:1900168;GO:0007212;GO:0016328;GO:0031223;GO:0005929;GO:0007194;GO:0021853;GO:0031410;GO:0032922;GO:0071880;GO:0036126;GO:0060134;GO:0000139;GO:0035815;GO:0007608;GO:0048755;GO:0005887;GO:0043197;GO:0046676;GO:0051967;GO:0001591;GO:0021984;GO:0070374;GO:0044877;GO:0099056;GO:0007416;GO:0043473;GO:0001975;GO:0043408;GO:0042802;GO:0050804;GO:0004930;GO:0008285;GO:0008542;GO:0001964;GO:0002031;GO:1990384;GO:0016055;GO:0098982;GO:2000300;GO:0007186;GO:0001976;GO:0007616;GO:0008104;GO:0043266;GO:0009416;GO:0002052;GO:0014069;GO:1901386;GO:0014059;GO:0030007;GO:0043679;GO:0007188;GO:0042493;GO:0030534;GO:0001963;GO:0021769;GO:0042417
Q80TR4	GO:0048846;GO:0048495;GO:0005509;GO:0022028;GO:0008045;GO:0007097;GO:0008201;GO:0031290;GO:0005102;GO:0033563;GO:0021772;GO:0007411;GO:0022029;GO:0051964;GO:0050919;GO:0048843;GO:0005886;GO:0005615;GO:0048812;GO:0043395;GO:0007409
A6L8C4	GO:0006094;GO:0006096;GO:0005737;GO:0004347
A8YUT2	GO:0050118;GO:0009089;GO:0019877
Q3TAA7	GO:0019901;GO:0005737;GO:0008104
C0RMH0	GO:0009014;GO:0009089;GO:0050897;GO:0008270;GO:0019877
Q98G10	GO:0030170;GO:0000105;GO:0004400
A2C6X6	GO:0046933;GO:0042651;GO:0005524;GO:0045261
A1BET8	GO:0006457;GO:0051082;GO:0005524
B8I2T4	GO:0008360;GO:0009252;GO:0007049;GO:0051301;GO:0071555;GO:0005737;GO:0005524;GO:0008764
C4L7L4	GO:0008616;GO:0016740;GO:0005737;GO:0016853
A1SE01	GO:0006782;GO:0050661;GO:0008883
A3D085	GO:0019464;GO:0004375
P48462	GO:0004722;GO:0007301;GO:0046329;GO:0007300;GO:0007312;GO:0017018;GO:0046872;GO:0090263;GO:0005634;GO:0007476;GO:0007498;GO:0007155;GO:1904886;GO:0005737;GO:0007059;GO:0007623;GO:0005829;GO:0031991;GO:0045879;GO:0014706
Q9UHW9	GO:0140157;GO:0071476;GO:0015079;GO:1990573;GO:0008519;GO:0006811;GO:0001525;GO:0055064;GO:1902476;GO:0019901;GO:0071477;GO:0016021;GO:0005886;GO:0055075;GO:0007268;GO:0016323;GO:0015379;GO:0005887;GO:0006884;GO:0045202
Q5NZU2	GO:0005737;GO:0016149
O35674	GO:0010628;GO:0007507;GO:0046872;GO:0001890;GO:0004222;GO:2000049;GO:0005634;GO:0017124;GO:0006509;GO:0005794;GO:0016021;GO:0062023
B1KZR3	GO:0003924;GO:0005737;GO:0005525;GO:0000287;GO:0042254
Q5ZLC6	
A5A6K7	GO:0006518;GO:0016485;GO:0004181;GO:0030658;GO:0008270;GO:0005615
P24141	GO:0015833;GO:0030435;GO:0030288;GO:1904680;GO:0030420;GO:0043190;GO:0015031
Q8X0X6	GO:0035101;GO:0045899;GO:0042393;GO:0006334;GO:0032968;GO:0006338;GO:0006281;GO:0006368;GO:0031298;GO:0007063;GO:0034724;GO:0031491;GO:0006261
Q54TK8	GO:0005085;GO:0007264
Q9Y4F4	GO:0008017;GO:0005815;GO:0035082;GO:1905515;GO:0005876;GO:0031116;GO:0005929;GO:0005881;GO:0072686;GO:0090307;GO:0036064;GO:0031110;GO:0000226
Q8CHP6	GO:0031519;GO:0003682;GO:0045892;GO:0042393;GO:0005634;GO:0035102;GO:0003677;GO:0005654;GO:0007275;GO:0008270
A7Z6S2	GO:0051539;GO:0016114;GO:0005506;GO:0046429;GO:0019288
P53951	GO:0042802;GO:0000139;GO:0032258;GO:0017119;GO:0005829;GO:0006891
B3L1G8	GO:0016887;GO:0005783;GO:0005524;GO:0045048
Q86ZD9	GO:0032259;GO:0016746;GO:0008168;GO:0016491;GO:0031177
Q8N6Y0	GO:0030165
B4DX44	GO:0000978;GO:0005634;GO:0000981;GO:0006355;GO:0046872
Q9V726	GO:0006378;GO:0005634;GO:0005847;GO:0010508;GO:0017022;GO:0098789;GO:0003730
P29837	GO:0039694;GO:0003725;GO:0039502;GO:0042025;GO:0019031;GO:0039564;GO:0004483;GO:0039651;GO:0075512;GO:0005198;GO:0005576;GO:0044220;GO:0004482;GO:0005524;GO:0016021;GO:0019028;GO:0003724;GO:0003968;GO:0039654;GO:0039574;GO:0055036;GO:0046983;GO:0039563;GO:0044167;GO:0046872;GO:0039520;GO:0019062;GO:0004252;GO:0039576
Q9PUI0	GO:0102568;GO:0005509;GO:0004623;GO:0005576;GO:0090729;GO:0102567;GO:0016042;GO:0006644;GO:0050482
Q94FN2	GO:0030981;GO:0005819;GO:0008017;GO:0009506;GO:0030951;GO:0005874;GO:0061863;GO:0000922;GO:0009920;GO:0007052;GO:0000911;GO:0009524;GO:0009574;GO:0000776;GO:0046785
Q87ZQ4	GO:0051539;GO:0042773;GO:0051537;GO:0048038;GO:0016020;GO:0046872;GO:0008137;GO:0009055
P17885	GO:0016567;GO:0005680;GO:0051301;GO:0007091;GO:0031145;GO:0005737;GO:0045842
B8AMS4	GO:0017108;GO:0005739;GO:0006260;GO:0005730;GO:0043137;GO:0003677;GO:0005654;GO:0000287;GO:0006284;GO:0008409
B2VIA0	GO:0009380;GO:0009432;GO:0003677;GO:0006289;GO:0005737;GO:0009381
Q5H8B9	GO:0046872;GO:0005604;GO:0007155;GO:0007154;GO:0016021
Q9MUR4	GO:0009507;GO:0006086;GO:0006096;GO:0004739
Q6ACY9	GO:0003924;GO:0003746;GO:0005737;GO:0005525
Q8REL0	GO:0009380;GO:0009432;GO:0003677;GO:0006289;GO:0005737;GO:0009381;GO:0006974
P19324	GO:0051082;GO:0005518;GO:0051604;GO:0004867;GO:0045121;GO:0062023;GO:0005737;GO:0005788;GO:0005793;GO:0003433;GO:0005615;GO:0005783;GO:0010951;GO:0030199;GO:0032964
Q99405	GO:0005576;GO:0004252;GO:0046872
C6TEX6	GO:0017108;GO:0005739;GO:0006260;GO:0005730;GO:0043137;GO:0003677;GO:0005654;GO:0000287;GO:0006284;GO:0008409
Q7XZU3	GO:0046856;GO:0009826;GO:0043813;GO:0005794;GO:0005774;GO:0007010;GO:0004438;GO:0009832;GO:0036092
B2HXU5	GO:0004828;GO:0016260;GO:0097056;GO:0006434;GO:0005737;GO:0005524
C6DKQ4	GO:0045127;GO:0006044;GO:0008270;GO:0005524;GO:0009254
Q8WUY3	GO:0006798;GO:0004309;GO:0006915;GO:0005737;GO:0046872
Q5N0G1	GO:0006457;GO:0031072;GO:0051082;GO:0006260;GO:0009408;GO:0005737;GO:0008270;GO:0005524
P03523	GO:0019012;GO:0004482;GO:0003968;GO:0019083;GO:0030430;GO:0005524;GO:0039689
Q7VG06	GO:0006457;GO:0031072;GO:0051082;GO:0006260;GO:0009408;GO:0005737;GO:0008270;GO:0005524
Q9N281	GO:0005604;GO:0005201;GO:0030056;GO:0031012;GO:0031581;GO:0016021;GO:0005615;GO:0005581;GO:0030198
A8GCA7	GO:0006412;GO:0006464;GO:0016881;GO:0005524;GO:0046872
Q88YI8	GO:0009380;GO:0016887;GO:0009432;GO:0003677;GO:0006289;GO:0005737;GO:0009381;GO:0005524
A6WWI2	GO:0003677;GO:0008170;GO:0009007;GO:0006260
O08839	GO:0042802;GO:0098978;GO:0005634;GO:0008333;GO:0086091;GO:0008021;GO:0030018;GO:0071156;GO:0030838;GO:0051020;GO:0030424;GO:1902960;GO:0045202;GO:0030315;GO:0045664;GO:0051647;GO:0019828;GO:1903946;GO:0033268;GO:0043065;GO:0045807;GO:0005886;GO:0006997;GO:0016020;GO:0031674;GO:0048156;GO:0051087;GO:0070063;GO:0043547;GO:1904878;GO:0033292;GO:0060988;GO:0043194;GO:1901380;GO:0005635;GO:0006897;GO:0002020;GO:0060987;GO:0005543;GO:0044300;GO:1902430;GO:0005768;GO:0098850;GO:0005874;GO:0043679;GO:0044877;GO:0043196;GO:0051015;GO:0042692;GO:0048711
A0LRL4	GO:0006351;GO:0003899;GO:0003677;GO:0008270;GO:0000287
A1Z7T0	GO:0030054;GO:0018105;GO:0005634;GO:0017049;GO:0030496;GO:0007391;GO:0005737;GO:0005856;GO:0030027;GO:0004674;GO:0045179;GO:0046777;GO:0005524;GO:0005829;GO:0031532;GO:0004672;GO:0007472;GO:0035556;GO:0090303;GO:0004698;GO:1901648;GO:0032154;GO:0000281;GO:0007155
Q9Z0W1	GO:0042802;GO:1904646;GO:0043121;GO:0043410;GO:0005739;GO:0005634;GO:0007266;GO:0005516;GO:0051902;GO:0007165;GO:0045121;GO:0048406;GO:0005035;GO:0010941;GO:0005737;GO:0043066;GO:0005794;GO:0019233;GO:0061000;GO:2000179;GO:0005911;GO:0032922;GO:0010976;GO:0021675;GO:0042593;GO:0045666;GO:1903588;GO:0016048;GO:0051968;GO:0005791;GO:0043065;GO:2000377;GO:0031643;GO:0032590;GO:0009986;GO:0005886;GO:0035025;GO:0007623;GO:0016021;GO:0051799;GO:0045334;GO:0043204;GO:2001235;GO:0035907;GO:0043197;GO:0032224;GO:0015026;GO:0051402;GO:0001540;GO:0032809;GO:0005635;GO:0007411;GO:0031625;GO:0014069;GO:1900182;GO:0043524;GO:1901216;GO:0009897;GO:0016525;GO:0048146;GO:2000463;GO:0031069;GO:0017137;GO:1902895;GO:0001678;GO:0030135;GO:0070678;GO:0043588;GO:0006919;GO:0007417;GO:0030426;GO:0042488;GO:0006886;GO:0044877;GO:0034599;GO:0009611;GO:0040037;GO:0005168;GO:0051897;GO:0010977;GO:0010468
P69996	GO:0009039;GO:0043419;GO:0009405;GO:0005737;GO:0016151
B9E7Y3	GO:0030170;GO:0005737;GO:0006782;GO:0042286;GO:0008483
Q7YSJ4	GO:0030154;GO:0005576;GO:0007275;GO:0016021
C5BLG1	GO:0008534;GO:0006289;GO:0008270;GO:0140078;GO:0003684;GO:0006284
Q60952	GO:0005813;GO:0008104;GO:0033365;GO:0019904;GO:0000278;GO:0019901;GO:0050908;GO:0001917;GO:0010457;GO:0001750;GO:0008022;GO:0060271;GO:0005814;GO:0032991;GO:0036064;GO:0048471;GO:0031616;GO:0030997;GO:1904781;GO:1905515
B2IQR1	GO:0006541;GO:0003922;GO:0005524;GO:0016462
B8DYH6	GO:0006457;GO:0051082;GO:0005524
O59469	GO:0004420;GO:0015936;GO:0008299
Q873L8	GO:0003723;GO:0006397;GO:0000002;GO:0031305
A5N254	GO:0000049;GO:0005737;GO:0005524;GO:0004826;GO:0000287;GO:0006432
Q60825	GO:0042802;GO:0030165;GO:0045121;GO:0005654;GO:0035435;GO:0055062;GO:0010288;GO:0005903;GO:0045838;GO:0005436;GO:0046686;GO:0031226;GO:0009986;GO:0005886;GO:0046689;GO:0016607;GO:0031526;GO:0016021;GO:0005829;GO:0098719;GO:0046849;GO:0006817;GO:2000120;GO:0072686;GO:1901684;GO:0016323;GO:0048471;GO:2000187;GO:0005768;GO:0016324;GO:0030643;GO:0031982;GO:0044877;GO:0044341
A4ISB8	GO:0006094;GO:0006096;GO:0005737;GO:0004347
P0C928	GO:0032508;GO:0003678;GO:0051539;GO:0006260;GO:0005634;GO:0003677;GO:0045910;GO:0006281;GO:0006310;GO:0010569;GO:0070182;GO:0005524;GO:0046872;GO:1904430;GO:0090657
Q7V5S8	GO:0046933;GO:0042651;GO:0005524;GO:0045261
Q06FX1	GO:0006351;GO:0003899;GO:0003677;GO:0008270;GO:0009507
Q5H0A7	GO:0006094;GO:0006096;GO:0005737;GO:0004347
Q9HDY1	GO:0005819;GO:0030989;GO:0005634;GO:1990498;GO:0005737;GO:0099070;GO:0000226;GO:1903563;GO:0051256;GO:0044878;GO:0062168;GO:0005881;GO:0000923;GO:0015630;GO:0008017;GO:0099609;GO:0055028;GO:1903562;GO:1905121;GO:0000281;GO:1990023
A7I0W5	GO:0042026;GO:0005737;GO:0051082;GO:0005524
Q9NR11	GO:0000978;GO:0006357;GO:0046872;GO:0005634;GO:0000981
P60069	GO:0051539;GO:0051538;GO:0042597;GO:0046872;GO:0009061
Q54Y81	GO:0003724;GO:0005737;GO:0005524;GO:0000398;GO:0003723;GO:0071013
O31293	GO:0051539;GO:0003861;GO:0009098;GO:0046872
Q96IR7	GO:0009072;GO:0003868;GO:0046872
Q28DG8	GO:0000445;GO:0006397;GO:0006406;GO:0003729;GO:0008380;GO:0005737;GO:0016607;GO:0032786;GO:0030154
P0CG25	GO:0005829;GO:0005509
Q1J0I6	GO:0006260;GO:0003677;GO:0006281;GO:0046872;GO:0003911
Q3J349	GO:0047151;GO:0005737;GO:0030698;GO:0050660
A8GLU3	
Q0P8T0	GO:0008761;GO:0016051;GO:0102388;GO:0044781;GO:0004553;GO:0006047
Q3URS2	GO:0000978;GO:0010833;GO:0006357;GO:0000981;GO:0046872;GO:0000784
B9L0W3	GO:0006541;GO:0003922;GO:0005524;GO:0016462
B6EGG2	GO:0032259;GO:0005737;GO:0006364;GO:0008757
Q6S6P1	GO:0042025;GO:0006260;GO:0003887;GO:0003677;GO:0004523;GO:0000166;GO:0039693
Q9BT30	GO:0005759;GO:0005739;GO:0006631;GO:0010883;GO:0046872;GO:1902445;GO:0051213;GO:0006974
Q0BH85	GO:0008712;GO:0050661;GO:0097171;GO:0005975
P11493	GO:0005634;GO:0000922;GO:0000775;GO:0005737;GO:0046872;GO:0004721
P49758	GO:0003924;GO:0008277;GO:0005634;GO:0009968;GO:0035556;GO:0005886;GO:0019898;GO:0005829;GO:0043547;GO:0005096;GO:0007186
P52540	GO:0039686;GO:0046872;GO:0042025;GO:0003896
B5EZH8	GO:0099619;GO:0046677;GO:0009103;GO:0099618;GO:0009245
P22035	GO:0000978;GO:0006355;GO:0005634;GO:0000981;GO:0045944
B3DJM5	GO:0003682;GO:0006357;GO:0005634;GO:0003677;GO:0007275;GO:0046872
A5FZ19	GO:0006457;GO:0051082;GO:0005524
O08539	GO:0042802;GO:0098978;GO:0005634;GO:0008333;GO:0005737;GO:0086091;GO:0008021;GO:0030018;GO:0071156;GO:0030838;GO:0051020;GO:0030424;GO:1902960;GO:0045202;GO:0030315;GO:0045664;GO:0051647;GO:0019828;GO:1903946;GO:0033268;GO:0043065;GO:0045807;GO:0005886;GO:0006997;GO:0016020;GO:0031674;GO:0048156;GO:0051087;GO:0005829;GO:0043547;GO:0070063;GO:1904878;GO:0033292;GO:0060988;GO:0043194;GO:0048488;GO:1901380;GO:0005635;GO:0002020;GO:0060987;GO:0005543;GO:0044300;GO:1902430;GO:0005768;GO:0098850;GO:0005874;GO:0043679;GO:0044877;GO:0043196;GO:0051015;GO:0042692;GO:0048711
Q9NYC9	GO:0005874;GO:0030286;GO:0097729;GO:0003341;GO:0120135;GO:0005930;GO:0005524;GO:0030030;GO:0007018;GO:0031514;GO:0008569;GO:0051959;GO:0045505
O59494	GO:0006096;GO:0008839;GO:0005737;GO:0050661;GO:0009089;GO:0051287;GO:0004365
Q2J3G9	GO:0000287;GO:0004775;GO:0005524;GO:0006099
P28858	GO:0042025;GO:0006260;GO:0003887;GO:0003677;GO:0004523;GO:0034061;GO:0000166;GO:0039693;GO:1902074
Q1LQB5	GO:0015416;GO:0005886;GO:0016887;GO:0005524
Q7A3W1	GO:0050661;GO:0004324;GO:0050660
Q07KK7	GO:0003677;GO:0006351;GO:0032549;GO:0003899
Q2U5T5	GO:0005774
B5ES53	GO:0009014;GO:0009089;GO:0050897;GO:0008270;GO:0019877
Q8V5E0	GO:0044166;GO:0039694;GO:0006351;GO:0018144;GO:0004197;GO:0003968;GO:0003724;GO:0044167;GO:0005524;GO:0016021;GO:0003723
O60883	GO:0045665;GO:1903206;GO:0043410;GO:0045879;GO:0004930;GO:0007193;GO:0048712;GO:0005886;GO:0042277;GO:0003085;GO:0008528;GO:0016021;GO:0021940;GO:0043235;GO:0060170;GO:0007186;GO:0036505
Q9Z6Y2	GO:0003678;GO:1990077;GO:0003677;GO:0005524;GO:0006269;GO:0006268;GO:0008270
Q7TUG9	GO:0005524;GO:0004363;GO:0046872
A2C7T5	GO:0051539;GO:0046872;GO:0019685;GO:0005524;GO:0016730;GO:0036068;GO:0016636
A3N2U4	GO:0046961;GO:0045261;GO:0005886;GO:0005524;GO:0046933
Q5L6S5	GO:0003924;GO:0003746;GO:0005737;GO:0005525
Q08010	GO:0020002;GO:0044172;GO:0044163;GO:0039624;GO:0044168;GO:0016020;GO:0099008;GO:0039665;GO:0019062
Q8CGS6	GO:0042802;GO:0017116;GO:0003682;GO:0016446;GO:0051575;GO:0005634;GO:0097681;GO:2000042;GO:0003887;GO:0003677;GO:0008409;GO:0005737;GO:0006281;GO:0051260;GO:0005524;GO:0005694;GO:0006974;GO:0006302;GO:0006284;GO:0006261
B4F6U4	GO:0005634;GO:0003677;GO:0032259;GO:0046872;GO:0008168;GO:0045944;GO:0010468
Q5TEJ8	GO:0050852;GO:0005634;GO:0006954;GO:0007155;GO:0005737
C3PKP1	GO:0003924;GO:0003746;GO:0005737;GO:0005525
P41885	GO:0017137;GO:0040017;GO:0006886;GO:0016020;GO:0008021;GO:0046872;GO:1990504
Q56598	GO:0042351;GO:0019673;GO:0070401;GO:0008446
P63745	GO:0005737;GO:0016887;GO:0005524
Q4USP7	GO:0009245;GO:0008915
Q3V080	GO:0000978;GO:0006357;GO:0005634;GO:0000981;GO:0046872
A1VJ15	GO:0008616;GO:0101030;GO:0008479;GO:0046872
Q7Z7M0	GO:0030509;GO:0005634;GO:0060972;GO:0035108;GO:0030326;GO:0097155;GO:0097094;GO:0009888;GO:0060971;GO:0016021;GO:0045879;GO:0060976;GO:0005509;GO:0048704;GO:0070062;GO:0055113;GO:0009887;GO:0061371;GO:0071907;GO:0048842;GO:0042074;GO:0003143;GO:0010468
Q3V0M2	
P05432	GO:0042059;GO:0043589;GO:0060428;GO:0032869;GO:0005634;GO:0019901;GO:0005737;GO:0071364;GO:0007175;GO:0031234;GO:0071474;GO:0042536;GO:0060426;GO:1903243;GO:0061469;GO:0005886;GO:0036120;GO:0019900;GO:0005829;GO:0031267;GO:0032691;GO:0017124;GO:0071549;GO:0050732;GO:0070373;GO:0045616;GO:0032966;GO:0031953;GO:0048286
P97290	GO:0042730;GO:0004867;GO:0062023;GO:0005615;GO:0006958;GO:0010951;GO:0045087;GO:0007596;GO:0001869
B1YKS9	GO:0006457;GO:0051082;GO:0005524
Q6DF96	GO:0005739;GO:0101030;GO:0008479;GO:0005737;GO:0042803;GO:0046872;GO:0046982;GO:0005741
Q6Q250	GO:0005576;GO:0004806;GO:0052740;GO:0016042;GO:0044179;GO:0008970;GO:0052739
A9KL72	GO:0004478;GO:0006730;GO:0005737;GO:0006556;GO:0005524;GO:0000287
B4KQU8	GO:0000466;GO:0000463;GO:0005730;GO:0043021;GO:0005654;GO:0035206;GO:0030687
Q07VK4	GO:0046872;GO:0016208;GO:0003987;GO:0005524;GO:0019427
P25927	GO:0009405
O00444	GO:0042802;GO:0005813;GO:0005634;GO:0000922;GO:0032465;GO:0005737;GO:0097711;GO:0005814;GO:0004674;GO:0006468;GO:0005524;GO:0046601;GO:0005829;GO:0060707;GO:0098536;GO:0005730;GO:0000086;GO:0007099;GO:0032154;GO:0010389;GO:0000278;GO:0098535;GO:0001741
P39867	GO:0006809;GO:0050464;GO:0030151;GO:0042128;GO:0043546;GO:0071949;GO:0009703;GO:0020037
A9AGE5	GO:0042744;GO:0004096;GO:0046872;GO:0006979;GO:0020037
Q65184	GO:0003899;GO:0019012;GO:0006351;GO:0046983
P19695	GO:0020002;GO:0046761;GO:0019064;GO:0055036;GO:0019031;GO:0075512;GO:0046789;GO:0016021;GO:0039654;GO:0019062
Q12186	GO:0005634;GO:0045131;GO:0003729;GO:0000398;GO:0008270;GO:0000381;GO:0000243;GO:0005829
Q9P273	GO:0048593;GO:0007165;GO:0048666;GO:0007156;GO:0016020;GO:0042803;GO:0050839;GO:0043005;GO:0046982;GO:1903385;GO:0030424;GO:0005887;GO:0007157;GO:0010976
B6YST1	GO:0004496;GO:0019287;GO:0005737;GO:0005524;GO:0000287
A0PP57	GO:0046677;GO:0050071;GO:0003676;GO:0006629;GO:0006430;GO:0009405;GO:0005737;GO:0004824;GO:0005886;GO:0005524;GO:0016021;GO:0000287
Q8G4H3	GO:0051301;GO:0007049;GO:0003677;GO:0007059;GO:0005886;GO:0005524;GO:0016021
B6YS08	GO:0005840;GO:0003735;GO:0006412
B2SJM1	GO:0006094;GO:0006096;GO:0005737;GO:0004347
Q8K387	GO:0006511;GO:0008234;GO:0004843;GO:0005634;GO:0045494;GO:0001917;GO:0016579;GO:0005737;GO:0006281;GO:0008270
Q04QD0	GO:0006400;GO:0016705
Q5UQX1	GO:0019012;GO:0005525;GO:0004651;GO:0004482;GO:0004484;GO:0003723
Q4KLN4	GO:0005814;GO:0042802;GO:0005813;GO:0006406;GO:0044614;GO:0005737;GO:0036064;GO:0006449;GO:0005635;GO:0000822;GO:0031369;GO:0016973;GO:0006446;GO:0005543
Q5U2R2	
Q5VVW2	GO:0005096;GO:0051056
Q0CRP4	GO:0050525;GO:0005576
A6NP11	GO:0000978;GO:0005634;GO:0000981;GO:0006355;GO:0046872
Q3K1V5	GO:0003676;GO:0006430;GO:0005737;GO:0004824;GO:0005524;GO:0000287
A6Q115	GO:0051539;GO:0002935;GO:0070040;GO:0000049;GO:0005737;GO:0046872;GO:0019843;GO:0070475
P18206	GO:0044291;GO:0006936;GO:0090136;GO:1990357;GO:0045121;GO:1904813;GO:0005856;GO:0008013;GO:0005915;GO:0005911;GO:0005198;GO:0002162;GO:0005903;GO:0045296;GO:1903561;GO:0005576;GO:0005925;GO:0003779;GO:0048675;GO:0002576;GO:1903140;GO:1904702;GO:0051893;GO:0005912;GO:0090637;GO:0005886;GO:0070527;GO:0034394;GO:0005829;GO:0043312;GO:0043297;GO:0002102;GO:0070062;GO:0035633;GO:0005916;GO:0002009;GO:0007160;GO:0034774;GO:0030336;GO:0030055;GO:0031625;GO:0035580;GO:0042383;GO:0034333;GO:0090636;GO:0030032;GO:0007155;GO:0043034;GO:0045294;GO:0032991
C5FGX1	GO:0009405;GO:0005886;GO:0031225;GO:0004185
Q9WTP3	GO:1990837;GO:0006357;GO:0005634;GO:0000981;GO:0010454;GO:0043065;GO:0060576;GO:0043565;GO:0000122;GO:0010455;GO:0030154;GO:0060480;GO:0045944
B8G7L6	GO:0065002;GO:0006605;GO:0005737;GO:0005886;GO:0017038;GO:0005524;GO:0046872
Q9Z7P2	GO:0003676;GO:0004815;GO:0050560;GO:0005737;GO:0006422;GO:0005524
A2RNI8	GO:0006420;GO:0005737;GO:0004814;GO:0005524
Q9F771	GO:0015074;GO:0051301;GO:0007049;GO:0003677;GO:0005737;GO:0006310;GO:0007059
Q9FQ03	GO:0004534;GO:0000967;GO:0010587;GO:0060149;GO:0005634;GO:0071035;GO:0006397;GO:0008270;GO:0003723;GO:0000956
A3LNK7	GO:0005886;GO:0043332;GO:0032220;GO:0016021
A4XSM8	GO:0004165;GO:0006635;GO:0003857;GO:0004300;GO:0008692;GO:0036125
Q65030	GO:0005198;GO:0046740;GO:0019028;GO:0044219
Q7VMC9	GO:0046872;GO:0000049;GO:0005737;GO:0005524;GO:0006431;GO:0004825
Q0T2M0	GO:0070205;GO:0009234
P63330	GO:0042802;GO:0044325;GO:0005634;GO:0019901;GO:0000922;GO:0045121;GO:0005737;GO:0000122;GO:0010469;GO:0046982;GO:0010288;GO:0035970;GO:0019899;GO:0004722;GO:0001932;GO:0051721;GO:1990405;GO:0043065;GO:1901020;GO:0043195;GO:0019903;GO:0005886;GO:0008022;GO:0042176;GO:0000159;GO:0035307;GO:0048156;GO:0007498;GO:0005829;GO:0001933;GO:0032516;GO:0042308;GO:0071902;GO:0010719;GO:0050811;GO:0043005;GO:0043422;GO:0071333;GO:0014069;GO:0006470;GO:0043280;GO:0019904;GO:0031952;GO:0044877;GO:1904528;GO:0000775;GO:0031698;GO:0051726;GO:0046872;GO:0051321
P36069	GO:0005634;GO:0005737;GO:0016868
B0XVI5	GO:0016740;GO:0005886;GO:0031225
Q8TD26	GO:0036091;GO:0003678;GO:0008094;GO:0016032;GO:0001221;GO:0003677;GO:0005654;GO:0005524;GO:0006325
Q63185	GO:0140468;GO:0008285;GO:0005737;GO:0042803;GO:0046777;GO:0005524;GO:0010999;GO:0006909;GO:0004672;GO:0055072;GO:0030225;GO:0046501;GO:0140467;GO:0006417;GO:0004694;GO:1990641;GO:0002526;GO:0020037;GO:0017148;GO:0046986;GO:0046984
P23728	GO:0020002;GO:0019064;GO:0060141;GO:0055036;GO:0019031;GO:0098670;GO:0016021;GO:0044178
A8LAX2	GO:0006541;GO:0003922;GO:0005524;GO:0016462
Q6CPX3	GO:0006890;GO:0005085;GO:0042802;GO:0051082;GO:1990507;GO:0009408;GO:0006620;GO:0016887;GO:0045048;GO:0000750;GO:0043529;GO:0005524;GO:0046872;GO:0010038
Q5RE70	GO:0070876;GO:0005634;GO:0007093;GO:0005737;GO:0006281;GO:0010212;GO:0006974
Q72IQ5	GO:0047151;GO:0005737;GO:0030698;GO:0050660
Q6A009	GO:0072344;GO:0043023;GO:0061630;GO:0043161;GO:0008270;GO:0005829;GO:0004842;GO:0051865;GO:1990116;GO:1990112
Q0A9B2	GO:0004107;GO:0009423;GO:0009073
C0QRI5	GO:0051539;GO:0046429;GO:0019288;GO:0005506;GO:0016114
Q96YN9	GO:0050661;GO:0004324;GO:0050660
Q9WYB1	GO:0006082;GO:0008776;GO:0005737;GO:0005524;GO:0000287;GO:0006085
Q9N003	GO:0045892;GO:0005634;GO:0003677;GO:0005737;GO:0046872
Q92DW2	GO:0005737;GO:0006935;GO:0000155;GO:0005524
Q87R15	GO:0009245;GO:0009029;GO:0005524
Q8K157	GO:0006012;GO:0030246;GO:0004034;GO:0005737;GO:0006006;GO:0033499;GO:0005975
D3DJ41	GO:0034029;GO:0005524;GO:0046872
B3E8F8	GO:0006260;GO:0003677;GO:0006281;GO:0046872;GO:0003911
B2VDJ9	GO:0006400;GO:0016705
B5XPW9	GO:0009380;GO:0009432;GO:0003677;GO:0006289;GO:0005737;GO:0009381
A2A761	GO:0006357;GO:0001227;GO:0000790;GO:0000981;GO:0005634;GO:0006629;GO:0019216;GO:0000122;GO:0046872;GO:0000977
O68581	GO:0044208;GO:0004019;GO:0005737;GO:0005525;GO:0000287
Q5X4D5	GO:0003676;GO:0006430;GO:0005737;GO:0004824;GO:0005524;GO:0000287
Q7F9K4	GO:0008422;GO:0102483;GO:0005975
Q8PNT0	GO:0003677;GO:0006351;GO:0032549;GO:0003899
Q2IXS0	GO:0003677;GO:0006351;GO:0032549;GO:0003899
A9BP67	GO:0055129;GO:0004349;GO:0005737;GO:0005524;GO:0003723
O43439	GO:0045746;GO:0006351;GO:0045892;GO:0005634;GO:0003714;GO:0000122;GO:0046872;GO:0060575;GO:0010977;GO:0010976
Q8FUC8	GO:0034979;GO:0005737;GO:0070403;GO:0008270;GO:0016740
Q932C5	GO:0005576;GO:0007155;GO:0009405;GO:0016020;GO:0005618
I1S8Q3	GO:0006914;GO:0030259;GO:0016906;GO:0102205;GO:0102202;GO:0034045;GO:0102203;GO:0015031;GO:0005975
B1IBR5	GO:0003678;GO:0000724;GO:0005524;GO:0003690;GO:0008409
Q87L11	GO:0003723;GO:0005737;GO:0070039
Q5UNY4	
Q51761	GO:0003677;GO:0015074;GO:0006310;GO:0032196
B8AXB6	GO:0016740
Q6ZVD7	GO:0005813;GO:0051301;GO:0033138;GO:0051881;GO:0005634;GO:0050679;GO:0010971;GO:0005654;GO:0005737;GO:0010821;GO:0010629;GO:0071500;GO:0048839;GO:0005829;GO:0010800;GO:0010628;GO:0007049;GO:0008284;GO:0000977;GO:0001650;GO:0061418;GO:1901858;GO:0005938;GO:1904031;GO:1902882;GO:1904120;GO:0051897;GO:0010468
Q99VJ4	GO:0005576;GO:0007155;GO:0009405;GO:0016020;GO:0005618
P11102	GO:0042025;GO:0005198;GO:0075732;GO:0019013;GO:0003723;GO:0046718;GO:0019029
Q18JV4	GO:0046872;GO:0000049;GO:0005737;GO:0005524;GO:0006431;GO:0004825
B6HLP8	GO:0016787;GO:0004066;GO:0005524;GO:0006541;GO:0006529
O87320	GO:0009058;GO:0005737;GO:0008483;GO:0030170
A5JSW9	GO:0022627;GO:0003735;GO:0006412
B0BNE5	GO:0042802;GO:0016788;GO:0046294;GO:0031410;GO:0052689;GO:0005829;GO:0018738
Q6GIM1	GO:0003824
A6WX72	GO:0006782;GO:0005737;GO:0004853
Q16QI1	GO:0032447;GO:0000049;GO:0002098;GO:0005829;GO:0016779;GO:0034227
Q62968	GO:0044325;GO:0071439;GO:0098978;GO:0086016;GO:0086010;GO:0019233;GO:0086043;GO:0061337;GO:0030424;GO:0055117;GO:0005261;GO:0034765;GO:0035725;GO:0005248;GO:0005886;GO:0016021;GO:0005244;GO:0019228;GO:0001518;GO:0006814;GO:0042475;GO:0002027;GO:0060371;GO:0099056;GO:0044299
A1UGT5	GO:0009039;GO:0005737;GO:0016151;GO:0043419
Q1ZXF7	GO:0042351;GO:0008446;GO:0005737;GO:0019673;GO:0009847
Q80TK0	GO:0044306;GO:0016182;GO:0044297;GO:0030136;GO:0098793;GO:0150007;GO:0048488;GO:0008021;GO:0036466;GO:0031175;GO:0030424
Q5VTD9	GO:1990837;GO:0000978;GO:0001085;GO:0006357;GO:0016363;GO:0005634;GO:0000981;GO:2000134;GO:0001228;GO:0005654;GO:0005667;GO:0000122;GO:0005886;GO:0007275;GO:1903706;GO:0046872;GO:0006325
A0RNX3	GO:0004823;GO:0006429;GO:0002161;GO:0005737;GO:0005524
Q9FIF0	GO:0004675;GO:0042742;GO:0030246;GO:0006952;GO:0005886;GO:0005524;GO:0016021;GO:0002229
P9WNP4	GO:0009234;GO:0008935
P67774	GO:0004722;GO:0005634;GO:0000922;GO:0007498;GO:0045121;GO:0000775;GO:0071902;GO:0005886;GO:0008022;GO:0010719;GO:0000159;GO:0046872;GO:0046982;GO:0005829;GO:0050811;GO:0035970;GO:0051321
Q3ZBZ8	GO:0005634;GO:0051879;GO:0005737
Q7WUM8	GO:0005344;GO:0071949;GO:0019825;GO:0046872;GO:0008941;GO:0051409;GO:0009636;GO:0020037
A7TIP6	GO:0006914;GO:0035091;GO:0010008;GO:0034045;GO:0015031
Q9C5J6	GO:0006400;GO:0052381;GO:0005737;GO:0005524;GO:0009691
P20049	GO:0006570;GO:0055114;GO:0004665;GO:0005737;GO:0006571;GO:0008977;GO:0070403
Q02Y87	GO:0006541;GO:0003922;GO:0005524;GO:0016462
E1C2V1	GO:0003682;GO:0045892;GO:0042393;GO:0005634;GO:0035064;GO:0008270;GO:0006325
Q9LYU4	GO:0042742;GO:0034052;GO:0018874;GO:0010112;GO:0052626;GO:0009626;GO:0052627;GO:0071456;GO:0006952;GO:0009863;GO:0005737;GO:0009816;GO:0016881;GO:0044419;GO:0052625;GO:0016046;GO:0052628
O62664	GO:0004601;GO:0005789;GO:0008217;GO:0006954;GO:0004666;GO:0046872;GO:0006979;GO:0051213;GO:0019371;GO:0020037
Q2SJB5	GO:0015412;GO:0016887;GO:0042888;GO:0005886;GO:0005524
A9BNR6	GO:1902560;GO:0003920;GO:0006163
Q8R526	GO:0070986;GO:0007507;GO:0007368;GO:0050982;GO:0097730;GO:0060972;GO:0003127;GO:0034704;GO:0016020;GO:0005929;GO:0005262;GO:0060170
Q9QZL6	GO:0006511;GO:0008234;GO:0019784;GO:0004843;GO:0005634;GO:0005654;GO:0003713;GO:0005737;GO:0005886;GO:0046872;GO:0005829;GO:0016578;GO:0031175;GO:0045893
Q5UCB8	GO:0039694;GO:0003725;GO:0039502;GO:0042025;GO:0019031;GO:0039564;GO:0004483;GO:0075512;GO:0005198;GO:0005576;GO:0044220;GO:0004482;GO:0039707;GO:0005524;GO:0016021;GO:0019028;GO:0039545;GO:0005216;GO:0003724;GO:0033650;GO:0003968;GO:0039654;GO:0044385;GO:0039574;GO:0055036;GO:0051259;GO:0046983;GO:0044167;GO:0046872;GO:0039520;GO:0019062;GO:0004252
Q98E86	GO:0051539;GO:0002935;GO:0070040;GO:0000049;GO:0005737;GO:0046872;GO:0019843;GO:0070475
P0CR92	GO:0000790;GO:0000076;GO:0005634;GO:0048478;GO:0003677;GO:0006281;GO:0043111;GO:0031298;GO:0051321;GO:0000228
Q5WWZ8	GO:0004823;GO:0006429;GO:0002161;GO:0005737;GO:0005524
Q6NF74	GO:0042026;GO:0005737;GO:0051082;GO:0005524
O97440	GO:0004342;GO:0006044;GO:0005975
B2J4Q8	GO:0006935;GO:0000156;GO:0008984;GO:0005737;GO:0018277;GO:0006482;GO:0050568
Q0SRE3	GO:0006457;GO:0051082;GO:0005524
Q8BZ36	GO:0006890;GO:0007049;GO:0070939;GO:0005789;GO:0060628;GO:0005783;GO:1902504;GO:0015031
Q9P2V4	GO:0030176
Q9HCS5	GO:0031032;GO:0005737;GO:0008092;GO:0005856
Q9YRV3	GO:0039694;GO:0003725;GO:0039502;GO:0042025;GO:0019031;GO:0039564;GO:0004483;GO:0075512;GO:0005198;GO:0005525;GO:0005576;GO:0044220;GO:0004482;GO:0005524;GO:0016021;GO:0019028;GO:0003724;GO:0003968;GO:0039654;GO:0055036;GO:0046983;GO:0044167;GO:0046872;GO:0039520;GO:0019062;GO:0004252
B6DD15	GO:0090729;GO:0005576
O18388	GO:0043186;GO:0007304;GO:0000278;GO:0005634;GO:0006607;GO:0008139;GO:0008536;GO:0005654;GO:0006606;GO:0005737;GO:0005635;GO:0046822;GO:0061608
Q1I0V1	
Q4WXH8	GO:0051539;GO:0008622;GO:0000278;GO:0006287;GO:0008310;GO:0006272;GO:0003887;GO:0003677;GO:0006297;GO:0000166;GO:0008270;GO:0045004
A7GTE7	GO:0006782;GO:0050661;GO:0008883
B1AIX8	GO:0006457;GO:0051082;GO:0005524
B8CM55	GO:0022900;GO:0005886;GO:0055085;GO:0016021
Q91XU3	GO:0010506;GO:0042802;GO:2000786;GO:0016020;GO:0005776;GO:0005783;GO:0005524;GO:0016308;GO:0016309
Q6PLS1	GO:0039694;GO:0006351;GO:0006396;GO:0003968;GO:0003724;GO:0008174;GO:0005524;GO:0003723;GO:0019028
P39829	GO:0008867;GO:0046392;GO:0019698
Q1DW80	GO:0050688;GO:0006396;GO:0051607;GO:0004386;GO:0005524;GO:0046872;GO:0003723;GO:0004525
Q50H32	GO:0060122;GO:0032420;GO:0042491;GO:0060091;GO:0007605;GO:0048839;GO:0060118;GO:0060119;GO:0005902;GO:0015035;GO:0010923;GO:0048563;GO:0009055
Q8R4F1	GO:0090543;GO:0099029;GO:0098978;GO:2001222;GO:0070831;GO:0010975;GO:0050804;GO:0009887;GO:0045171;GO:0046658;GO:0009888;GO:0016477;GO:0005886;GO:0098685;GO:0034446;GO:0043256;GO:0150011;GO:0030424;GO:0007409
I1RF60	GO:0032259;GO:0008171
Q48768	GO:0005737;GO:0006935;GO:0000155;GO:0005524
A4TS29	GO:0003677;GO:0006351;GO:0032549;GO:0003899
P55251	GO:0051539;GO:0003861;GO:0046872;GO:0009098;GO:0009316
P01100	GO:0038095;GO:0051090;GO:0035976;GO:1990837;GO:0005634;GO:0000981;GO:0009409;GO:0006306;GO:0034614;GO:0032496;GO:0005654;GO:0005783;GO:0051412;GO:0007179;GO:0045893;GO:0032993;GO:0051591;GO:0000978;GO:0006357;GO:0071277;GO:0032870;GO:0016020;GO:0005829;GO:0031668;GO:0070412;GO:0035994;GO:0003682;GO:0008134;GO:0000976;GO:0007565;GO:0000790;GO:0006954;GO:0009416;GO:0032570;GO:0060395;GO:0035914;GO:0000979;GO:0043005;GO:0007568;GO:1901216;GO:0001102;GO:0009636;GO:0019221;GO:0045944;GO:0001661;GO:0003700;GO:0006366;GO:0009629;GO:0007399;GO:1902895;GO:0035902;GO:0044877;GO:0001228;GO:0030431;GO:0042493;GO:0045672;GO:0071276
A0A0U1LQE6	GO:0016853;GO:0016874;GO:0009405;GO:0031177
P06211	GO:0019901;GO:0043627;GO:0051000;GO:0030315;GO:0006357;GO:0034056;GO:0050727;GO:0000790;GO:1990375;GO:0043565;GO:0001093;GO:0048471;GO:0048146;GO:0060068;GO:0010863;GO:0060527;GO:0001228;GO:0017025;GO:0005496;GO:0043523;GO:0030331;GO:0005739;GO:0031798;GO:1990841;GO:0030518;GO:0034121;GO:0008584;GO:0051117;GO:0006355;GO:0045893;GO:0000978;GO:0043124;GO:0005886;GO:0060009;GO:0043204;GO:0032355;GO:0004879;GO:0003682;GO:0060011;GO:0001547;GO:0043005;GO:1901215;GO:0045944;GO:0060750;GO:0008209;GO:0071392;GO:0003677;GO:0060065;GO:0043433;GO:0046325;GO:0060749;GO:0002064;GO:1990837;GO:0008013;GO:0019899;GO:0010629;GO:0003707;GO:0048662;GO:0043195;GO:0060523;GO:0008134;GO:0045899;GO:0042562;GO:0036312;GO:0090209;GO:0045429;GO:0045742;GO:0097550;GO:0071168;GO:0070374;GO:0044877;GO:0032991;GO:0030284;GO:0042802;GO:0042981;GO:0005634;GO:0050679;GO:0030520;GO:0005737;GO:0000122;GO:0005794;GO:0048863;GO:0007200;GO:0001223;GO:0060745;GO:0051091;GO:0002076;GO:0060687;GO:1903799;GO:0071391;GO:0008270;GO:0035327;GO:0007204;GO:0046697
B2SQQ1	GO:0003677;GO:0006351;GO:0032549;GO:0003899
Q8BUE7	GO:0042802;GO:0000187;GO:0005576;GO:0016324;GO:0009925;GO:0043065;GO:0048012;GO:0031528;GO:0005829;GO:0005741
Q56ZQ3	GO:0006511;GO:0030665;GO:0005509;GO:0005768;GO:0031902;GO:0005739;GO:0005802;GO:0000139;GO:0016021;GO:0061630;GO:0016020;GO:0005794;GO:0006896;GO:0017119;GO:0006623;GO:0005773
A3M7I8	GO:0030170;GO:0005737;GO:0006782;GO:0042286;GO:0008483
A3PNM1	GO:0006457;GO:0051082;GO:0005524
A8LQL4	GO:0006096;GO:0005576;GO:0009986;GO:0000015;GO:0004634;GO:0000287
Q5YNI0	GO:0006457;GO:0051082;GO:0005524
Q5A3P6	GO:0008289;GO:0018105;GO:0005634;GO:0004674;GO:0005938;GO:0035556;GO:0005524;GO:0006897
Q7Z408	GO:0005886;GO:0016021
B7IDH3	GO:0006082;GO:0008776;GO:0005737;GO:0005524;GO:0000287;GO:0006085
P32536	GO:0020002;GO:0039502;GO:0044175;GO:0039587;GO:0055036;GO:0019031;GO:0075512;GO:0016021;GO:0005198;GO:0039654;GO:0019062
P11701	GO:0009758;GO:0005576;GO:0050053
P41394	GO:0009086;GO:0009088;GO:0071266;GO:0004073;GO:0046983;GO:0050661;GO:0009089;GO:0009097;GO:0051287;GO:0009090;GO:0019877
Q18825	GO:0030054;GO:0005634;GO:0005737;GO:0045296;GO:0070986;GO:0005912;GO:1903356;GO:0061629;GO:0019903;GO:0016020;GO:0007617;GO:0005829;GO:0018991;GO:0035257;GO:0016342;GO:0040026;GO:0008134;GO:0030334;GO:0002009;GO:0007265;GO:0042659;GO:0045944;GO:0060070;GO:0040028;GO:0050830;GO:0001708;GO:0007155;GO:0000132;GO:0003713;GO:0034599;GO:0040035;GO:0043058;GO:0008340;GO:0045294;GO:0040024
A6L8T3	GO:0019464;GO:0008483;GO:0004047
P48579	GO:0004721;GO:0046872
Q8W127	GO:0005634;GO:0009740
B4S094	GO:0006412;GO:0016740;GO:0003735;GO:0019843;GO:0015934
Q9ES19	GO:0036091;GO:1990837;GO:0140468;GO:0001085;GO:0048167;GO:0042149;GO:1903204;GO:1990440;GO:0005634;GO:0000981;GO:0019901;GO:0035162;GO:0043522;GO:0090575;GO:1990037;GO:0005737;GO:0000122;GO:0030968;GO:0006355;GO:0046982;GO:0070059;GO:1903351;GO:0045893;GO:0032922;GO:0070309;GO:0000978;GO:0006357;GO:0005815;GO:0006874;GO:1990590;GO:0043525;GO:0043065;GO:0032590;GO:0008022;GO:0016607;GO:0007623;GO:0010575;GO:0010628;GO:0008134;GO:0000976;GO:0043267;GO:1990617;GO:0008140;GO:0005667;GO:0043565;GO:0140467;GO:0031667;GO:0043005;GO:2000120;GO:0000977;GO:0036499;GO:0090650;GO:0009636;GO:0034399;GO:0045944;GO:1990589;GO:0003700;GO:0034198;GO:0070169;GO:0030182;GO:1905461;GO:0120163;GO:0045667;GO:0034644;GO:0001228;GO:0003677;GO:0006094;GO:0032057;GO:0007214;GO:0030282;GO:0034599;GO:0045943;GO:0070982;GO:0032991;GO:1990737;GO:0034976;GO:0042789
Q6GC81	GO:0006541;GO:0003922;GO:0005524;GO:0016462
P46064	
C6DZK6	GO:0050511;GO:0008360;GO:0009252;GO:0007049;GO:0030259;GO:0051301;GO:0071555;GO:0005886;GO:0051991;GO:0005975
B6EMX2	GO:0006430;GO:0005737;GO:0004824;GO:0005524;GO:0000287
A4SZK1	GO:0005737;GO:0002949;GO:0005506;GO:0061711
A7MSC7	GO:0008360;GO:0009252;GO:0007049;GO:0051301;GO:0019277;GO:0008760;GO:0005737;GO:0071555
A8XY95	GO:0042558;GO:0008705;GO:0032259;GO:0008270;GO:0005829;GO:0031419
Q74DN5	GO:0016887;GO:0042626;GO:0005524;GO:0043190;GO:0006824
Q9D565	
Q11QB0	GO:0003924;GO:0003746;GO:0005737;GO:0005525
B5FH97	GO:0005737;GO:0009088;GO:0005524;GO:0004413
Q6TNS7	GO:0003924;GO:0001779;GO:0033077;GO:1903059;GO:0006886;GO:0012505;GO:0042803;GO:0046578;GO:0005525;GO:0030183
P0CQ94	GO:0005634;GO:0005730;GO:0003724;GO:0006364;GO:0005524;GO:0003723;GO:0042254
H2VFV1	GO:0140221;GO:0005576;GO:0033644;GO:0016021
Q8JGR7	GO:0032039;GO:0002088;GO:0034472;GO:0005694;GO:0006974
Q5QWP8	GO:0051287;GO:0000105;GO:0004399;GO:0008270
Q8N5I4	GO:0016491;GO:0005576;GO:0010508
Q4FYU7	GO:0017108;GO:0005739;GO:0006260;GO:0005730;GO:0043137;GO:0003677;GO:0005654;GO:0000287;GO:0048256;GO:0006284;GO:0008409
P48675	GO:0042802;GO:0005916;GO:0005921;GO:0005634;GO:0043292;GO:0097512;GO:0005737;GO:0005856;GO:0014704;GO:0045109;GO:0030018;GO:0031594;GO:0005911;GO:0045098;GO:0042383;GO:0008092
O83018	GO:0009401;GO:0005737;GO:0016301;GO:0046872;GO:0008965
B1I197	GO:0005737;GO:0004045;GO:0006412
Q733J9	GO:0006807;GO:0003924;GO:0005737;GO:0005525;GO:0016151
Q9VIE6	GO:0003697;GO:0046872;GO:0045678;GO:0006260;GO:0005634;GO:0035214;GO:0070868;GO:0042023;GO:0006270;GO:0030261;GO:0003688;GO:0031298;GO:1901693;GO:0003690;GO:0045931
A7HSG6	GO:0015937;GO:0005737;GO:0004594;GO:0005524
Q9M086	GO:0009908;GO:0010154;GO:0016567;GO:0005634;GO:0009793;GO:0048367;GO:0048827;GO:0048366;GO:0080008
B7ICR2	GO:0006351;GO:0003899;GO:0003677;GO:0008270;GO:0000287
A9KJJ4	GO:0005840;GO:0003735;GO:0019843;GO:0006412
Q9HWB8	GO:0006260;GO:0004527;GO:0006310;GO:0005524;GO:0004519
Q9ERE6	GO:0007015;GO:0035509;GO:0001725;GO:0005737;GO:0001934;GO:0051015;GO:0015629;GO:0032507
Q0ADY0	GO:0009014;GO:0009089;GO:0050897;GO:0008270;GO:0019877
F1QCY8	GO:0010803;GO:0060544;GO:0050727;GO:0005634;GO:0005737;GO:0012501;GO:1990108;GO:0070536
Q83GC6	GO:0004823;GO:0006429;GO:0002161;GO:0005737;GO:0005524
A6H064	GO:0050661;GO:0004324;GO:0050660
Q8FDH4	GO:0008152;GO:0047388;GO:0008882;GO:0000820;GO:0005524;GO:0000287
A5UMF3	GO:0003689;GO:0005663;GO:0005524;GO:0006260
A3D8E4	GO:0003676;GO:0005737;GO:0052914
Q9NYW8	GO:0006357;GO:0045892;GO:0005634;GO:0000981;GO:0005654;GO:0008270;GO:0006355;GO:0000977
F1M7Y5	GO:0018105;GO:0032869;GO:0005634;GO:0098978;GO:0035089;GO:1903078;GO:0045171;GO:0046326;GO:0070555;GO:0005737;GO:0045216;GO:0004674;GO:0006468;GO:0010976;GO:2000353;GO:0000139;GO:0048194;GO:0005886;GO:0005524;GO:0005829;GO:0015630;GO:0034351;GO:0007015;GO:0046872;GO:0004672;GO:0043220;GO:0004697;GO:0035556;GO:0004698;GO:0042462;GO:0098685;GO:0034613;GO:0043434;GO:0043524;GO:0099072;GO:0005543;GO:0005768;GO:0016324;GO:0016477;GO:0051092;GO:0031252;GO:0045177;GO:0060252
P21651	GO:0042802;GO:0000794;GO:0007131
Q4J8J7	GO:0004823;GO:0006429;GO:0002161;GO:0005737;GO:0005524
Q9CYA6	GO:0034470;GO:0005634;GO:0006397;GO:0031499;GO:0005654;GO:0008380;GO:0016604;GO:0008270;GO:0003723;GO:0071013
Q6C7U7	GO:0005737;GO:0030488;GO:0016300
B2IT66	GO:0009039;GO:0005737;GO:0016151;GO:0043419
P01131	GO:0042802;GO:0050729;GO:0036477;GO:0042159;GO:0005794;GO:0042632;GO:0015914;GO:0071398;GO:0008203;GO:0005041;GO:0010629;GO:0070508;GO:1990666;GO:0009986;GO:0090118;GO:0030299;GO:0016021;GO:0005770;GO:1905907;GO:0010867;GO:0010628;GO:0005509;GO:0006909;GO:0007616;GO:0034383;GO:0061889;GO:1903979;GO:0005905;GO:0005764;GO:0150094;GO:0071404;GO:0001540;GO:0002020;GO:0016323;GO:0009897;GO:0090181;GO:0005769;GO:0005771;GO:0034384;GO:0048844;GO:0061771;GO:1905167;GO:0034362;GO:0030229;GO:0030169;GO:0043235;GO:0045177;GO:0005901;GO:0010899;GO:0097443
Q99928	GO:0045211;GO:1902476;GO:0022851;GO:0005254;GO:0007165;GO:0004890;GO:0034707;GO:1904315;GO:0051932;GO:0045202;GO:0030594;GO:1902711;GO:0032590;GO:0005886;GO:0098982;GO:0005887;GO:0043005;GO:0060078;GO:0005237;GO:0007214;GO:0042391;GO:0042493;GO:0050877;GO:0007268;GO:0098794;GO:0099699;GO:0034220
A5CXS3	GO:0009317;GO:0016743;GO:0003989;GO:0006633;GO:0005524;GO:2001295
P77154	GO:0004553;GO:0030246;GO:0033831;GO:0005975
A5WH35	GO:0003677;GO:0006351;GO:0032549;GO:0003899
P31001	GO:0042802;GO:0005916;GO:0005921;GO:0005634;GO:0043292;GO:0045111;GO:0007517;GO:0097512;GO:0005737;GO:0005856;GO:0014704;GO:0005200;GO:0030018;GO:0031594;GO:0005911;GO:0045098;GO:0045109;GO:0042383;GO:0008092
P25994	GO:0006807;GO:0006526;GO:0005737;GO:0044205;GO:0005524;GO:0046872;GO:0006541;GO:0004088
Q9ER99	GO:0010829;GO:0030054;GO:1903077;GO:0045920;GO:0032243;GO:0050892;GO:0005654;GO:0005886;GO:0005794;GO:0016020;GO:0019871;GO:0006355;GO:0042997;GO:0005903;GO:0051051
Q73JJ8	GO:0006351;GO:0003899;GO:0003677;GO:0008270;GO:0000287
Q8JNB4	GO:0020002;GO:0044172;GO:0044163;GO:0039624;GO:0044168;GO:0016020;GO:0099008;GO:0039665;GO:0019062
B5BKB3	GO:0022900;GO:0005886;GO:0055085;GO:0016021
P16870	GO:0033366;GO:0005634;GO:0016485;GO:0030658;GO:0006464;GO:0050839;GO:0005794;GO:0016055;GO:0006518;GO:0005886;GO:0042043;GO:0003214;GO:0072657;GO:0070062;GO:0030072;GO:0030667;GO:0004180;GO:0007218;GO:0004181;GO:0008270;GO:0005615;GO:0030070
Q6RI88	GO:0048311;GO:0008510;GO:0033326;GO:0006820;GO:0006811;GO:0005886;GO:0016021;GO:0005452;GO:0060041;GO:0003014;GO:0016323;GO:0015701;GO:0016324;GO:0022857;GO:0050801;GO:0015301;GO:0006885;GO:0055085;GO:0003073;GO:0002064;GO:0051453;GO:0010468
Q7LBC6	GO:0006357;GO:0033169;GO:0072718;GO:0032454;GO:0005654;GO:0000118;GO:0003712;GO:0000785;GO:0046872;GO:0031490;GO:0051213;GO:0016209
Q920M5	GO:0007015;GO:0016477;GO:0051015
Q13444	GO:0008584;GO:0007229;GO:0031514;GO:0004222;GO:0001525;GO:0008237;GO:0042246;GO:0005912;GO:0009986;GO:0005886;GO:1990910;GO:0016021;GO:1900121;GO:0070062;GO:0046872;GO:0001953;GO:0060317;GO:0007160;GO:0022617;GO:0017124;GO:0030336;GO:0001669;GO:0030308;GO:0030198;GO:0005178;GO:0002418;GO:0030574;GO:1904628;GO:0005615;GO:0045087
Q753N1	GO:0042802;GO:0000778;GO:0034501;GO:0008017;GO:0051301;GO:0031262;GO:0051315
Q1QS58	GO:0042744;GO:0004096;GO:0046872;GO:0006979;GO:0020037
Q9FND8	
Q00987	GO:0016874;GO:0043021;GO:0010039;GO:0005654;GO:0043518;GO:0033612;GO:0006357;GO:0031648;GO:0061663;GO:0008097;GO:0061630;GO:0042176;GO:0005829;GO:0003203;GO:0032436;GO:0019789;GO:0046677;GO:0043278;GO:0005730;GO:0042975;GO:1904754;GO:0016579;GO:0018205;GO:0009636;GO:0002027;GO:0071456;GO:0051603;GO:0006511;GO:0032026;GO:0046827;GO:0005886;GO:1990000;GO:0071157;GO:0045931;GO:0097110;GO:0006977;GO:0008284;GO:0003181;GO:0071363;GO:0031625;GO:0045944;GO:0071494;GO:0045184;GO:0042220;GO:0003283;GO:0043161;GO:0071480;GO:0010977;GO:0001974;GO:0003281;GO:0072717;GO:0071312;GO:0047485;GO:1990785;GO:0019899;GO:0051865;GO:0016567;GO:0030666;GO:0016032;GO:0065003;GO:1901797;GO:0007089;GO:0034504;GO:0043130;GO:0051149;GO:0060411;GO:0019904;GO:0002039;GO:0048545;GO:0000209;GO:0032991;GO:0042802;GO:1904707;GO:0036369;GO:0005634;GO:1902254;GO:0005737;GO:0000122;GO:0070301;GO:0004842;GO:1904404;GO:0045202;GO:1901796;GO:0071375;GO:0097718;GO:0071301;GO:0001568;GO:0043154;GO:0045892;GO:0010955;GO:0071391;GO:0042493;GO:0008270;GO:0045472
Q8R418	GO:0090501;GO:0003725;GO:0051225;GO:0001942;GO:0048856;GO:0021522;GO:0031641;GO:0061309;GO:0001932;GO:0014835;GO:0001525;GO:0048713;GO:0038061;GO:0030425;GO:0005524;GO:0051216;GO:0070578;GO:0050727;GO:0050767;GO:0048730;GO:0048471;GO:0031069;GO:0019827;GO:0010070;GO:0030426;GO:0055013;GO:0035197;GO:0048608;GO:0035116;GO:0070883;GO:0045589;GO:0016246;GO:0060576;GO:0007284;GO:0030424;GO:0030324;GO:0021675;GO:0045664;GO:0010660;GO:0021987;GO:0004530;GO:0031508;GO:0032290;GO:0051252;GO:0006309;GO:0045944;GO:0070173;GO:2000736;GO:0003677;GO:0005793;GO:0016075;GO:0000212;GO:0031054;GO:0071335;GO:0001834;GO:0048812;GO:0021889;GO:0060253;GO:0030326;GO:0060119;GO:0003723;GO:0035148;GO:0045069;GO:0045595;GO:0010629;GO:0006396;GO:0035264;GO:0033168;GO:0090502;GO:0008283;GO:0051607;GO:0004525;GO:0010626;GO:0019904;GO:0048255;GO:0008593;GO:0016442;GO:0004386;GO:0009791;GO:0031643;GO:0010468;GO:0035198;GO:0030422;GO:0005634;GO:2000628;GO:0035196;GO:0032720;GO:0005737;GO:0000122;GO:2000630;GO:0004521;GO:0030423;GO:0010628;GO:0070062;GO:0046872;GO:0042487;GO:0048536;GO:0035087;GO:0048754;GO:0036404;GO:0035280;GO:0048565;GO:0051726;GO:0014040;GO:0061548
Q5AAF4	GO:0005522;GO:0005935;GO:0030428;GO:0000920;GO:0003779;GO:1903475;GO:0051017;GO:0017048;GO:0000142;GO:0043332;GO:0032177;GO:0032153;GO:0008092;GO:0051016;GO:0001411
Q8IX06	GO:0003676;GO:0005737;GO:0004527;GO:0005634
A9R0H8	GO:0003677;GO:0006351;GO:0032549;GO:0003899
Q3MHZ8	GO:0005576;GO:0005634;GO:0030246;GO:0005737;GO:0002376
Q8GZU0	GO:0035835;GO:0005634;GO:0016413;GO:0005737;GO:0009753
B4EE21	GO:0042744;GO:0004096;GO:0046872;GO:0006979;GO:0020037
P19431	GO:0051539;GO:0016168;GO:0018298;GO:0015979;GO:0016021;GO:0009535;GO:0009522;GO:0000287;GO:0009055
Q8SQA4	GO:0005509;GO:0004930;GO:0007155;GO:0007189;GO:0005615;GO:0007166;GO:0005887
A2C4I2	GO:0042026;GO:0005737;GO:0051082;GO:0005524
B2UW12	GO:0042026;GO:0005737;GO:0051082;GO:0005524
Q7MIL6	GO:0009014;GO:0009089;GO:0050897;GO:0008270;GO:0019877
A1WYD5	GO:0004851;GO:0043115;GO:0009236;GO:0032259;GO:0051266;GO:0051287;GO:0019354
A7GRL3	GO:0004151;GO:0044205;GO:0008270
A6X0A9	GO:0003677;GO:0006351;GO:0032549;GO:0003899
Q9LV26	
Q3SZI7	GO:0070085;GO:0000139;GO:0017119;GO:0006891;GO:0015031
A3DE29	GO:0008360;GO:0008963;GO:0007049;GO:0009252;GO:0051301;GO:0071555;GO:0005886;GO:0016021;GO:0051992
P25694	GO:0042802;GO:0034517;GO:0005739;GO:0005634;GO:0046034;GO:0010636;GO:0031134;GO:0072671;GO:0005737;GO:0030894;GO:0036266;GO:0006274;GO:0043332;GO:0034098;GO:0120174;GO:0000839;GO:1990171;GO:0030433;GO:0016320;GO:0043624;GO:0031593;GO:0005524;GO:2001168;GO:0005829;GO:0034727;GO:0071712;GO:1990112;GO:0097352;GO:1990116;GO:0005789;GO:0016887;GO:0043328;GO:0043130;GO:1900182;GO:0071630;GO:0000837;GO:0016236;GO:0051228;GO:0070651;GO:0043161;GO:0071629;GO:0030970;GO:0051974;GO:0019888
Q0BEW2	GO:0003723;GO:0051539;GO:0070041;GO:0005506
C5C8U3	GO:0009039;GO:0005737;GO:0016151;GO:0043419
Q10309	GO:0006890;GO:0140326;GO:0005768;GO:0005802;GO:0000139;GO:0005886;GO:0005794;GO:0045332;GO:0005524;GO:0016021;GO:0000287;GO:0006897
P22829	GO:0042802;GO:1990837;GO:0005739;GO:0005634;GO:0032496;GO:0005654;GO:0035259;GO:0046982;GO:0044344;GO:0045893;GO:0000978;GO:0043065;GO:0061469;GO:0051602;GO:0005829;GO:0004879;GO:0008134;GO:0002042;GO:0035924;GO:0005667;GO:0045444;GO:0031965;GO:0035914;GO:0043565;GO:0043154;GO:0000977;GO:0071376;GO:0045944;GO:0035767;GO:0006915;GO:0045786;GO:0071310;GO:0001228;GO:0003677;GO:0001938;GO:0008270
P12813	GO:1990837;GO:0005739;GO:0005634;GO:0032496;GO:0005654;GO:0035259;GO:0046982;GO:0044344;GO:0045893;GO:0000978;GO:0043065;GO:0061469;GO:0051602;GO:0005829;GO:0004879;GO:0008134;GO:0010035;GO:0002042;GO:0035924;GO:0005667;GO:0045444;GO:0031965;GO:0035914;GO:0043565;GO:0043154;GO:0000977;GO:0071376;GO:0045944;GO:0035767;GO:0006915;GO:0045786;GO:0071310;GO:0001228;GO:0003677;GO:0001938;GO:0008270
Q2L8Z5	GO:0006351;GO:0003899;GO:0003677;GO:0008270;GO:0009507
P08564	GO:0046872;GO:0055036;GO:0039619;GO:0019031;GO:0033650;GO:0075512;GO:0019013;GO:0016021;GO:0003723;GO:0039654;GO:0044178;GO:0019062
B8I6D9	GO:0019288;GO:0070402;GO:0030604;GO:0046872;GO:0016114
P0A118	GO:0003677;GO:1990077;GO:0008270;GO:0003896
Q3Z9C5	GO:0002161;GO:0005737;GO:0004832;GO:0005524;GO:0006438
O42611	GO:0005634;GO:0006355;GO:0006351;GO:0006325
O27518	GO:0043801;GO:0004590;GO:0016051;GO:0016840;GO:0016836;GO:0006207
P15151	GO:0038023;GO:0001618;GO:0034332;GO:0005925;GO:0045954;GO:0005912;GO:0016021;GO:0050776;GO:0007156;GO:0005737;GO:0005886;GO:0009986;GO:0042271;GO:0050839;GO:0005615;GO:0060370;GO:0002860;GO:0007157
P29845	GO:0006457;GO:0031072;GO:0051082;GO:0005739;GO:0034620;GO:0044183;GO:0006986;GO:0000422;GO:0016887;GO:0051787;GO:0070584;GO:0005737;GO:0042026;GO:0051085;GO:0005524;GO:0010918
Q66TN7	GO:0005576;GO:0004252;GO:0046872
Q5BDY8	GO:0005737;GO:0016853;GO:0016874;GO:0031177;GO:0000036
A5G276	GO:0004329;GO:0035999;GO:0005524
Q6IPM2	GO:0035108;GO:0005929;GO:0060170
Q27727	GO:0006096;GO:0020039;GO:0000015;GO:0042803;GO:0044403;GO:0004634;GO:0044409;GO:0000287;GO:0005829
Q6HX62	GO:0000034
Q8IVP9	GO:0000978;GO:0006357;GO:0005634;GO:0000981;GO:0046872
B7NEX9	GO:0006146;GO:0000034
B6JMN5	GO:0006541;GO:0003922;GO:0005524;GO:0016462
Q54CH8	GO:0005576;GO:0016021
P47950	GO:0005739;GO:0000178;GO:0006397;GO:0000175;GO:0003723
Q2NS25	GO:0030170;GO:0019264;GO:0005737;GO:0004372;GO:0035999
Q68E01	GO:0070876;GO:0032039;GO:0005634;GO:0042795;GO:0005654;GO:0007093;GO:0005737;GO:0006281;GO:0016180;GO:0010212;GO:0006974
Q48E42	GO:0042744;GO:0004096;GO:0046872;GO:0006979;GO:0020037
Q3M5C9	GO:0006351;GO:0003899;GO:0003677;GO:0008270;GO:0000287
P06701	GO:0003697;GO:0042802;GO:0003682;GO:0031493;GO:0031507;GO:0005720;GO:0000781;GO:0005739;GO:0070481;GO:0030466;GO:0005730;GO:0006348;GO:0034398;GO:0006303;GO:0001308;GO:0097695;GO:0005677;GO:0031491;GO:0003690;GO:0000784
O13033	GO:0002562;GO:0046872;GO:0033077;GO:0005634;GO:0030183;GO:0042393;GO:0065004;GO:0097519;GO:0061630;GO:0043565;GO:0033151;GO:0010390;GO:0008270;GO:0004519;GO:0042803;GO:0000287;GO:0004842;GO:1905347;GO:0002250;GO:0002331
Q15PX4	GO:0005737;GO:0030145;GO:0070006
Q03QP1	GO:0009380;GO:0009432;GO:0003677;GO:0006289;GO:0005737;GO:0009381
A8N2Y6	GO:0003779;GO:0030479;GO:0005524;GO:0003774;GO:0016459
Q88DU6	GO:0006526;GO:0044205;GO:0005524;GO:0046872;GO:0004088
Q87SX9	GO:0003924;GO:0000103;GO:0070814;GO:0005524;GO:0005525;GO:0004781
A8F4D4	GO:0008360;GO:0009252;GO:0000902;GO:0009103;GO:0006048;GO:0003977;GO:0071555;GO:0005737;GO:0000287;GO:0009245;GO:0019134
Q8YDB0	GO:0009014;GO:0009089;GO:0050897;GO:0008270;GO:0019877
B8FWU2	GO:0016260;GO:0000287;GO:0004756;GO:0005524
Q5F499	GO:0003924;GO:0000266;GO:0097749;GO:0008017;GO:0005743;GO:0070300;GO:0006915;GO:0016021;GO:1901612;GO:0005758;GO:0005737;GO:0016020;GO:0048285;GO:0061025;GO:0031966;GO:0008053;GO:0005525;GO:0003374;GO:0046039
B6IMM3	
P50899	GO:0016162;GO:0030245;GO:0030247;GO:0008810
Q9SYG9	GO:0006812;GO:0006814;GO:0016020;GO:0015297;GO:0016021;GO:0006813;GO:0008324
Q6LYU3	GO:0003922;GO:0005524;GO:0016462
O26543	GO:0009380;GO:0016887;GO:0009432;GO:0003677;GO:0006289;GO:0005737;GO:0009381;GO:0008270;GO:0005524
B2FUB3	GO:0005840;GO:0003735;GO:0006412
Q99IE6	GO:0046872;GO:0055036;GO:0039619;GO:0019031;GO:0033650;GO:0075512;GO:0019013;GO:0016021;GO:0003723;GO:0039654;GO:0044178;GO:0019062
Q9YH58	GO:0019556;GO:0019557;GO:0030412;GO:0030409;GO:0005542;GO:0005794;GO:0005814;GO:0035999
Q3IYM7	GO:0006457;GO:0051082;GO:0005524
Q2QM62	GO:0008017;GO:0003777;GO:0005874;GO:0005524;GO:0007018
A1ALT4	GO:0003677;GO:0006351;GO:0032549;GO:0003899
P08439	GO:0006096;GO:0005737;GO:0050661;GO:0051287;GO:0004365;GO:0006006
Q9C0E4	GO:0098887;GO:0045211;GO:0045777;GO:0098978;GO:0035254;GO:0014824;GO:0030159;GO:0099003;GO:0005886;GO:0030425;GO:0005829;GO:0007219;GO:0014069
B5EGF2	GO:0006096;GO:0005576;GO:0009986;GO:0000015;GO:0004634;GO:0000287
D4GU68	GO:0045232;GO:0005886;GO:0006486;GO:0016021
Q4A054	GO:0016491
Q8DUN5	GO:0050661;GO:0004324;GO:0050660
A6UEE2	GO:0004823;GO:0006429;GO:0002161;GO:0005737;GO:0005524
P28876	GO:0120029;GO:0046872;GO:0051286;GO:0016887;GO:1902600;GO:0005886;GO:0008553;GO:0005524;GO:0016021;GO:0032153;GO:0051453
Q21NV7	GO:0051539;GO:0004160;GO:0009099;GO:0009097;GO:0046872
Q86XN6	GO:0000978;GO:0006357;GO:0005634;GO:0000981;GO:0046872
Q8J2N2	GO:0005576;GO:0004177;GO:0046872
Q8E0I1	GO:0003676;GO:0006430;GO:0005737;GO:0004824;GO:0005524;GO:0000287
Q96JG6	GO:0055037;GO:0070062;GO:0015031;GO:0016020;GO:1990745;GO:0005829;GO:0000149;GO:0032456
A7X2C5	GO:0009405;GO:0016020
Q8BLF1	GO:0006805;GO:0016787;GO:0017171;GO:0046485;GO:0060395;GO:0016042;GO:0016020;GO:0005886;GO:0052689;GO:0005783;GO:0016021;GO:0042301;GO:0006470
Q56TN0	GO:0003700;GO:0006357;GO:0005634;GO:0005667;GO:0003677;GO:0005783;GO:0005829
Q6QEF8	GO:0007015;GO:0016477;GO:0051015
Q87VK8	GO:0051539;GO:0005506;GO:0003824
A3PD91	GO:0043815;GO:0004644;GO:0005524;GO:0006189;GO:0000287
Q8BGS3	GO:0000978;GO:0006357;GO:0005634;GO:0000981;GO:0046872
Q28019	GO:0005509;GO:0097435;GO:0008201;GO:0071953;GO:0050436;GO:0019838;GO:0001527
B1HMT3	GO:0000287;GO:0008966;GO:0005975
Q92XJ0	GO:0000287;GO:0005887;GO:0005524;GO:0008556
Q62ES6	GO:0005198;GO:0071973;GO:0009428;GO:0030288
Q9LN22	GO:0005739
P40339	GO:0031389;GO:0005634;GO:0016887;GO:0007062;GO:0006272;GO:0003677;GO:0005663;GO:0006281;GO:0031391;GO:0005524;GO:0005829;GO:0031390;GO:0006261
Q6S5L8	GO:0045211;GO:0019904;GO:0006915;GO:0019901;GO:0030971;GO:0008284;GO:0035556;GO:0005886;GO:0007169;GO:0048863;GO:0010468
G5EEE9	GO:0043052;GO:0044306;GO:0004672;GO:0046872;GO:0016048;GO:0007165;GO:0016021;GO:0035556;GO:0005886;GO:0007168;GO:0001653;GO:0005524;GO:0005929;GO:0005525;GO:0040040;GO:0004383;GO:0006182
A7IAK4	GO:0000049;GO:0006417;GO:0006412;GO:0003735;GO:0019843;GO:0015934
P62047	GO:0005737;GO:0006096;GO:0004459
A1S965	GO:0019464;GO:0004375
A1S850	GO:0008933;GO:0016998;GO:0071555;GO:0016837;GO:0009279
Q9H9D4	GO:0042802;GO:0000978;GO:0006357;GO:0005634;GO:0000981;GO:0046872
O14011	GO:0005681;GO:0071006;GO:0005634;GO:0071014;GO:0000974;GO:0045292;GO:0061630;GO:0005737;GO:0006281;GO:0070534;GO:0005635;GO:0000349;GO:0005829;GO:0004842;GO:0071013
A4QBT6	GO:0005737;GO:0002949;GO:0005506;GO:0061711
Q92JM4	
Q8JZP9	GO:0008017;GO:0045647;GO:0010629;GO:0008093;GO:0009267;GO:0007026;GO:0005737;GO:0005884;GO:0007050;GO:0051015;GO:0001578;GO:0046966;GO:0051726;GO:0051764;GO:0097067;GO:0031110;GO:1904825;GO:0030308;GO:0000226
Q8IY51	GO:0003677;GO:0005634
Q9QYK2	GO:0007005;GO:0009409;GO:0005719;GO:1990843;GO:0014912;GO:0031490;GO:0001666;GO:0071398;GO:2001171;GO:0000422;GO:0071332;GO:1904635;GO:0005829;GO:1901860;GO:0042975;GO:0043565;GO:0031667;GO:0007568;GO:0043524;GO:0043014;GO:0022626;GO:0071456;GO:0006094;GO:0097440;GO:0030331;GO:0031325;GO:1990841;GO:0010822;GO:0071356;GO:0071354;GO:0006355;GO:0045893;GO:0097009;GO:1901558;GO:0060612;GO:0019395;GO:0051602;GO:0002931;GO:0001933;GO:0003682;GO:0071222;GO:0120162;GO:0031625;GO:1901215;GO:0030900;GO:0042752;GO:0045944;GO:0030374;GO:0097066;GO:1990845;GO:0008209;GO:0046321;GO:0071392;GO:0003677;GO:0034599;GO:1901857;GO:0006012;GO:0043201;GO:1904640;GO:0071560;GO:0071372;GO:2000310;GO:0003723;GO:0071250;GO:0032922;GO:0071313;GO:2000272;GO:0048662;GO:0000302;GO:0014732;GO:0051552;GO:0016605;GO:0008134;GO:0071871;GO:1904637;GO:0045820;GO:0071333;GO:0014850;GO:0002021;GO:0005634;GO:1901863;GO:0005737;GO:0097067;GO:0071873;GO:1904639;GO:0035865;GO:0014823;GO:0048661;GO:0009750;GO:0043025;GO:0010628;GO:0051091;GO:2000184;GO:0014070;GO:0016922;GO:0014878;GO:0021549;GO:1990844;GO:0090258;GO:0022904;GO:0003713;GO:0042493;GO:0003712;GO:0042594
Q5WGL6	GO:0030170;GO:0008721;GO:0046416;GO:0016836
P25371	GO:0005789;GO:0016887;GO:0016021;GO:0055085;GO:0005737;GO:0042626;GO:0000329;GO:0005783;GO:0005524;GO:0000324
B4RBX8	GO:0000049;GO:0006424;GO:0005737;GO:0005524;GO:0008270;GO:0004818
Q7G7J6	GO:0003700;GO:0005634;GO:0009740;GO:0043565;GO:0003712;GO:0006355
Q3ICZ5	GO:0051539;GO:0046429;GO:0019288;GO:0005506;GO:0016114
B8JDY8	GO:0019464;GO:0004375;GO:0009116
B6CJY4	GO:0007250;GO:0042802;GO:0042981;GO:0050852;GO:0042088;GO:0005634;GO:0001843;GO:0043011;GO:0047485;GO:0000122;GO:0043123;GO:0007249;GO:0004842;GO:0051865;GO:0006974;GO:0005164;GO:0035631;GO:0031435;GO:0042826;GO:0061630;GO:0070534;GO:0005829;GO:0032743;GO:2000679;GO:0051023;GO:0001503;GO:0071222;GO:0043507;GO:0032755;GO:0031666;GO:0045453;GO:0031625;GO:0043422;GO:0042475;GO:0048471;GO:0045944;GO:0031996;GO:0030316;GO:0009898;GO:0070498;GO:1904996;GO:0005938;GO:0019886;GO:0048468;GO:0042102;GO:0045672;GO:0008270;GO:0031624;GO:0051092;GO:0002726;GO:0032735;GO:0005811
P17036	GO:0042802;GO:0006357;GO:0001227;GO:0000790;GO:0000981;GO:0003677;GO:0000122;GO:0007275;GO:0008270;GO:0000977;GO:0030154;GO:0045321
A0ACX8	GO:0042744;GO:0004096;GO:0046872;GO:0006979;GO:0020037
P14335	GO:0039694;GO:0003725;GO:0039502;GO:0042025;GO:0019031;GO:0039564;GO:0004483;GO:0075512;GO:0005198;GO:0005576;GO:0044220;GO:0004482;GO:0005524;GO:0016021;GO:0019028;GO:0003724;GO:0003968;GO:0039654;GO:0039574;GO:0055036;GO:0046983;GO:0039563;GO:0044167;GO:0046872;GO:0039520;GO:0019062;GO:0004252;GO:0039576
P58939	GO:0006526;GO:0044205;GO:0005524;GO:0046872;GO:0004088
B2UW70	GO:0009039;GO:0005737;GO:0016151;GO:0043419
Q161S8	GO:0009039;GO:0005737;GO:0016151;GO:0043419
Q80T03	GO:0030277;GO:0005615;GO:0031012
Q7RTZ2	GO:0006511;GO:0042981;GO:0004843;GO:0006915;GO:0005634;GO:0004197;GO:0016579;GO:0005783;GO:0005829
Q323M3	GO:0046677;GO:0015562;GO:0008559;GO:0016887;GO:0005524;GO:0005887;GO:1990961
Q1QL75	GO:0006457;GO:0051301;GO:0007049;GO:0005737;GO:0003755;GO:0015031
Q9R0P3	GO:0042802;GO:0016788;GO:0046294;GO:0031410;GO:0052689;GO:0005829;GO:0018738
B5ZA35	GO:0051539;GO:0006400;GO:0035596;GO:0005737;GO:0046872
A0A1S5RW73	GO:0016853;GO:0010333;GO:0016102;GO:0000287;GO:0009507
P22221	GO:0006090;GO:0015979;GO:0016301;GO:0005524;GO:0046872;GO:0009507;GO:0050242
Q5HLW1	GO:0009039;GO:0005737;GO:0016151;GO:0043419
Q9DB26	GO:0051213;GO:0046872
Q83NI2	GO:0006457;GO:0031072;GO:0051082;GO:0006260;GO:0009408;GO:0005737;GO:0008270;GO:0005524
A0QWU2	GO:0004479
A1K5U3	GO:0006541;GO:0003922;GO:0005524;GO:0016462
Q91X21	GO:0016021
Q8K2J4	GO:0005737;GO:0034451;GO:0071539;GO:0005813
P27619	GO:0007291;GO:0007435;GO:0044327;GO:0045211;GO:0048489;GO:1903475;GO:0150007;GO:0005737;GO:0007612;GO:0032956;GO:0005525;GO:0031410;GO:0030838;GO:0048499;GO:0003374;GO:0030424;GO:0031623;GO:0045202;GO:0072583;GO:0000266;GO:0030866;GO:0003779;GO:0016185;GO:0040008;GO:0098884;GO:0150008;GO:0030707;GO:0048285;GO:0005886;GO:0010508;GO:0016020;GO:0008355;GO:0001933;GO:0015630;GO:0070864;GO:0043197;GO:0003924;GO:0007614;GO:0008017;GO:0050803;GO:0090148;GO:0046667;GO:0001738;GO:0007613;GO:0036465;GO:0098793;GO:0030536;GO:0048488;GO:0098844;GO:0072686;GO:0007637;GO:0014069;GO:0034334;GO:0032970;GO:0072659;GO:0030198;GO:0001661;GO:0007298;GO:0007424;GO:0005874;GO:0046843;GO:0007427;GO:0048172;GO:0035186;GO:0061025;GO:0007349;GO:0031966;GO:0007268;GO:0006897;GO:0035152;GO:0061883
Q67S54	GO:0006457;GO:0051082;GO:0005524
Q73V62	GO:0000287;GO:0016779;GO:0005524
Q0CWI2	GO:0005634;GO:0043138;GO:0003677;GO:0006281;GO:0005524
A6VZB3	GO:0000049;GO:0006424;GO:0005737;GO:0005524;GO:0008270;GO:0004818
Q86W11	GO:0000978;GO:0006357;GO:0005634;GO:0000981;GO:0046872
P49095	GO:0004375;GO:0006730;GO:0005739;GO:0005960;GO:0030170;GO:0016594;GO:0019464
Q80ZF8	GO:0007520;GO:0048814;GO:0099558;GO:0007166;GO:0043083;GO:0004930;GO:0007189;GO:0061743;GO:0005886;GO:0098794;GO:0051965;GO:0016322;GO:0005096;GO:0005887;GO:0016525
P02541	GO:0042802;GO:0031594;GO:0005916;GO:0005634;GO:0097512;GO:0005737;GO:0014704;GO:0045109;GO:0030018;GO:0005882;GO:0042383;GO:0008092
P34430	GO:0004722;GO:0005737;GO:0005634
Q8B0I0	GO:0019012;GO:0004482;GO:0030430;GO:0005524;GO:0003968;GO:0039689
Q9SEA0	GO:0052728;GO:0016117;GO:0052727;GO:0009509;GO:0016705
Q9Y6D6	GO:0090284;GO:0005802;GO:0006887;GO:0005654;GO:0010256;GO:0005794;GO:0032012;GO:0016363;GO:0000139;GO:0034237;GO:0007030;GO:0017022;GO:0005829;GO:0043547;GO:0005085;GO:0005730;GO:0030532;GO:2000114;GO:0090303;GO:0030837;GO:0005086;GO:0048471;GO:0034260;GO:0031175;GO:0051897;GO:0015031
B1YV41	GO:0008712;GO:0050661;GO:0097171;GO:0005975
Q8LGU7	GO:0046872;GO:0042780;GO:0005634;GO:0008033;GO:0005737;GO:0042781
C6DEP6	GO:0006412;GO:0006464;GO:0016881;GO:0005524;GO:0046872
Q10F39	GO:0003676;GO:0031047
Q84I33	GO:0051301;GO:0007049;GO:0003677;GO:0007059;GO:0005886;GO:0005524;GO:0016021
A5W241	GO:0042744;GO:0004096;GO:0046872;GO:0006979;GO:0020037
A9KPF4	GO:0006007;GO:0006096;GO:0005737;GO:0030145;GO:0046537
P07728	GO:0045735
Q2GZU7	GO:0000463;GO:0005730;GO:0003724;GO:0005524;GO:0003723
B3Q760	GO:0000287;GO:0004775;GO:0005524;GO:0006099
Q6ZW31	GO:0031532;GO:1901165;GO:0007165;GO:0030695;GO:0090630;GO:0016477;GO:0051056;GO:0005829;GO:0005096;GO:0051493
Q9Y3L3	GO:0071526;GO:0030215;GO:0005634;GO:0051058;GO:0035020;GO:0030027;GO:0032956;GO:0043535;GO:0006911;GO:0005912;GO:0001891;GO:0034329;GO:0030834;GO:0045198;GO:0005829;GO:0043547;GO:0005096;GO:0007015;GO:0017124;GO:0048365;GO:0016477;GO:0005923;GO:0031252
A7MBJ4	GO:0008201;GO:0099560;GO:0004725;GO:0016477;GO:0016021;GO:0035335;GO:0006470;GO:1900121
A6W5K2	GO:0019932;GO:0003677;GO:0006281;GO:0005524;GO:0016779
Q9JWG3	GO:0006310
C5C9U0	GO:0006402;GO:0006396;GO:0005737;GO:0004654;GO:0003723;GO:0000287
Q3BWZ1	GO:0003677;GO:0006351;GO:0032549;GO:0003899
Q60430	GO:0046426;GO:0005634;GO:2000675;GO:0090575;GO:0005737;GO:0071156;GO:0046982;GO:0045893;GO:0042593;GO:0045666;GO:0045597;GO:0009749;GO:0043065;GO:0023019;GO:0048666;GO:0048839;GO:0030073;GO:0007263;GO:2000679;GO:0035883;GO:0003682;GO:0035881;GO:0051091;GO:0003329;GO:0021549;GO:0009952;GO:0001102;GO:0045944;GO:0003326;GO:0031018;GO:0070888;GO:0001228;GO:0060730;GO:0048562;GO:0021542
A1SRR5	GO:0005737;GO:0002949;GO:0005506;GO:0061711
Q1IG31	GO:0005737;GO:0002949;GO:0005506;GO:0061711
Q88QU6	GO:0005737;GO:0002949;GO:0005506;GO:0061711
A8GIL1	GO:0004457;GO:0010181;GO:0005886;GO:0019516
Q6NUA7	GO:0005788;GO:0015031
Q84M91	GO:0000914;GO:0005730;GO:0005875;GO:0000911;GO:0009524;GO:0009574;GO:0005829
B8ZQ31	GO:0003678;GO:0000724;GO:0005524;GO:0003690;GO:0008409
Q2JKX6	GO:0005737;GO:0006096;GO:0004618;GO:0005524
K7R4D4	GO:0006004;GO:0000139;GO:0071555;GO:0005794;GO:0016757;GO:0016021
P13682	GO:0003700;GO:0046872;GO:0006357;GO:0007283;GO:0000790;GO:0000981;GO:0005634;GO:0071300;GO:0003677;GO:0043565;GO:0006355;GO:0000977;GO:0048471
P18563	GO:0038023;GO:0005925;GO:0033627;GO:0005178;GO:0007160;GO:1901388;GO:0007229;GO:0034685
Q8XW31	GO:0019556;GO:0019557;GO:0005737;GO:0050480;GO:0008270;GO:0005506
Q7NU22	GO:0005198;GO:0071973;GO:0009428;GO:0030288
Q06184	GO:0016233;GO:0043047;GO:0000784
Q16D45	GO:0006457;GO:0051082;GO:0005524
A0A067XMT3	GO:0032259;GO:0008168
Q39231	GO:0005985;GO:0005634;GO:0008506;GO:0005886;GO:0016020;GO:0005887;GO:0005773
Q8BIK4	GO:0005085;GO:0007264;GO:0017048;GO:0012505;GO:0016020;GO:0005089;GO:0043547
Q29KL8	GO:0070840;GO:0060271;GO:0005930;GO:0044458
Q25460	GO:0005576
Q6ANW2	GO:0005524;GO:0004357;GO:0004363;GO:0046872
P42106	GO:0046872;GO:0008127
Q97IG3	GO:0006419;GO:0000049;GO:0005737;GO:0004813;GO:0005524;GO:0008270
Q5NU32	GO:0006584;GO:0042135;GO:0016491;GO:0016021;GO:0005741
B1L1I1	GO:0006094;GO:0006096;GO:0005737;GO:0004347
P20023	GO:0001618;GO:0042100;GO:0004875;GO:0070062;GO:0006955;GO:0001848;GO:0004888;GO:0003677;GO:0005886;GO:0042803;GO:0030449;GO:0016021;GO:0006958;GO:0043235;GO:0045087;GO:0030183
B2SC17	GO:0009014;GO:0009089;GO:0050897;GO:0008270;GO:0019877
Q2KHM9	GO:0005813;GO:0007099;GO:0071539;GO:0034451;GO:0005814;GO:0005829
Q8BUR3	GO:1990837;GO:0000978;GO:0005634;GO:0001228;GO:0043565;GO:0045944
Q8J136	GO:0042597;GO:0050233;GO:0050660
Q4U4T0	GO:0005576;GO:0000272;GO:0004568;GO:0006032;GO:0009405;GO:0030248;GO:0008061
Q8ED70	GO:0006260;GO:0003677;GO:0006288;GO:0046872;GO:0005829;GO:0003911
Q5QV55	GO:0005737;GO:0008990
Q9LW32	GO:0008270;GO:0005739
Q504P2	GO:0030246;GO:0009986;GO:0019903;GO:0005886;GO:0016021;GO:0050776
Q68XY3	GO:0051539;GO:0010181;GO:0048038;GO:0051287;GO:0046872;GO:0008137
O08653	GO:0070034;GO:0000781;GO:0016363;GO:0002039;GO:0000722;GO:0005737;GO:0005524;GO:0005697;GO:0003723;GO:1990904;GO:0019899;GO:0006278
P20988	GO:0030430
Q03QN6	GO:0006457;GO:0051301;GO:0007049;GO:0005737;GO:0003755;GO:0015031
Q5EB47	GO:0000932;GO:0010494;GO:0010587;GO:0005634;GO:0019827;GO:0005791;GO:0005730;GO:0031123;GO:1905538;GO:0008270;GO:0031054;GO:0003723;GO:1990904;GO:2000767;GO:0005844
D1ZQL9	GO:0030145;GO:0070006
A6W6X2	GO:0006096;GO:0005576;GO:0009986;GO:0000015;GO:0004634;GO:0000287
P29750	GO:2001070;GO:0004556;GO:0103025;GO:0046872;GO:0005975
B2IBR4	GO:0006457;GO:0051082;GO:0005524
Q21SJ8	GO:0006457;GO:0005737;GO:0051082;GO:0005524
B4SJ16	GO:0016992;GO:0051539;GO:0005737;GO:0102553;GO:0046872;GO:0102552;GO:0009249
B6CJY5	GO:0007250;GO:0042802;GO:0042981;GO:0050852;GO:0042088;GO:0005634;GO:0001843;GO:0043011;GO:0047485;GO:0000122;GO:0043123;GO:0007249;GO:0004842;GO:0051865;GO:0006974;GO:0005164;GO:0035631;GO:0031435;GO:0042826;GO:0061630;GO:0070534;GO:0046330;GO:0005829;GO:0032743;GO:2000679;GO:0051023;GO:0001503;GO:0071222;GO:0043507;GO:0032755;GO:0031666;GO:0045453;GO:0031625;GO:0043422;GO:0042475;GO:0033209;GO:0048471;GO:0045944;GO:0031996;GO:0030316;GO:0009898;GO:0070498;GO:0043122;GO:0005938;GO:0019886;GO:0048468;GO:1904996;GO:0042102;GO:0045672;GO:0008270;GO:0031624;GO:0051092;GO:0002726;GO:0032735;GO:0005811
B1MY98	GO:0003676;GO:0004815;GO:0005737;GO:0006422;GO:0005524
Q99ZW2	GO:0008408;GO:0003677;GO:0043571;GO:0004520;GO:0051607;GO:0046872;GO:0003723
Q606N7	GO:0000105;GO:0005737
Q97ZH0	GO:0002940;GO:0004809;GO:0000049
X2EW55	GO:0102628;GO:0051762;GO:0102627;GO:0005506;GO:0016021;GO:0016114;GO:0020037
P11657	GO:0005576;GO:0005618
Q9FW70	GO:0005871;GO:0003777;GO:0008017;GO:0005874;GO:0016887;GO:0005524;GO:0046872;GO:0007018;GO:0009507
Q31BA3	GO:0051539;GO:0004160;GO:0009099;GO:0009097;GO:0046872
F1NTD6	GO:0032508;GO:0006307;GO:0005634;GO:0099053;GO:0043138;GO:0008283;GO:0016607;GO:0005524;GO:0003723;GO:0005829
A6MVX4	GO:0006351;GO:0003899;GO:0032549;GO:0003677;GO:0009507
Q4PHV3	GO:0097344;GO:0005656;GO:0006364;GO:0030174
A5ICM2	GO:0006541;GO:0003922;GO:0005524;GO:0016462
B9E972	GO:0005504;GO:0006631;GO:0071949;GO:0050151;GO:0042803;GO:0009636
A4Y199	GO:0003924;GO:0006400;GO:0005737;GO:0046872;GO:0005525
B0SCA8	GO:0008616;GO:0101030;GO:0008479;GO:0046872
Q9UT02	GO:0006886;GO:0032012;GO:0005798;GO:0005794;GO:0005086;GO:0006888
P0DTU5	GO:0008289;GO:0008203;GO:0034364;GO:0006869;GO:0042157
Q8C6K9	GO:0005576;GO:0031012;GO:0007155;GO:0062023;GO:0005581
O02373	GO:0008543;GO:0015014;GO:0016055;GO:0006024;GO:0005634;GO:0003979;GO:0006065;GO:0007367;GO:0007427;GO:0007509;GO:0051287;GO:0030206;GO:0005829
Q64318	GO:0071230;GO:0048598;GO:0005634;GO:0008285;GO:0005654;GO:0000122;GO:0051150;GO:0045666;GO:0033081;GO:0048596;GO:0005829;GO:0051216;GO:0003690;GO:0003682;GO:0048704;GO:0001227;GO:0048513;GO:0043565;GO:0007389;GO:0048752;GO:0010464;GO:0045944;GO:0045602;GO:0045892;GO:0030857;GO:0007417;GO:0070888;GO:0017015;GO:0090103;GO:0046872
P21927	GO:0005576;GO:0004104;GO:0003990
Q56WF8	GO:0005576;GO:0005773;GO:0004185
B0URM0	GO:0003677;GO:0004386;GO:0005524;GO:0006355
O35206	GO:0005604;GO:0005201;GO:0001886;GO:0001525;GO:0031012;GO:0007155;GO:0005615;GO:0062023;GO:0005581;GO:0030198
Q9UUI6	GO:0000978;GO:0008156;GO:0005634;GO:0071171;GO:0005654;GO:1990943
P08120	GO:0005604;GO:0005201;GO:0060729;GO:0038063;GO:0007391;GO:0031012;GO:0055013;GO:0035848;GO:0071711;GO:0005615;GO:0005587;GO:0048621;GO:0030198
A2BQQ9	GO:0051539;GO:0004160;GO:0009099;GO:0009097;GO:0046872
B5RCC4	GO:0099619;GO:0046677;GO:0009103;GO:0099618;GO:0009245
Q2IJ93	GO:0003924;GO:0003746;GO:0005737;GO:0005525
Q6UDJ1	GO:0046872;GO:0009186;GO:0004748;GO:0006260;GO:0019046;GO:0033644;GO:0009263;GO:0016021
Q6A8Z5	GO:0008033;GO:0052381;GO:0005524
Q6Q760	GO:0060075;GO:0070588;GO:0005261;GO:0071805;GO:0034765;GO:0005272;GO:0035725;GO:0016021;GO:0005244;GO:0022840
Q1I733	GO:0005198;GO:0071973;GO:0009428;GO:0030288
Q5TGY1	GO:0016021
Q4LDD4	GO:0005802;GO:0001921;GO:0005654;GO:0005794;GO:0031410;GO:0007179;GO:0045893;GO:0008360;GO:0051270;GO:0051491;GO:0005886;GO:0043231;GO:0005829;GO:0043547;GO:0005096;GO:0031702;GO:0070412;GO:0008134;GO:0000976;GO:0005547;GO:0060395;GO:0051497;GO:0003700;GO:0046872;GO:0032580
P48578	GO:0005634;GO:0005730;GO:0006952;GO:0005737;GO:0000159;GO:0046872;GO:0005829;GO:0004721;GO:0006470
Q8NM64	GO:0042026;GO:0005737;GO:0051082;GO:0005524
A7MIJ7	GO:0005737;GO:0009088;GO:0005524;GO:0004413
Q38394	GO:0098024;GO:0046718;GO:0019062
Q58598	GO:0003676;GO:0031072;GO:0051082;GO:0046872
Q0KL00	GO:0042802;GO:0033625;GO:0050982;GO:0005261;GO:0005789;GO:0033116;GO:0016021;GO:0071260;GO:0005886;GO:0016020;GO:0031258;GO:0005783;GO:0008381;GO:0033634;GO:0042391;GO:0006812
P94534	GO:0019154;GO:0051539;GO:0005886;GO:0046872
A9ADP0	GO:0009073;GO:0005737;GO:0009423;GO:0000166;GO:0046872;GO:0003856
B8GAC1	GO:0006260;GO:0003677;GO:0006281;GO:0046872;GO:0003911
B0SAV3	GO:0004367;GO:0046167;GO:0005975;GO:0009331;GO:0006650;GO:0046168;GO:0051287;GO:0008654
Q24NA9	GO:0016260;GO:0000287;GO:0004756;GO:0005524
Q0I8P5	GO:0051539;GO:0046872;GO:0019685;GO:0005524;GO:0016730;GO:0036068;GO:0016636
Q9FG00	GO:0042946;GO:0009908;GO:0051119;GO:0005985;GO:0008515;GO:0042950;GO:0042951;GO:0008506;GO:0005364;GO:0009909;GO:0015768;GO:0005886;GO:0016020;GO:0005887;GO:0005773
Q8X8K4	GO:0016887;GO:0005524
Q9VAQ7	GO:0005681;GO:0000386;GO:0008380;GO:0005737;GO:0000389;GO:0016607;GO:0000398;GO:0046872;GO:0030628
P23231	GO:0006886;GO:0015450;GO:0005741;GO:0016021
Q58D00	
Q9LZ06	GO:0046686;GO:0010731;GO:0005886;GO:0004364;GO:0009636;GO:0005829
Q9EZV1	GO:0042026;GO:0005737;GO:0051082;GO:0005524
A9BIS7	GO:0006096;GO:0005576;GO:0009986;GO:0000015;GO:0004634;GO:0000287
O57191	GO:0006260;GO:0004527;GO:0003887;GO:0003677;GO:0000166;GO:0039693
A0PW28	GO:0006782;GO:0050661;GO:0008883
Q65RP0	GO:0005737;GO:0002949;GO:0005506;GO:0061711
P46285	GO:0006000;GO:0005986;GO:0050278;GO:0006094;GO:0005737;GO:0019253;GO:0006002;GO:0046872;GO:0042132;GO:0009507;GO:0030388
P39367	GO:0016021
Q6FU45	GO:0006378;GO:0005739;GO:0072423;GO:0098789;GO:0003723;GO:0005829;GO:0005849
Q8XYX1	GO:0017150;GO:0010181;GO:0000049;GO:0050660
B2SWS5	GO:0051539;GO:0051537;GO:0004076;GO:0005506;GO:0009102
C5WU23	GO:0017108;GO:0005739;GO:0006260;GO:0005730;GO:0043137;GO:0003677;GO:0005654;GO:0000287;GO:0048256;GO:0006284;GO:0008409
A1AZF8	GO:0004814;GO:0004820;GO:0006426;GO:0006420;GO:0005737;GO:0005524
O67036	GO:0016744;GO:0052865;GO:0009228;GO:0008661;GO:0019288;GO:0030976;GO:0000287;GO:0016114;GO:0005829
Q49427	GO:0006633;GO:0005737;GO:0043811;GO:0008654
A1Z8D0	GO:1901838;GO:0032869;GO:0005634;GO:0005730;GO:0007281;GO:0008584;GO:0005654;GO:0030707;GO:0045945;GO:0090070;GO:0036098;GO:0005694;GO:0030723;GO:0031490;GO:0042254;GO:0010468
Q9H4M7	GO:0042802;GO:2000096;GO:0090263;GO:0005546;GO:0032266;GO:0005737;GO:0005886;GO:0043325;GO:0006661;GO:0080025;GO:0031234
Q6BEA0	GO:0007414;GO:0008360;GO:0030334;GO:1902287;GO:0002116;GO:0017154;GO:0043087;GO:0050772;GO:0007162;GO:0007411;GO:0016021;GO:0001763;GO:0005887
A6VBU7	GO:0006428;GO:0004822;GO:0002161;GO:0000049;GO:0005737;GO:0005524;GO:0008270
Q6G0J2	GO:0004457;GO:0010181;GO:0005886;GO:0019516
A9BAY8	GO:0006782;GO:0005737;GO:0004853
Q8Y7A4	GO:0006400;GO:0016705
Q7MT48	GO:0005525;GO:0042254
P73421	GO:0032508;GO:0043590;GO:0043138;GO:0003677;GO:0006281;GO:0005737;GO:0006310;GO:0030894;GO:0005694;GO:0005524;GO:0009378
B8EJY5	GO:0006189;GO:0004641;GO:0005524;GO:0005737
C4KJ24	GO:0005737;GO:0008270;GO:0050897;GO:0016811;GO:0042450;GO:0019878
A1C3U1	GO:0003723;GO:0006397;GO:0005634
Q96NG8	GO:0006357;GO:0001227;GO:0000790;GO:0000981;GO:0000122;GO:0046872;GO:0000977
A1WIG8	GO:0006419;GO:0000049;GO:0005737;GO:0004813;GO:0005524;GO:0008270
O15457	GO:0008094;GO:0007283;GO:0001541;GO:0005634;GO:0007131;GO:0000712;GO:0003677;GO:0000710;GO:0005524;GO:0007129;GO:0007292;GO:0005713;GO:0000795;GO:0030983;GO:0000228
O74364	GO:0006357;GO:0045892;GO:0005634;GO:0007155;GO:0005667;GO:0005737;GO:0000122;GO:0003712;GO:0001102;GO:0045944
Q9UXB2	GO:0003862;GO:0047046;GO:0005737;GO:0051287;GO:0000287;GO:0009098;GO:0009085
Q8BRH4	GO:0042393;GO:0005634;GO:0005654;GO:0042800;GO:0061029;GO:0016746;GO:0045944;GO:0016571;GO:0048146;GO:0097692;GO:0007338;GO:0035264;GO:0003677;GO:0003713;GO:0035097;GO:0046872;GO:0044666;GO:0042054;GO:0010468
B7N1X4	GO:0006146;GO:0000034
P17027	GO:1990837;GO:0000978;GO:0006357;GO:0005634;GO:0000981;GO:0046872
Q0VCU0	GO:0043488;GO:0005634;GO:0003729;GO:0003677;GO:0005737;GO:0051252;GO:0048025;GO:0003730;GO:0005829;GO:0010468
Q492F7	GO:0009014;GO:0009089;GO:0050897;GO:0008270;GO:0019877
A1V8D7	GO:0009073;GO:0005737;GO:0009423;GO:0000166;GO:0046872;GO:0003856
P13255	GO:0042802;GO:0046498;GO:0008757;GO:0034708;GO:0006730;GO:0005634;GO:0006111;GO:0006555;GO:0051289;GO:1901052;GO:0016594;GO:0017174;GO:0032259;GO:0005542;GO:0005977;GO:1904047;GO:0046500;GO:0005829;GO:0006544;GO:0046655
Q9JUK2	GO:0003991;GO:0005737;GO:0042450;GO:0005524
Q134R8	GO:0003677;GO:0006351;GO:0032549;GO:0003899
Q8DBA6	GO:0009014;GO:0009089;GO:0050897;GO:0008270;GO:0019877
Q7M6Z5	GO:0005871;GO:0005576;GO:0003777;GO:0008017;GO:0021591;GO:0005874;GO:0016887;GO:0003351;GO:0005737;GO:0060271;GO:0005929;GO:0005524;GO:0007018
P08563	GO:0046872;GO:0055036;GO:0039619;GO:0019031;GO:0033650;GO:0075512;GO:0019013;GO:0016021;GO:0003723;GO:0039654;GO:0044178;GO:0019062
Q2HJ10	GO:0042802;GO:0061090;GO:0010043;GO:0071577;GO:0005385;GO:0005737;GO:0005886;GO:0043231;GO:0005774;GO:0006829;GO:0016021;GO:0061088;GO:0031410;GO:0005770
P49601	GO:0051539;GO:0009316;GO:0003861;GO:0046872;GO:0009098
Q9U6W0	GO:0005576;GO:0004806;GO:0052740;GO:0016042;GO:0044179;GO:0008970;GO:0052739
P32870	GO:0009408;GO:0005516;GO:0090328;GO:0007612;GO:0045202;GO:0048675;GO:0007189;GO:0008294;GO:0007528;GO:0007617;GO:0005524;GO:0007623;GO:0016020;GO:0007611;GO:0008355;GO:0007591;GO:0005887;GO:0007614;GO:0046872;GO:0007613;GO:0009190;GO:0007274;GO:0072375;GO:0007615;GO:0004016;GO:0001661;GO:0006171;GO:0048149;GO:0010738;GO:0030431;GO:0008306;GO:0008340;GO:0007268;GO:0006979;GO:0007619
Q5R5P3	
Q9A4L8	GO:0000287;GO:0009063;GO:0008927;GO:0016052
B8ZUN6	GO:0005525;GO:0005524
Q7PC62	GO:0044419;GO:0005576
B8HSI6	GO:0051539;GO:0046429;GO:0019288;GO:0005506;GO:0016114
Q2JRS2	GO:0006096;GO:0005576;GO:0009986;GO:0000015;GO:0004634;GO:0000287
A4TJK9	GO:0002098;GO:0016765
A1CEY6	GO:0017108;GO:0033557;GO:0006260;GO:0006281;GO:0006310
Q9Y4K3	GO:0007250;GO:0038095;GO:0042802;GO:0050852;GO:0042088;GO:0005634;GO:0001843;GO:0019901;GO:0043011;GO:0047485;GO:0070555;GO:0031398;GO:0005737;GO:0000122;GO:0002223;GO:0010008;GO:0043066;GO:0043123;GO:0007249;GO:0004842;GO:0032147;GO:0002755;GO:0048661;GO:0051865;GO:0006974;GO:0005164;GO:0035631;GO:0031435;GO:0042826;GO:0043065;GO:0061630;GO:0070534;GO:0005886;GO:0032991;GO:0046330;GO:0005829;GO:0002224;GO:0032743;GO:2000679;GO:1901224;GO:0051023;GO:0001503;GO:0071222;GO:0043507;GO:0051091;GO:0071345;GO:0032755;GO:0031666;GO:0016579;GO:0070423;GO:1904996;GO:0045453;GO:0031625;GO:0043422;GO:0042475;GO:0033209;GO:0048471;GO:0031293;GO:0045944;GO:0000187;GO:0031996;GO:0045892;GO:0030316;GO:0009898;GO:0070498;GO:0007254;GO:0034162;GO:0005938;GO:0019886;GO:0043122;GO:0048468;GO:0042102;GO:0045672;GO:0000209;GO:0008270;GO:0031624;GO:0051092;GO:0002726;GO:0032735;GO:0005811
Q8CIG8	GO:0042802;GO:0005634;GO:0043021;GO:0005654;GO:0005737;GO:0000122;GO:0005794;GO:0006355;GO:0046982;GO:0044020;GO:0032922;GO:0045596;GO:0044030;GO:0006479;GO:0034709;GO:0043985;GO:0005829;GO:0008327;GO:0070372;GO:0003682;GO:0000387;GO:0048714;GO:0034969;GO:0003714;GO:0018216;GO:0008168;GO:0006353;GO:0035243;GO:0042118;GO:0090161;GO:0002039;GO:0008469;GO:0035246;GO:0044877;GO:0070888;GO:0035097;GO:0032991;GO:0016274;GO:1904992
Q47R25	GO:0006520;GO:0044205;GO:0016597;GO:0004070;GO:0006207
O50468	GO:0009073;GO:0005737;GO:0009423;GO:0000166;GO:0046872;GO:0003856
Q58632	GO:0006196;GO:0015977;GO:0016984;GO:0016491;GO:0000287
P37925	GO:0043711;GO:0007155;GO:0009289;GO:0043709
Q2YHF2	GO:0039694;GO:0003725;GO:0039502;GO:0042025;GO:0019031;GO:0039564;GO:0004483;GO:0075512;GO:0005198;GO:0005576;GO:0044220;GO:0004482;GO:0039707;GO:0005524;GO:0016021;GO:0019028;GO:0039545;GO:0005216;GO:0003724;GO:0033650;GO:0003968;GO:0039654;GO:0044385;GO:0039574;GO:0055036;GO:0051259;GO:0046983;GO:0044167;GO:0046872;GO:0039520;GO:0019062;GO:0004252
Q0RQ25	GO:0042026;GO:0005737;GO:0051082;GO:0005524
B0K5A3	GO:0004222;GO:0030163;GO:0016021;GO:0004176;GO:0005886;GO:0005524;GO:0008270
O94200	GO:0005737;GO:0006002;GO:0005524;GO:0046872;GO:0003872
Q0AUF7	GO:0000049;GO:0006424;GO:0005737;GO:0005524;GO:0008270;GO:0004818
A8A2L1	GO:0006635;GO:0005737;GO:0003988
Q1QFS7	
Q9BY07	GO:0048311;GO:0016324;GO:0022857;GO:0050801;GO:0015301;GO:0005452;GO:0008510;GO:0060041;GO:0055085;GO:0003014;GO:0005886;GO:0033326;GO:0016021;GO:0003073;GO:0015701;GO:0002064;GO:0051453;GO:0010468
Q54BN3	GO:0005634;GO:0006272;GO:0005663;GO:0006281;GO:0031391;GO:0003689;GO:0006261
P41579	GO:0019521;GO:0006098;GO:0050661;GO:0004616
Q3STP0	GO:0050661;GO:0004324;GO:0050660
Q875K1	GO:0032259;GO:0003838;GO:0006696
A1KFP5	GO:0051539;GO:0016830;GO:0009229;GO:0009228;GO:0008270
Q5ZLG9	GO:0005765;GO:0061700;GO:0034198;GO:0032008
Q7V3V2	GO:0009039;GO:0005737;GO:0016151;GO:0043419
D4A702	GO:0000045;GO:0005925;GO:0003779;GO:0005634;GO:0051371;GO:0031005;GO:0005654;GO:0030335;GO:0001725;GO:0032233;GO:0061684;GO:0071889;GO:0030018;GO:0030674;GO:0051393;GO:0005829;GO:0015629;GO:2000298
B3PJB3	GO:0006096;GO:0005576;GO:0009986;GO:0000015;GO:0004634;GO:0000287
B0KJ82	GO:0005737;GO:0002949;GO:0005506;GO:0061711
Q83MZ4	GO:0006457;GO:0031072;GO:0051082;GO:0006260;GO:0009408;GO:0005737;GO:0008270;GO:0005524
A3CQC2	GO:0006457;GO:0051082;GO:0005524
O46404	GO:0046935;GO:0043551;GO:0008286;GO:0005942;GO:0046854
Q4WTC4	GO:0006351;GO:0000790;GO:0000417;GO:0006336;GO:0003714;GO:0000070;GO:0031935
A1CAU3	GO:0042732;GO:0005737;GO:0005998;GO:0005524;GO:0004856
Q05627	
P11046	GO:0005604;GO:0033627;GO:0048513;GO:0050829;GO:0070831;GO:0055013;GO:0045089;GO:0003143;GO:0009887;GO:0009888;GO:0016477;GO:0034446;GO:0071711;GO:0062023;GO:0008406;GO:0043256;GO:0030198
P77700	GO:0003700;GO:0006351;GO:0000976;GO:0006355
P35875	GO:0015030;GO:0051457;GO:0035079;GO:0042393;GO:0005634;GO:0005719;GO:0005730;GO:0035363;GO:0005700;GO:0005703;GO:1900182;GO:0006302;GO:0006471;GO:0035080;GO:0006325;GO:0070212;GO:0003950;GO:0007000;GO:0061059;GO:1990404;GO:0003677;GO:0030576;GO:0005694;GO:0051287;GO:0008270;GO:0045087;GO:0008069;GO:0043484;GO:0006963
Q13574	GO:0046872;GO:0046834;GO:0005634;GO:0051966;GO:0046486;GO:0090216;GO:0035556;GO:0005737;GO:0030027;GO:0031571;GO:0045930;GO:0003951;GO:0006654;GO:0004143;GO:0050860;GO:0030168;GO:0001727;GO:0007205;GO:0016477;GO:0005886;GO:0008022;GO:0016301;GO:0005524;GO:0016607;GO:0046339;GO:0005829
P52183	GO:0005886;GO:0046872;GO:0018149;GO:0003810
P34565	
A0KJJ9	GO:0016645;GO:0004808;GO:0050660;GO:0005737;GO:0002097
Q4R5M3	GO:0043985;GO:0000387;GO:0005634;GO:0090161;GO:0044020;GO:0070888;GO:0003714;GO:0005794;GO:0018216;GO:0035243;GO:0034709;GO:0042118;GO:0005829;GO:0006353;GO:0016274;GO:0032922;GO:0008327
A6H8H2	GO:0031410;GO:0032869;GO:0032593;GO:0032483;GO:0030904;GO:0005886;GO:0005794;GO:0017112;GO:0043231;GO:0005829;GO:0030659;GO:0072659;GO:0015031
Q9RJH9	GO:0042744;GO:0004096;GO:0070301;GO:0046872;GO:0005829;GO:0020037
Q83BZ6	GO:0016462;GO:0005524;GO:0006541;GO:0005829;GO:0003922;GO:0003921;GO:0006177
Q09LX1	GO:0046555;GO:0005737;GO:0045493
Q5TEC3	GO:0000978;GO:0006357;GO:0005634;GO:0000981;GO:0046872
Q1WTU9	GO:0003676;GO:0004815;GO:0005737;GO:0006422;GO:0005524
P51592	GO:0035220;GO:0070936;GO:0007283;GO:0005634;GO:0007444;GO:0043130;GO:0005737;GO:0008585;GO:0003723;GO:0007446;GO:0090263;GO:0007112;GO:0006974;GO:0061630;GO:1901315;GO:0000209;GO:0008270;GO:0034450;GO:0007289;GO:2000779;GO:0007455
A5YT95	GO:0005576
Q64060	GO:0007283;GO:0005634;GO:0005737;GO:0003723;GO:0030317;GO:0010529;GO:0043186;GO:0007276;GO:0032880;GO:0071546;GO:0005524;GO:0031047;GO:0071547;GO:0016887;GO:1990511;GO:0034587;GO:0003724;GO:0007275;GO:1990904;GO:0007141;GO:0030154;GO:0048471;GO:0033391;GO:0043046;GO:0007140
Q9GLR1	GO:0030133;GO:0004252
Q2JJ19	GO:0003677;GO:0006351;GO:0032549;GO:0003899
Q48F79	GO:0006096;GO:0005576;GO:0009986;GO:0000015;GO:0004634;GO:0000287
B8DUR2	GO:0015935;GO:0003735;GO:0019843;GO:0006412
Q3JDS2	GO:0004056;GO:0005737;GO:0042450
P16603	GO:0010181;GO:0005739;GO:0005789;GO:0016491;GO:0003958;GO:0003959;GO:0050660;GO:0005886;GO:0006696;GO:0050661;GO:0016021;GO:0005829;GO:0016709;GO:0005741;GO:0009055
Q99PF4	GO:0005813;GO:0042491;GO:0045494;GO:0047485;GO:0007156;GO:0050953;GO:0051480;GO:0016339;GO:0060088;GO:0045296;GO:0045202;GO:0050957;GO:0001917;GO:0048839;GO:0016021;GO:0016342;GO:0005509;GO:0060122;GO:0006816;GO:0042472;GO:0007605;GO:0048563;GO:0032420;GO:0060091;GO:0007155;GO:0045177;GO:0098742;GO:0007626;GO:0032426
Q9K0B5	GO:0004834;GO:0005737;GO:0000162
A0KSL6	GO:0006412;GO:0006464;GO:0016881;GO:0005524;GO:0046872
P77161	GO:0009442;GO:0050661;GO:0051287;GO:0008679;GO:0046296;GO:0009436;GO:0006974
C3MJ44	GO:0005737;GO:0008270;GO:0050897;GO:0016811;GO:0042450;GO:0019878
Q3UQ84	GO:0005759;GO:0006435;GO:0004812;GO:0005739;GO:0006418;GO:0002161;GO:0004829;GO:0042803;GO:0005524
A0A411PQP9	GO:0006633;GO:0004315;GO:0031177
Q15326	GO:0046329;GO:0045892;GO:0007049;GO:0043124;GO:0005634;GO:0016032;GO:0003714;GO:0005654;GO:0034243;GO:2001237;GO:0051607;GO:0005694;GO:0008270;GO:0035064;GO:0003690;GO:0006325
Q8BZN6	GO:0043197;GO:0005085;GO:0030334;GO:0007264;GO:0005634;GO:0060997;GO:0001782;GO:0005654;GO:0002315;GO:0005737;GO:0017048;GO:0005089;GO:0043547;GO:0005829
C4K8L9	GO:0006400;GO:0016705
Q0VPI0	GO:0051539;GO:0003861;GO:0009098;GO:0046872
Q90988	GO:0051301;GO:0007049;GO:0005634;GO:0005737;GO:0030261;GO:0005694;GO:0005524
B0JFZ1	GO:0050511;GO:0008360;GO:0009252;GO:0007049;GO:0030259;GO:0051301;GO:0071555;GO:0005886;GO:0051991;GO:0005975
P17820	GO:0006457;GO:0051082;GO:0005524
P33975	GO:0004049;GO:0000162;GO:0046872
Q23K29	GO:0070735;GO:0005737;GO:0018094;GO:0005524
A1B513	GO:0051539;GO:0003861;GO:0009098;GO:0046872
Q767M3	GO:0005739;GO:0006418;GO:0002161;GO:0004832;GO:0005524;GO:0005829;GO:0006438
Q6P1Y8	GO:0034597;GO:0016316;GO:0046850;GO:0046855;GO:0006874;GO:0008289;GO:0046856;GO:0034594;GO:0045671;GO:0034593;GO:0051896;GO:0005737;GO:0046822
Q99K90	GO:0007507;GO:0046872;GO:0032496;GO:0005654;GO:0043123;GO:0005829;GO:0045860;GO:0070530
Q8BI73	GO:0000978;GO:0006357;GO:0005634;GO:0000981;GO:0046872
Q4QR85	GO:0007315;GO:0006357;GO:0030374;GO:0005634;GO:0008285;GO:0045495;GO:0008284;GO:0005654;GO:0005737;GO:0060770;GO:0060528;GO:0034709;GO:0005829;GO:0008327
Q81DT1	GO:0006457;GO:0003755;GO:0005886
Q8K2A7	GO:0005634;GO:0032039;GO:0016180
A8AW92	GO:0003676;GO:0006430;GO:0005737;GO:0004824;GO:0005524;GO:0000287
Q54U63	GO:0005829;GO:0008104;GO:0016020;GO:0019901
A4SEX9	GO:0006457;GO:0005737;GO:0051082;GO:0005524
Q6TDP4	GO:0016567;GO:0007420;GO:0032839;GO:0060090;GO:0043025;GO:0031208;GO:0030036;GO:0051015;GO:0005615;GO:0014069;GO:0015629
Q30WI5	GO:0006402;GO:0006396;GO:0005737;GO:0004654;GO:0003723;GO:0000287
Q8XE35	GO:0004866
G2TRU5	GO:0005507;GO:0033617;GO:0031314;GO:0005739
Q148R9	GO:0001750;GO:0050908;GO:0009968;GO:0016021
Q6NTR6	GO:0008234;GO:0006511;GO:0051301;GO:0007049;GO:0004843;GO:1904667;GO:0005634;GO:0016579;GO:0008270
Q8SAB7	GO:0009958;GO:0008360;GO:0007264;GO:0016192;GO:0005634;GO:0005789;GO:0009734;GO:0010928;GO:0005886;GO:0007275;GO:0008064;GO:0070971;GO:0019898;GO:0051493;GO:0005089;GO:0005829
B2HLP4	GO:0046835;GO:0005992;GO:0016301;GO:0005524;GO:0005978
Q9F715	GO:0051539;GO:0036070;GO:0046872;GO:0019685;GO:0005524;GO:0016730;GO:0016636
Q3U515	GO:0005509;GO:0005576;GO:0098586;GO:0005737
P13092	
A5IBJ1	GO:0005737;GO:0004823;GO:0005524;GO:0006429;GO:0002161
Q2P380	GO:0006094;GO:0006096;GO:0005737;GO:0004347
P20651	GO:0007507;GO:0001915;GO:0098978;GO:0007420;GO:0046716;GO:0005516;GO:0005737;GO:0030018;GO:0008144;GO:0006468;GO:0019899;GO:0004722;GO:0043029;GO:0001975;GO:0030315;GO:1900242;GO:0035774;GO:0005886;GO:0004723;GO:0005829;GO:0050796;GO:0005509;GO:0097720;GO:0035690;GO:0005955;GO:0034097;GO:0001946;GO:0033173;GO:0033192;GO:0006470;GO:0045944;GO:0031987;GO:0044877;GO:0046983;GO:0030346;GO:0032991;GO:0017156;GO:0030217;GO:0010468
P48453	GO:0007507;GO:0001915;GO:0030217;GO:0098978;GO:0005516;GO:0005737;GO:0030018;GO:0008144;GO:0006468;GO:0019899;GO:0045202;GO:0004722;GO:0043029;GO:0030315;GO:1900242;GO:0035774;GO:0005886;GO:0004723;GO:0005829;GO:0050796;GO:0005509;GO:0097720;GO:0035690;GO:0005955;GO:0034097;GO:0001946;GO:0033173;GO:0033192;GO:0006470;GO:0045944;GO:0031987;GO:0044877;GO:0046983;GO:0032991;GO:0017156;GO:0030346;GO:0010468
Q6FE14	GO:0009014;GO:0009089;GO:0050897;GO:0008270;GO:0019877
Q8GUK4	GO:0005829;GO:0004252;GO:0005615
P20146	GO:0102568;GO:0005509;GO:0004623;GO:0005576;GO:0102567;GO:0016042;GO:0006644;GO:0050482
Q7TTY9	GO:0006457;GO:0051082;GO:0009408;GO:1990220;GO:0051085;GO:0005524;GO:0042026
B7VLF4	GO:0006412;GO:0016740;GO:0003735;GO:0019843;GO:0015934
Q9BS31	GO:0003700;GO:0000978;GO:0006357;GO:0005634;GO:0046872;GO:0000790;GO:0005615
Q6BRD5	GO:0033540;GO:0071949;GO:0003997;GO:0005777
O57044	GO:0006351;GO:0016787;GO:0003968;GO:0000166;GO:0003723
B4P6W7	GO:0070840;GO:0060271;GO:0005930;GO:0044458;GO:0007268;GO:0045202
A1JJT0	GO:0003924;GO:0000103;GO:0070814;GO:0005524;GO:0005525;GO:0004781
O22229	GO:0045454;GO:0042744;GO:0004791;GO:0010581;GO:0010380;GO:0009570;GO:0019430;GO:0043085;GO:0005829;GO:0009507;GO:0016671;GO:0008047
F4KFT6	GO:0003677;GO:0005634
Q0VSM2	GO:0003677;GO:0006351;GO:0032549;GO:0003899
P35765	GO:0055036;GO:0046983;GO:0019031;GO:0075512;GO:0044167;GO:0016021;GO:0039654;GO:0019062
P51520	GO:0020002;GO:0019064;GO:0055036;GO:0019031;GO:0016021;GO:0019062
Q317E4	GO:0016787
Q28RK6	GO:0008784;GO:0030632;GO:0030170
B7JBP8	GO:0048038;GO:0016020;GO:0016491;GO:0000166
Q96KM6	GO:0003677;GO:0005634;GO:0046872
B9MMQ3	
A0LWS7	GO:0006457;GO:0051082;GO:0005524
Q1QFS3	
P59086	GO:0009016;GO:0030170;GO:0006526;GO:0005737;GO:0009089;GO:0003992
Q8TFL3	GO:0000463;GO:0005730;GO:0003724;GO:0005524;GO:0003723
Q651V6	GO:0009958;GO:0001666;GO:0009925;GO:0010252;GO:0009749;GO:0009723;GO:0000323;GO:0016021;GO:0010329;GO:0005886;GO:0009921;GO:0009926;GO:0005783;GO:0010315;GO:0009734
Q48NU8	GO:0002949;GO:0004222;GO:0005737;GO:0005506;GO:0061711
Q08209	GO:0038095;GO:0000082;GO:0016018;GO:0048741;GO:0005739;GO:0007420;GO:0098978;GO:0005516;GO:0051117;GO:0005654;GO:0045785;GO:0005737;GO:0030018;GO:0036057;GO:0060079;GO:0019899;GO:0004722;GO:0033555;GO:0042060;GO:0042110;GO:0035562;GO:0007223;GO:0070262;GO:0045807;GO:0051592;GO:0005886;GO:0050774;GO:0016311;GO:0005829;GO:0014898;GO:0043197;GO:0005509;GO:0019897;GO:0097720;GO:0006816;GO:0051091;GO:1905205;GO:0046676;GO:0005955;GO:0006606;GO:0098685;GO:1903799;GO:0033192;GO:0033173;GO:0007568;GO:0071333;GO:0030335;GO:0042383;GO:0006470;GO:0014883;GO:0043403;GO:0045944;GO:0044877;GO:0046983;GO:0099170;GO:1903244;GO:0001975
A1S3V6	GO:0008782;GO:0009164;GO:0019509;GO:0008930;GO:0019284
B1LKZ0	GO:0006146;GO:0000034
A1AMM6	GO:0006402;GO:0006396;GO:0005737;GO:0004654;GO:0003723;GO:0000287
Q5R9Z7	GO:0007099;GO:0098535;GO:0005730;GO:0005737;GO:0005524;GO:0005814;GO:0046601;GO:0060707;GO:0004674;GO:0006468;GO:0098536
Q8CCC3	
Q9R0C5	GO:0046872;GO:0006493;GO:0004653;GO:0030246;GO:0000139;GO:0005794;GO:0016021
P24226	GO:0000105;GO:0004399;GO:0051287;GO:0046872;GO:0009507
A8H1S5	GO:0006096;GO:0005576;GO:0009986;GO:0000015;GO:0004634;GO:0000287
Q8IZN3	GO:0018230;GO:0032580;GO:0005789;GO:0019706;GO:0006612;GO:0005794;GO:0005783;GO:0016021;GO:0016409;GO:0018345
Q9SMP5	GO:0009694;GO:0009555;GO:0010154;GO:0052694;GO:0048480;GO:0005789;GO:0002213;GO:0009611;GO:0005506;GO:0016021;GO:0016705;GO:0048653;GO:0020037
Q08169	GO:0006952;GO:0005576;GO:0004415;GO:0005975
Q72JR7	GO:0004801;GO:0006098;GO:0016832;GO:0005737;GO:0005975
Q6MT17	GO:0000049;GO:0005737;GO:0005524;GO:0004826;GO:0000287;GO:0006432
A8EVZ3	GO:0006351;GO:0003899;GO:0003677;GO:0008270;GO:0000287
P50291	GO:0030509;GO:0030510;GO:0005634;GO:0038102;GO:0002244;GO:0000122;GO:0005737;GO:0008585;GO:0045596;GO:0032926;GO:0051798;GO:0007276;GO:0001501;GO:0007275;GO:0048185;GO:0007389;GO:0043616;GO:0030154;GO:0042475;GO:0031069;GO:0005615
A7I005	GO:0009014;GO:0009089;GO:0050897;GO:0008270;GO:0019877
B7KHE9	GO:0008360;GO:0009252;GO:0007049;GO:0051301;GO:0071555;GO:0005737;GO:0008763;GO:0005524
Q924N4	GO:0140157;GO:0071476;GO:0015079;GO:1990573;GO:0008519;GO:0006811;GO:0055064;GO:1902476;GO:0019901;GO:0071477;GO:0055075;GO:0007268;GO:0016323;GO:0015379;GO:0030424;GO:0005887;GO:0006884;GO:0045202
Q1IU72	GO:0005737;GO:0008690;GO:0009103;GO:0033468
Q8XHU4	GO:0004017;GO:0005737;GO:0008270;GO:0005524;GO:0044209
A5IK73	GO:0009073;GO:0005737;GO:0009423;GO:0003866
Q9QJT4	GO:0019012;GO:0030430;GO:0004482;GO:0005524;GO:0003968
Q5V1W6	GO:0005524;GO:0006260
Q60317	GO:0009058;GO:0005737;GO:0004069;GO:0030170
Q3Z3Q4	GO:0046677;GO:0015562;GO:0008559;GO:0016887;GO:0005524;GO:0005887;GO:1990961
Q4VA61	GO:0098632;GO:0048704;GO:0007420;GO:0007156;GO:0007162;GO:0005886;GO:0009986;GO:0016338;GO:0007411;GO:0016021;GO:0042803;GO:0070593;GO:0030424;GO:0045202
Q146K5	GO:0051539;GO:0051537;GO:0004076;GO:0005506;GO:0009102
Q2YYJ6	GO:2001059;GO:0019512;GO:0009025;GO:0009024
Q28CJ6	GO:0005871;GO:0051303;GO:0005819;GO:0005813;GO:0007020;GO:0008017;GO:1900029;GO:0005874;GO:0032418;GO:0010975;GO:0007100;GO:0047496;GO:0000132;GO:0005737;GO:0007059;GO:0016477;GO:0051642;GO:0000776;GO:0060052;GO:2000574
A1W078	GO:0004823;GO:0006429;GO:0002161;GO:0005737;GO:0005524
A2RCI2	GO:0003924;GO:0003746;GO:0005737;GO:0005525
Q52701	GO:0006457;GO:0051082;GO:0005524
P16298	GO:0038095;GO:0007507;GO:0001915;GO:0048167;GO:0098978;GO:0005516;GO:0007165;GO:0005654;GO:0005737;GO:0007612;GO:0030018;GO:0006468;GO:0019899;GO:0045893;GO:0004722;GO:0043029;GO:0030315;GO:0042110;GO:0048675;GO:0007223;GO:1900242;GO:0035774;GO:0005886;GO:0016311;GO:0005829;GO:0042098;GO:0050796;GO:0005509;GO:0097720;GO:0007613;GO:0005955;GO:0034097;GO:0001946;GO:0033173;GO:0033192;GO:0006470;GO:0045944;GO:0031987;GO:0046983;GO:0030346;GO:0017156;GO:0030217
B2FUS8	GO:0016992;GO:0051539;GO:0005737;GO:0102553;GO:0046872;GO:0102552;GO:0009249
A6QLI6	GO:0005759;GO:0003870;GO:0001666;GO:0005739;GO:0030170;GO:0006783;GO:0042541;GO:0048821;GO:0006782
Q0BY73	GO:0006526;GO:0044205;GO:0005524;GO:0006541;GO:0006207;GO:0004088
O67711	GO:0071978;GO:0009425;GO:0009424
A1TVS9	GO:0006351;GO:0003899;GO:0003677;GO:0008270;GO:0000287
B5E4P4	GO:0003678;GO:0000724;GO:0005524;GO:0003690;GO:0008409
Q94BP7	GO:0005819;GO:0051011;GO:0051225;GO:0051301;GO:0005874;GO:0070652;GO:0009561;GO:0009524;GO:0055046;GO:0000226
Q89VA7	GO:0004152;GO:0005737;GO:0005886;GO:0044205;GO:0006207;GO:0009220
Q8FBX7	GO:0006146;GO:0000034
Q0H904	GO:0045493;GO:0005576;GO:0031176
P0C6V6	GO:0039644;GO:0019082;GO:0039648;GO:0042025;GO:0004843;GO:0030430;GO:0019079;GO:0039520;GO:0004197;GO:0033644;GO:0044220;GO:0008270;GO:0016021;GO:0003723;GO:0016740;GO:0039548
Q32L22	GO:0003899;GO:0005666;GO:0006360;GO:0003677;GO:0005654;GO:0005736;GO:0046983;GO:0006383
P13798	GO:0042802;GO:0043312;GO:0005576;GO:0006508;GO:0070062;GO:0006415;GO:1904813;GO:0008242;GO:0031965;GO:0003723;GO:0005829;GO:0050435;GO:0004252
B7KKR4	GO:0046961;GO:0042651;GO:0045261;GO:0005524;GO:0046933
Q5RA72	GO:0005737;GO:0045109;GO:0005882
P38339	GO:0042802;GO:0005933;GO:0010314;GO:0070273;GO:0005628;GO:0043087;GO:0005546;GO:0007165;GO:0010447;GO:0006970;GO:0032266;GO:0030479;GO:0005737;GO:0043332;GO:0080025;GO:0005096
E9PW05	GO:0000978;GO:0006357;GO:0005634;GO:0000981;GO:0046872
Q9DBR1	GO:0042802;GO:0007283;GO:0005634;GO:0016070;GO:0005654;GO:0003723;GO:0021766;GO:0006281;GO:0006310;GO:0006397;GO:0005730;GO:0000738;GO:0060041;GO:0016235;GO:0006353;GO:0004534;GO:0030182;GO:0007017;GO:0000175;GO:0001147;GO:0046872;GO:0000956;GO:0008409
Q52VH2	GO:0042597;GO:0042802;GO:0004177
Q3JR65	GO:0006541;GO:0003922;GO:0005524;GO:0016462
B1JBA9	GO:0005737;GO:0030145;GO:0070006
P0C6Y4	GO:0042802;GO:0042025;GO:0004197;GO:0032259;GO:0004519;GO:0003723;GO:0039648;GO:0039548;GO:0004843;GO:0044220;GO:0005524;GO:0016021;GO:0039644;GO:0019082;GO:0019079;GO:0033644;GO:0003724;GO:0003968;GO:0008168;GO:0044172;GO:0003678;GO:0006351;GO:0030430;GO:0004527;GO:0008270;GO:0039520
A2C8E1	GO:0047151;GO:0005737;GO:0030698;GO:0050660
C3K2L2	GO:0004823;GO:0006429;GO:0002161;GO:0005737;GO:0005524
Q24VW3	GO:0102752;GO:0003844;GO:0043169;GO:0005978;GO:0004553
A3D795	GO:0006096;GO:0005576;GO:0009986;GO:0000015;GO:0004634;GO:0000287
Q8BTI8	GO:0015030;GO:0005634;GO:0047485;GO:0003729;GO:0071005;GO:0016607;GO:0000398;GO:0070742;GO:0071007
Q9DRA1	GO:0039694;GO:0006351;GO:0006396;GO:0003968;GO:0003724;GO:0008174;GO:0005524;GO:0003723
M3XYN3	GO:1902995;GO:0008289;GO:0008203;GO:0034364;GO:0006869;GO:0050766;GO:0010875;GO:0050821;GO:0042157
Q56A36	GO:0007165
A0RXK1	GO:0046933;GO:0046961;GO:0005524;GO:0042777
Q7MFY9	GO:0000160;GO:0003700;GO:0008134;GO:0003677;GO:0005524
Q9PA86	GO:0003677;GO:0006351;GO:0032549;GO:0003899
Q07VW8	GO:0006007;GO:0006096;GO:0005737;GO:0030145;GO:0046537
A5ICT2	GO:0003676;GO:0006430;GO:0005737;GO:0004824;GO:0005524;GO:0000287
Q2KJE5	GO:0006096;GO:0050661;GO:0051287;GO:0004365;GO:0005829;GO:0006006
Q2TN88	GO:0005634;GO:0003712
P04577	GO:0020002;GO:0039502;GO:0044175;GO:0039587;GO:0055036;GO:0019031;GO:0075512;GO:0016021;GO:0005198;GO:0039654;GO:0019062
Q9CIF5	GO:0010181;GO:0004452;GO:0016491;GO:0008299;GO:0070402;GO:0005737;GO:0000287
A4YKC6	GO:0000287;GO:0004775;GO:0005524;GO:0006099
A9A0F0	GO:0042744;GO:0004096;GO:0046872;GO:0006979;GO:0020037
Q04456	GO:0080030;GO:0005777;GO:0005788;GO:0005615;GO:0044248
Q65UI1	GO:0006541;GO:0003922;GO:0005524;GO:0016462
O35681	GO:0042802;GO:0030658;GO:0042803;GO:0046982;GO:0031340;GO:0017158;GO:0016192;GO:0071277;GO:1903861;GO:0030276;GO:0051592;GO:0005886;GO:0005509;GO:0019905;GO:0070382;GO:0005546;GO:0048791;GO:0001786;GO:0098793;GO:0005544;GO:0014059;GO:0005768;GO:0099699;GO:0000149;GO:0017156
B7GXI2	GO:0004828;GO:0016260;GO:0097056;GO:0006434;GO:0005737;GO:0005524
B2SFD6	GO:0003677;GO:0006351;GO:0032549;GO:0003899
B6HV32	GO:0032259;GO:0006633;GO:0008236;GO:0008168;GO:0004315;GO:0016114;GO:0031177
C3K6G5	GO:0005737;GO:0030145;GO:0070006
Q8UEP3	GO:0016793
Q0P4D6	GO:0005759;GO:0006119;GO:0003676;GO:0030337;GO:0042645;GO:0006390;GO:1990904;GO:0006392
Q6FKE7	GO:0043486;GO:0005737;GO:0005856;GO:0000812;GO:0031491;GO:0034399
A8APT2	GO:0008152;GO:0047388;GO:0008882;GO:0000820;GO:0005524;GO:0000287
B1HUD1	GO:0006457;GO:0051082;GO:0005524
Q4WMJ9	GO:2001310;GO:0030170;GO:0016846;GO:0009405;GO:0008483;GO:0043386
P35766	GO:0055036;GO:0046983;GO:0019031;GO:0075512;GO:0044167;GO:0016021;GO:0039654;GO:0019062
P35764	GO:0055036;GO:0046983;GO:0019031;GO:0075512;GO:0044167;GO:0016021;GO:0039654;GO:0019062
A6M1Y8	GO:0006072;GO:0019563;GO:0006071;GO:0005524;GO:0004370
P9WPS2	GO:0046872;GO:0006825;GO:0005886;GO:0005524;GO:0016021;GO:0019829
Q5RBZ2	GO:0005634;GO:0005737;GO:0034709;GO:0005829;GO:0008327
A6U819	GO:0030956;GO:0016787;GO:0050567;GO:0005524;GO:0006412
Q72M35	GO:0009236;GO:0009163;GO:0008939
P16058	GO:0003700;GO:0030331;GO:0010870;GO:0034056;GO:0046686;GO:0005634;GO:1990239;GO:0030520;GO:0003677;GO:0042803;GO:0008270;GO:0033574;GO:0005497;GO:1903924;GO:0032355;GO:0030284
P64426	GO:0008152;GO:0071555;GO:0016798;GO:0009279
A4QCY8	GO:0006308;GO:0009318;GO:0008855;GO:0003676;GO:0005737
Q9TLX2	GO:0016226;GO:0009507
Q84XA3	GO:0003938;GO:0005737;GO:0000166;GO:0046872;GO:0006177
Q5JSZ5	GO:0003723;GO:0030154
B2V7X0	GO:0004798;GO:0006233;GO:0006235;GO:0005524
Q2T9V9	GO:0045892;GO:0042393;GO:0000790;GO:0007399;GO:0071564;GO:0003712;GO:0046872;GO:0045944
Q8N393	GO:0000978;GO:0006357;GO:0005634;GO:0001228;GO:0046872
P0CG12	GO:0005654;GO:0070062
Q6P5F7	GO:0006821;GO:0072320;GO:0005254;GO:0005229;GO:0005886;GO:0034707;GO:0016021
Q24459	GO:0003700;GO:0003682;GO:0046872;GO:0045892;GO:0005634;GO:0003677;GO:0005700;GO:0006355;GO:0050832;GO:0007419;GO:0006325
P54679	GO:0120029;GO:0046872;GO:0016887;GO:1902600;GO:0140220;GO:0005886;GO:0008553;GO:0016020;GO:0005524;GO:0016021;GO:0051453
A8GYE5	GO:0003697;GO:0006260;GO:0009432;GO:0005737;GO:0006281;GO:0005524
Q98CC1	GO:0009073;GO:0005737;GO:0009423;GO:0003866
Q54PP7	
O07451	GO:0046944;GO:0003725;GO:0016743;GO:0016874;GO:0008270
B1XS88	GO:0004367;GO:0046167;GO:0005975;GO:0009331;GO:0006650;GO:0046168;GO:0051287;GO:0008654
Q9Y2J0	GO:0043197;GO:0005509;GO:0045211;GO:1901981;GO:0008430;GO:0005546;GO:0030141;GO:0008021;GO:0030672;GO:0070679;GO:0043005;GO:0019898;GO:0042301;GO:0005544;GO:0045202;GO:0017137;GO:0044877;GO:0061669;GO:0006886;GO:0008270;GO:0032991;GO:0005829
P51383	GO:0016879;GO:0006400;GO:0009507;GO:0005524
Q6RJR6	GO:0071786;GO:0071787;GO:0016192;GO:0006915;GO:0005789;GO:0000139;GO:0016021;GO:0045202
P52744	GO:0000978;GO:0046872;GO:0006355;GO:0005634;GO:0000981
A1RJ58	GO:0006412;GO:0006464;GO:0016881;GO:0005524;GO:0046872
Q4JBY3	GO:0006541;GO:0016879;GO:0008270;GO:0005524
Q9JLM4	GO:0005654;GO:0022604;GO:0008270;GO:0007010
Q9UR38	GO:0006096;GO:0005737;GO:0050661;GO:0051287;GO:0004365;GO:0006006
Q5RAE6	GO:0005634;GO:0043565;GO:0042552;GO:0046872
A9LYZ5	GO:0003991;GO:0005737;GO:0042450;GO:0005524
Q0DKE8	GO:0016846;GO:0050362;GO:0009851
B3SRV3	GO:0003723;GO:0016032;GO:0006417;GO:0030430
A0QWT3	GO:0004478;GO:0006730;GO:0005737;GO:0006556;GO:0005524;GO:0000287
Q9ZL96	GO:0008176
Q9UKP5	GO:0060976;GO:0046872;GO:0004222;GO:0008237;GO:0031012;GO:0035904;GO:0001822;GO:0003279;GO:0030198
Q5L644	GO:0000105;GO:0009086;GO:0004477;GO:0004488;GO:0006164;GO:0035999
Q7KW14	
Q9FLL0	GO:0003700;GO:0008134;GO:0000976;GO:0005634;GO:0000981;GO:0046983;GO:0043565;GO:0000987;GO:0000977;GO:0045944
Q9C469	GO:0000978;GO:0006351;GO:0006357;GO:0005634;GO:0000981;GO:0008270
Q07100	GO:0048364;GO:0080022;GO:0005634;GO:0005737;GO:0005886;GO:0046872;GO:0005829;GO:0004721;GO:0048863
Q9QY78	GO:0042802;GO:0042325;GO:0035509;GO:0018105;GO:0005634;GO:0019901;GO:0071356;GO:0045121;GO:0008384;GO:0008385;GO:0032496;GO:0061847;GO:0005737;GO:0042803;GO:0010765;GO:0043123;GO:0046982;GO:0007249;GO:0004674;GO:0006468;GO:0010976;GO:0030866;GO:1903140;GO:0035631;GO:0001782;GO:0019903;GO:0070542;GO:0005524;GO:0005829;GO:0043231;GO:1903347;GO:0097110;GO:0004672;GO:2001259;GO:0008284;GO:0003009;GO:1901216;GO:0033209;GO:0072659;GO:0009636;GO:0045944;GO:0009898;GO:0044877;GO:0070498;GO:1990459;GO:0042493;GO:0051092;GO:0031175
Q7PC88	GO:1901656;GO:0009506;GO:0009738;GO:0015562;GO:0048581;GO:0055085;GO:0080168;GO:0005886;GO:0010208;GO:0042626;GO:0005524;GO:0016021;GO:0070505;GO:0140352;GO:0010496
Q1GQI7	
Q810A1	GO:0000978;GO:0006357;GO:0005634;GO:0000981;GO:0046872
A0LIL1	GO:0004017;GO:0005737;GO:0008270;GO:0005524;GO:0044209
Q4KM45	
Q6N022	GO:0060912;GO:0060038;GO:0005634;GO:0048714;GO:0007165;GO:0031643;GO:0048666;GO:0007157;GO:0031641;GO:0005737;GO:0005886;GO:0042803;GO:0050839;GO:0043005;GO:2000543;GO:0046982;GO:0032289;GO:0005887;GO:0001702
A1KSW2	GO:0004834
A3QF71	GO:0000287;GO:0000162;GO:0004048
Q9XS79	GO:0006782;GO:0005759;GO:0003870;GO:0030170
A1TRV8	GO:0042744;GO:0004096;GO:0046872;GO:0006979;GO:0020037
B9KD35	GO:0009014;GO:0009089;GO:0050897;GO:0008270;GO:0019877
A2BZD9	GO:0006541;GO:0003922;GO:0005524;GO:0016462
A5VR15	GO:0003677;GO:0006351;GO:0032549;GO:0003899
B5Z9P0	GO:0006457;GO:0051082;GO:0005524
Q5UQW2	GO:0008152;GO:0003676;GO:0052840;GO:0052842;GO:0008270;GO:0008486
Q3HTN2	GO:0090729;GO:0005576;GO:0004222;GO:0046872
A6WPX1	GO:0004834
Q6NSV7	GO:0061512;GO:0060271;GO:0031514
B9JUF7	GO:0019281;GO:0005737;GO:0008899;GO:0004414
A9MJF3	GO:0019556;GO:0019557;GO:0005737;GO:0050480;GO:0008270;GO:0005506
A2BZ74	GO:0019464;GO:0008483;GO:0004047
A1A698	GO:0009736;GO:0004673;GO:0019955;GO:0005886;GO:0000155;GO:0016021;GO:0006468
Q3KPZ2	
Q82SH1	GO:0003676;GO:0006430;GO:0005737;GO:0004824;GO:0005524;GO:0000287
Q5ZVU2	GO:0004823;GO:0006429;GO:0002161;GO:0005737;GO:0005524
A4T1R3	GO:0003924;GO:0003746;GO:0005737;GO:0005525
Q9JMB8	GO:0098632;GO:0031225;GO:0005112;GO:0007156;GO:0005886;GO:0007411;GO:0070593;GO:0007219;GO:0030424;GO:0045747
Q925T6	GO:0045211;GO:0098978;GO:0045121;GO:0030159;GO:0035259;GO:0005102;GO:0031410;GO:0098887;GO:0016358;GO:0043025;GO:0005886;GO:0008022;GO:0030425;GO:0043204;GO:0008104;GO:0005789;GO:0043005;GO:0014069;GO:0150012;GO:0007399;GO:0098794;GO:0015031
O60008	GO:0042026;GO:0005524;GO:0005739
Q1CV82	GO:0009039;GO:0005737;GO:0016151;GO:0043419
Q8G069	GO:0003677;GO:0006351;GO:0032549;GO:0003899
Q17320	GO:0016887;GO:0016021;GO:0042626;GO:0005524;GO:0031409
Q67S57	GO:0006541;GO:0003922;GO:0005524;GO:0016462
P17024	GO:0000977;GO:0000122;GO:0006357;GO:0046872;GO:0001227;GO:0000790;GO:0000981
P76052	GO:0046657;GO:0016805;GO:0005737;GO:0046982;GO:0071713
B8I6E1	GO:0051539;GO:0046429;GO:0019288;GO:0005506;GO:0016114
Q8NRM3	GO:0006308;GO:0009318;GO:0008855;GO:0003676;GO:0005737
A2QTE9	GO:0032259;GO:0016746;GO:0019748;GO:0008168;GO:0031177
Q829X3	GO:0009380;GO:0016887;GO:0009432;GO:0003677;GO:0006289;GO:0005737;GO:0009381;GO:0008270;GO:0005524
Q80VJ6	GO:0000978;GO:0010833;GO:0006357;GO:0000781;GO:0005634;GO:0000981;GO:0045950;GO:0005737;GO:0046872;GO:0048863;GO:0000784
Q28571	GO:0005634;GO:0043565;GO:0070324;GO:0008270;GO:0004879
A1S858	GO:0006308;GO:0009318;GO:0008855;GO:0003676;GO:0005737
Q9XSW2	GO:0005634;GO:0051091;GO:0030520;GO:0005496;GO:0071392;GO:0043565;GO:0008270;GO:0045893;GO:0004879;GO:0030284
Q9HDF6	GO:0003924;GO:0003746;GO:0005737;GO:0005525
Q8Z6Q8	GO:0022900;GO:0005886;GO:0055085;GO:0016021
O82777	GO:0010628;GO:0042802;GO:0006508;GO:1900367;GO:0009827;GO:0006952;GO:0008236;GO:1902066;GO:0042803;GO:0009611;GO:0005615;GO:0043171;GO:0004252;GO:0097264
E5R278	GO:0005737;GO:0070084;GO:0070006;GO:0046872
A3D630	GO:0004834
Q04FQ4	GO:0003924;GO:0003746;GO:0005737;GO:0005525
O23463	GO:0070417;GO:0003700;GO:0006357;GO:0005634;GO:0009409;GO:0005516;GO:0043565;GO:0003712;GO:0006355;GO:0003690
Q4K6S8	GO:0008616;GO:0016740;GO:0005737;GO:0016853
Q5R5F8	GO:0016787;GO:0005737;GO:0005524;GO:0046872;GO:0015937;GO:0004594
A7MB12	GO:2000234;GO:0005730;GO:0045943;GO:0006364;GO:0005783;GO:0001650
Q9PBC9	GO:0000105;GO:0005737;GO:0003949
Q6P132	GO:0046872;GO:0006915
Q9BV97	GO:0006355
Q2ISY9	GO:0051539;GO:0036070;GO:0046872;GO:0019685;GO:0005524;GO:0016730;GO:0016636
P86933	GO:0003924;GO:0019722;GO:0007017;GO:0003746;GO:0005516;GO:0003729;GO:0005737;GO:0005525
O85713	GO:0042351;GO:0009877;GO:0070401;GO:0008446;GO:0019673
Q7PC81	GO:0042626;GO:0005524;GO:0016021
Q68SN8	GO:0050859;GO:0004888;GO:0009986;GO:0005886;GO:0051280;GO:0043235;GO:0007166;GO:0005887
Q91616	GO:0005634;GO:0048666;GO:0003677;GO:0005737;GO:0006355;GO:0046982
E7FKV8	GO:0070986;GO:0050982;GO:0097730;GO:0003127;GO:0034704;GO:0005929;GO:0005262;GO:0060170
Q86HV8	GO:0005576;GO:0007275
Q6TDP3	GO:0016567;GO:0007420;GO:0032839;GO:0060090;GO:0043025;GO:0031208;GO:0030036;GO:0051015;GO:0014069;GO:0015629
Q9ZSE4	GO:0004721;GO:0046872;GO:0005737
B2JIA0	GO:0006541;GO:0003922;GO:0005524;GO:0016462
Q55C70	GO:0004721;GO:0030150;GO:0005744;GO:0016021
A0A096LP49	GO:0005813;GO:0008017;GO:0034453
A0K867	GO:0050518;GO:0016114;GO:0019288
Q96P48	GO:0005802;GO:0007165;GO:0001921;GO:0005654;GO:0005794;GO:0031410;GO:0008360;GO:0051270;GO:0051491;GO:0005886;GO:0051056;GO:0043231;GO:0005829;GO:0043547;GO:0005096;GO:0031702;GO:0005547;GO:0045742;GO:0051497;GO:0030037;GO:0046872;GO:0032580
P34794	GO:0042026;GO:0009507;GO:0005524
Q6UXC1	GO:0015031;GO:0016021
A9M5R0	GO:0003677;GO:0006351;GO:0032549;GO:0003899
Q5UP69	
Q68FP9	GO:0070085;GO:0000139;GO:0017119;GO:0006891;GO:0015031
A9ZSY3	GO:0015771;GO:0005886;GO:0015574;GO:0016021
A8MRX0	GO:0004497;GO:0004499;GO:0046620;GO:0019761;GO:0050660;GO:0048444;GO:0050661;GO:0046885;GO:0080107
P0DJD0	GO:0005737;GO:0005643;GO:0005634;GO:0006607;GO:0043547;GO:0008536
A0A0E4AZF8	GO:0006351;GO:0005634;GO:0000981;GO:0003677;GO:0008270
Q89268	GO:0042025;GO:0006260;GO:0039592;GO:0039645;GO:0005524;GO:0039693
Q39232	GO:0005985;GO:0009506;GO:0005739;GO:0009624;GO:0008506;GO:0009846;GO:0005886;GO:0016020;GO:0005887;GO:0005773
Q4P6N0	GO:0042802;GO:0000462;GO:1990417;GO:0000463;GO:0005730;GO:0003724;GO:0030687;GO:0005524;GO:0005635;GO:0003723;GO:0008186
Q6X2U1	GO:0046872;GO:0055036;GO:0039619;GO:0019031;GO:0033650;GO:0075512;GO:0019013;GO:0016021;GO:0003723;GO:0039654;GO:0044178;GO:0019062
Q8CDM4	
P25109	GO:0006936;GO:0007165;GO:0035095;GO:1904315;GO:0045202;GO:0001941;GO:0030594;GO:0015267;GO:0005886;GO:0022848;GO:0031594;GO:0005887;GO:0007271;GO:0003009;GO:0005892;GO:0007274;GO:0099060;GO:0043005;GO:0015464;GO:0006812;GO:0042166;GO:0015276;GO:0048747;GO:0042391;GO:0050877;GO:0007268;GO:0034220
Q6ZU64	GO:0007288;GO:0036126;GO:0097225;GO:0005737;GO:0005886;GO:0002080;GO:0030317;GO:0016021;GO:0003723;GO:0001669
A4IW99	GO:0003677;GO:0006351;GO:0032549;GO:0003899
A5GUL0	GO:0000049;GO:0006424;GO:0005737;GO:0005524;GO:0008270;GO:0004818
Q9T003	GO:0008171;GO:0008757;GO:0019438;GO:0046983;GO:0017096;GO:0030187;GO:0005737;GO:0032259
A1RFY8	GO:0019464;GO:0004375
Q98R27	GO:0005524;GO:0005737;GO:0006433;GO:0004827
B0SYU6	GO:0019556;GO:0005737;GO:0004397;GO:0019557
Q60673	GO:0005634;GO:0035773;GO:0030658;GO:0030141;GO:0035335;GO:0051020;GO:1904692;GO:0030507;GO:0045202;GO:0000302;GO:0043025;GO:0005886;GO:0016020;GO:0001553;GO:0016021;GO:0030073;GO:0043204;GO:0044389;GO:0008134;GO:0045944;GO:0019221;GO:0005768;GO:0043679;GO:1990502
Q02157	GO:0016042;GO:0004806;GO:0005576;GO:0046872
O66921	GO:0031072;GO:0051082;GO:0006260;GO:0009408;GO:0005737;GO:0051085;GO:0008270;GO:0005524;GO:0042026
P0C6F4	GO:0008234;GO:0046872;GO:0033644;GO:0016021
B8M9J6	GO:0004497;GO:0016705;GO:0005506;GO:0016021;GO:0020037
A1JS43	GO:0008791;GO:0019545;GO:0019544
A1RIE3	GO:0004834
Q980W5	GO:0005737;GO:0008270;GO:0050897;GO:0016811;GO:0042450;GO:0019878
P35384	GO:0010628;GO:0038023;GO:0001503;GO:0005509;GO:0006874;GO:0070509;GO:0043679;GO:0006816;GO:0042311;GO:0004930;GO:0007254;GO:0008284;GO:0032781;GO:0042803;GO:0016597;GO:0051924;GO:0005513;GO:0005887;GO:0007186
P61134	GO:0005576;GO:0005579;GO:0019835;GO:0006958;GO:0045087
Q9SKC3	GO:0006511;GO:0032436;GO:0046872;GO:0061630;GO:0005737;GO:0031624;GO:0000209;GO:0000151
P41002	GO:0000079;GO:0005813;GO:0016567;GO:0001890;GO:0030054;GO:0019005;GO:0044772;GO:0005634;GO:0010826;GO:0051301;GO:0043687;GO:0000320;GO:0005737;GO:0000209;GO:0005814;GO:0000307;GO:0005829;GO:0031146;GO:0016538
Q75FC8	GO:0009088;GO:0071266;GO:0004073;GO:0046983;GO:0050661;GO:0009097;GO:0009089;GO:0051287;GO:0019877
Q99MA2	GO:0070062;GO:0031225;GO:0070006;GO:0005886;GO:0046872
Q8BWQ6	GO:1990126;GO:0005768;GO:0015031;GO:0006893;GO:0016021;GO:0032456
B2T625	GO:0008712;GO:0050661;GO:0097171;GO:0005975
Q9UKN5	GO:0006366;GO:0000978;GO:1990837;GO:0005634;GO:0001228;GO:0005737;GO:0035097;GO:0046872;GO:0043985;GO:1990226;GO:0042054;GO:0045944;GO:0010468
B1XP90	GO:0004823;GO:0006429;GO:0002161;GO:0005737;GO:0005524
Q9STW6	GO:0006457;GO:0046686;GO:0051082;GO:0045036;GO:0005739;GO:0005634;GO:0009408;GO:0009409;GO:0016032;GO:0009579;GO:0009536;GO:0009570;GO:0005524;GO:0005829;GO:0009507;GO:0009941
P0C6V8	GO:0008234;GO:0003678;GO:0039694;GO:0006351;GO:0004527;GO:0016021;GO:0033644;GO:0003968;GO:0003724;GO:0005524;GO:0004519;GO:0003723;GO:0008270
Q6X2U3	GO:0046872;GO:0055036;GO:0039619;GO:0019031;GO:0033650;GO:0075512;GO:0019013;GO:0016021;GO:0003723;GO:0039654;GO:0044178;GO:0019062
P39057	GO:0005874;GO:0030286;GO:0005737;GO:0005524;GO:0030030;GO:0007018;GO:0031514;GO:0008569
Q9S529	GO:0005886;GO:0007155;GO:0030001;GO:0046872
A1WSF1	GO:0004834
A8G8E7	GO:0003677;GO:0006351;GO:0032549;GO:0003899
Q54RZ9	GO:0003677;GO:0003700;GO:0010737;GO:0005634
Q5E7L5	GO:0005525;GO:0003924;GO:0005737;GO:0003743
A0Q867	GO:0003677;GO:0006351;GO:0032549;GO:0003899
A9L330	GO:0019464;GO:0004375
Q65T49	GO:0004851;GO:0043115;GO:0009236;GO:0032259;GO:0051266;GO:0051287;GO:0019354
Q2SSR3	GO:0006096;GO:0005576;GO:0009986;GO:0000015;GO:0004634;GO:0000287
A6WXS2	GO:0055129;GO:0004350;GO:0005737;GO:0050661
P30589	GO:0031505;GO:0030428;GO:0004100;GO:0071944;GO:0006031;GO:0005886;GO:0016021
B8AW67	GO:0017108;GO:0005739;GO:0006260;GO:0005730;GO:0043137;GO:0003677;GO:0005654;GO:0000287;GO:0006284;GO:0008409
Q8TF39	GO:0000978;GO:0006357;GO:0005634;GO:0000981;GO:0046872
C0RJL1	GO:0003677;GO:0006351;GO:0032549;GO:0003899
Q53217	GO:0016491
Q57Q25	GO:0005886;GO:0016021;GO:0006865
Q91WS2	GO:0010506;GO:0070373;GO:0050777;GO:0042060;GO:0050727;GO:0070255;GO:0043124;GO:0034122;GO:0006954;GO:0002862;GO:0005000;GO:0031965;GO:0005886;GO:0009617;GO:0042277;GO:0005524;GO:0061702;GO:0045087;GO:0043409
B2J9G3	GO:0006541;GO:0003922;GO:0005524;GO:0016462
Q49775	GO:0042558;GO:0008705;GO:0032259;GO:0008270;GO:0031419
P23768	GO:0003700;GO:0006357;GO:0005634;GO:0043565;GO:0008270
Q05655	GO:0042742;GO:0018105;GO:0005739;GO:0005634;GO:0019901;GO:0032091;GO:0007165;GO:2000304;GO:0043407;GO:0005654;GO:0005737;GO:0002223;GO:0010469;GO:0032956;GO:0005783;GO:0016064;GO:0005911;GO:0038096;GO:0004674;GO:0006468;GO:0019899;GO:0032147;GO:0042119;GO:0070301;GO:0050728;GO:0005576;GO:0035578;GO:0016363;GO:1904385;GO:0005886;GO:0050821;GO:0005524;GO:0019900;GO:0035307;GO:0005829;GO:0043312;GO:1900163;GO:0034351;GO:0023021;GO:2001235;GO:0043488;GO:0043560;GO:0042100;GO:0004672;GO:0007049;GO:0070062;GO:0004715;GO:0004697;GO:0090331;GO:0035556;GO:0051490;GO:0060326;GO:0032930;GO:0004698;GO:0071447;GO:0030837;GO:2000753;GO:0016572;GO:0048471;GO:0004699;GO:0032615;GO:0050732;GO:0042307;GO:0090398;GO:0006915;GO:2000755;GO:0032079;GO:0030168;GO:0060333;GO:0018107;GO:0032613;GO:0046872;GO:2001022;GO:0046627;GO:0008631;GO:0008047
Q99145	GO:0000105;GO:0005737;GO:0003879;GO:0005524;GO:0000287
O14077	GO:0006508;GO:0008237;GO:0005739;GO:0071432;GO:0051603;GO:0046872;GO:0005829;GO:0051321;GO:0043171
A5CYZ0	GO:0051539;GO:0006777;GO:0019008;GO:1904047;GO:0046872;GO:0005525;GO:0061798
A4FZP0	GO:0003743
A9KTR7	GO:0004834
B4U0V9	GO:0003924;GO:0003746;GO:0005737;GO:0005525
Q2S8W1	GO:0006094;GO:0006096;GO:0005737;GO:0004347
Q5XF78	GO:0010341;GO:0102118;GO:0008757;GO:0032259;GO:0046872
Q9CJN5	GO:0003852;GO:0009098
Q5ZVY4	GO:0004834
Q4ZMF4	GO:0005737;GO:0002949;GO:0005506;GO:0061711
B3DJT0	GO:0015030;GO:0048538;GO:0000387;GO:0005634;GO:0042393;GO:0006334;GO:0000245;GO:0005654;GO:0008380;GO:0005737;GO:0031017;GO:0017070;GO:0016607;GO:0000398;GO:1903586;GO:0000381;GO:0030098;GO:0061574
A1AHK5	GO:0006146;GO:0000034
O73798	GO:0043560;GO:0046872;GO:0005010;GO:0004713;GO:0005520;GO:0001556;GO:0007275;GO:0043548;GO:0005524;GO:0046777;GO:0005198;GO:0048009;GO:0005887
Q89277	GO:0039694;GO:0003725;GO:0039502;GO:0042025;GO:0019031;GO:0039564;GO:0004483;GO:0075512;GO:0005198;GO:0005525;GO:0005576;GO:0044220;GO:0004482;GO:0005524;GO:0016021;GO:0019028;GO:0003724;GO:0003968;GO:0039654;GO:0055036;GO:0046983;GO:0044167;GO:0046872;GO:0039520;GO:0019062;GO:0004252
A4Y845	GO:0004834
Q97WJ5	GO:0050661;GO:0004324;GO:0050660
Q7VC95	GO:0051539;GO:0004160;GO:0009099;GO:0009097;GO:0046872
Q8BGY4	
Q9UPY6	GO:0071933;GO:0031209;GO:0070062;GO:0008360;GO:0003779;GO:0030032;GO:0065003;GO:0014003;GO:0005856;GO:0030027;GO:0030036;GO:0034237;GO:0007010;GO:0098794;GO:0030041;GO:2000601;GO:0031643
Q1WS60	GO:0004342;GO:0019262;GO:0006044;GO:0005975
A9M354	GO:0004834
Q92625	GO:1901187;GO:0046875;GO:0048013;GO:0016322;GO:0005654;GO:0043005;GO:0005829;GO:0006929
B2FQ38	GO:0003677;GO:0006351;GO:0032549;GO:0003899
P33189	GO:0030170;GO:0004015;GO:0006071;GO:0009102
A4JS50	GO:0050661;GO:0004324;GO:0050660
P58397	GO:1902203;GO:1901509;GO:0004222;GO:0050727;GO:0071347;GO:0071773;GO:0007160;GO:0071356;GO:0031012;GO:0051603;GO:2001113;GO:0032331;GO:0016477;GO:0030167;GO:1902548;GO:0046872;GO:0030198
Q17298	GO:0032589;GO:0007638;GO:0050976;GO:0015280;GO:0061096;GO:1905789;GO:0035725;GO:0030424;GO:0005887;GO:1905792
Q9SSR4	GO:0005739;GO:0008380;GO:0032981;GO:0000963;GO:1990825
Q10094	GO:0005829;GO:1990748;GO:0006749;GO:0017168
B5Y6U9	GO:0050567;GO:0005524;GO:0006412
Q1K8F6	GO:0005759;GO:0006526;GO:0034618;GO:0016310;GO:0103045;GO:0004042
Q4WDD4	GO:0035690;GO:0016887;GO:0005886;GO:0042626;GO:0005524;GO:0016021
B2TRM5	GO:0052865;GO:0009228;GO:0008661;GO:0030976;GO:0000287;GO:0016114
P75831	GO:0042802;GO:0022857;GO:0046677;GO:0015562;GO:1990196;GO:0008559;GO:0016887;GO:0005886;GO:0005524;GO:0016021;GO:0005887;GO:1990961
Q8BHE4	GO:0005769;GO:0021542;GO:1904115;GO:0036477;GO:0008090;GO:0097106;GO:0051388;GO:0097484;GO:0098815;GO:0030425;GO:0010008;GO:0016021;GO:0014069;GO:0031175;GO:0030424;GO:1990416;GO:0006898
P34487	
Q9NXH9	GO:0006400;GO:0005634;GO:0000049;GO:0005654;GO:0046872;GO:0003723;GO:0002940;GO:0004809
Q2HB00	GO:0005789;GO:0000139;GO:0030127;GO:0006886;GO:0090114;GO:0008270
Q01447	GO:0050613;GO:0050661;GO:0016126;GO:0016021
P48452	GO:0043197;GO:0097720;GO:0046872;GO:0005516;GO:0005955;GO:0051592;GO:0005737;GO:0033192;GO:0030018;GO:0033173;GO:0016311;GO:0005829;GO:0042383;GO:0006470
B4UGZ3	GO:0019464;GO:0004375;GO:0009116
Q682D3	GO:0008094;GO:0033063;GO:0000724;GO:0003677;GO:0005657;GO:0005524;GO:0007131
A5VUS6	GO:0030956;GO:0016787;GO:0050567;GO:0005524;GO:0006412
Q4X0Z5	GO:0005768;GO:0015031
Q02012	GO:0055036;GO:0046983;GO:0019031;GO:0075512;GO:0044167;GO:0016021;GO:0039654;GO:0019062
Q01603	GO:0005576;GO:0018212;GO:0004601;GO:0042744;GO:0042600;GO:0046872;GO:0006979;GO:0007306;GO:0018149;GO:0020037
Q3MKY2	GO:0033879;GO:0009820
Q634Q9	GO:0051539;GO:0046429;GO:0019288;GO:0005506;GO:0016114
B3EKE9	GO:0042744;GO:0004096;GO:0046872;GO:0006979;GO:0020037
Q9Y2Q1	GO:0000978;GO:0005634;GO:0000981;GO:0006355;GO:0046872
Q3UU96	GO:0042802;GO:0031532;GO:0031032;GO:0007097;GO:0031252;GO:0042641;GO:0018107;GO:0035556;GO:0005737;GO:0005856;GO:0016477;GO:0030027;GO:0005524;GO:0007010;GO:0005911;GO:0000287;GO:0004674;GO:0006468;GO:0051056;GO:0000226
Q02805	GO:0002092;GO:0005737;GO:0005886;GO:0042493;GO:0070086;GO:0030674;GO:0031625;GO:0071333;GO:0005829;GO:0000754;GO:0015031
A6WSL1	GO:0019464;GO:0004375
B4STV2	GO:0005737;GO:0006096;GO:0004618;GO:0005524
Q8IWV8	GO:0016567;GO:0006342;GO:0033522;GO:0007283;GO:0005634;GO:0032007;GO:0007131;GO:0061630;GO:0071233;GO:0005737;GO:0071596;GO:0070728;GO:0000785;GO:0000209;GO:0007141;GO:0005829;GO:0008270;GO:0000151;GO:0007140;GO:0010529
A7FMJ7	GO:1905887;GO:0016887;GO:0042626;GO:0005886;GO:0005524;GO:0016021
Q08393	GO:0004364;GO:0005737;GO:0006805;GO:0006749
C3MGI5	GO:0009039;GO:0005737;GO:0016151;GO:0043419
Q7SD11	GO:0008094;GO:0006312;GO:0032302;GO:0000735;GO:0007131;GO:0000710;GO:0032135;GO:0032300;GO:0005524;GO:0006298;GO:0043111;GO:0043570;GO:0051096
A1CJ75	GO:0017108;GO:0005739;GO:0006260;GO:0005730;GO:0006286;GO:0043137;GO:0008409;GO:0003677;GO:0005654;GO:0006303;GO:0000287;GO:0001302;GO:0035753;GO:0000734;GO:0005829
O02279	GO:0005634;GO:0003700;GO:0043565;GO:0008270
Q9S3K3	GO:0004125;GO:0005737;GO:0001514;GO:0097056
O89344	GO:0019012;GO:0004482;GO:0030430;GO:0005524;GO:0003968
Q7MBC7	GO:0006457;GO:0051082;GO:0009408;GO:1990220;GO:0051085;GO:0005524;GO:0042026
Q9L4N6	GO:0006520;GO:0044205;GO:0016597;GO:0004070;GO:0006207
B6IZE2	GO:0006541;GO:0003922;GO:0005524;GO:0016462
P78332	GO:0005634;GO:0006396;GO:0003677;GO:0000398;GO:0003723
Q6FYW3	GO:0009405;GO:0005886;GO:0030255;GO:0016021
P29120	GO:0042802;GO:0030133;GO:0006508;GO:0043043;GO:0016486;GO:0016485;GO:0034774;GO:0007267;GO:0016020;GO:0043005;GO:0005615;GO:0004252
Q5UP68	
P32073	GO:0045335;GO:0046037;GO:0016462;GO:0005524;GO:0006541;GO:0005829;GO:0003922;GO:0003921;GO:0006177
P22682	GO:0006511;GO:0032487;GO:0042059;GO:1990090;GO:0070997;GO:0010332;GO:0019901;GO:0043303;GO:0007165;GO:0045121;GO:0008584;GO:0043066;GO:0014068;GO:0071364;GO:0005794;GO:0005929;GO:0007175;GO:0006468;GO:0030424;GO:0014823;GO:0006974;GO:0005925;GO:1990782;GO:2000583;GO:0061630;GO:0005886;GO:0036120;GO:0006513;GO:0005829;GO:0048260;GO:0007166;GO:0005509;GO:0046677;GO:0046875;GO:0005154;GO:0017124;GO:0036312;GO:0045453;GO:1901215;GO:0048471;GO:0090650;GO:0001784;GO:0045471;GO:0030426;GO:0030971;GO:0000209;GO:0033574;GO:0042594
Q27995	GO:0010181;GO:0006809;GO:0005516;GO:0050660;GO:1900015;GO:0032310;GO:0032635;GO:0050661;GO:0018119;GO:0032637;GO:0046872;GO:0005829;GO:0004517;GO:0020037
Q9NVE7	GO:0005634;GO:0016787;GO:0015937;GO:0016310;GO:0005524;GO:0046872;GO:0005829
Q11CV8	GO:0000287;GO:0004775;GO:0005524;GO:0006099
B9E6X1	GO:0006457;GO:0051082;GO:0005524
Q02XW6	GO:0006520;GO:0044205;GO:0016597;GO:0004070;GO:0006207
Q925S8	GO:0035694;GO:0006508;GO:0005743;GO:0004222;GO:0007005;GO:0046872;GO:0004176;GO:0008283;GO:0034214;GO:0043066;GO:0005524;GO:0016021;GO:0006515;GO:0034982
Q9VSA4	
A6QE71	GO:0006541;GO:0003922;GO:0005524;GO:0016462
O77681	GO:0008083;GO:2000870;GO:0008284;GO:0005125;GO:0005737;GO:0005615;GO:0030308;GO:0001555
A1UUC3	GO:0006457;GO:0051082;GO:0005524
Q6UTZ2	GO:0009247;GO:0046509;GO:0031969
Q5SID2	GO:0047151;GO:0005737;GO:0030698;GO:0050660
Q5I050	GO:0051539;GO:0005524;GO:0046872;GO:0051536;GO:0005829;GO:0016226
Q2EEW9	GO:0006351;GO:0003899;GO:0003677;GO:0009536;GO:0046872
Q3B4A3	GO:0005840;GO:0003735;GO:0006412
C6E0M6	GO:0008676;GO:0005737;GO:0019294
Q59KF3	GO:0000453;GO:0001510;GO:0000466;GO:0016435;GO:0000463;GO:0005730;GO:0008173;GO:0031167;GO:0070039;GO:0030687;GO:0008650
B2RYE5	GO:0010628;GO:0042060;GO:0031032;GO:0051549;GO:0045785;GO:0005737;GO:0005856;GO:0005923;GO:0045177;GO:0008092
O13991	GO:0005634;GO:0016491;GO:0006740
Q7VDS0	GO:0006189;GO:0004643;GO:0003937
Q14149	GO:0016605;GO:0051457;GO:0007569;GO:0016363;GO:0018105;GO:0016032;GO:0005654;GO:0050821;GO:0048147;GO:0008270;GO:0035064;GO:0003723;GO:0009791;GO:0006468
Q9ZJL3	GO:0034605;GO:0004176;GO:0043565;GO:0005737;GO:0005524;GO:0006515;GO:0004252
A1TCX1	GO:0019380;GO:0008198;GO:0047070
Q9WUQ1	GO:1904707;GO:0071305;GO:0005604;GO:0031410;GO:0010976;GO:0004222;GO:0030728;GO:0031012;GO:0044691;GO:0001822;GO:0060347;GO:0062023;GO:1900087;GO:0008201;GO:0001542;GO:0071380;GO:1904754;GO:0030198;GO:0016525;GO:0008270;GO:0071374
O67166	GO:0055129;GO:0004350;GO:0005737;GO:0050661
B4SKV6	GO:0003677;GO:0006351;GO:0032549;GO:0003899
Q9VKJ3	GO:0031080;GO:0006406;GO:0000724;GO:0006606;GO:0005643;GO:0046822;GO:0017056
Q9VUV9	GO:0005681;GO:0007283;GO:0071011;GO:0000278;GO:0005634;GO:0030532;GO:0003724;GO:0008380;GO:0000398;GO:0000388;GO:0003723;GO:0000381;GO:0005524;GO:0007419;GO:0071013
A1KUI5	GO:0006308;GO:0009318;GO:0008855;GO:0003676;GO:0005737
A5IPX0	GO:0006541;GO:0003922;GO:0005524;GO:0016462
A4YNK8	GO:0019556;GO:0005737;GO:0016153;GO:0019557
Q5B7I4	GO:0044550;GO:0016874;GO:0005737;GO:0019748;GO:0031177;GO:0043041
A2BYG1	GO:0042026;GO:0005737;GO:0051082;GO:0005524
B4IXE0	GO:0006511;GO:0008234;GO:0016242;GO:0030718;GO:0004843;GO:0005730;GO:0035019;GO:0016579
B1XTT6	GO:0009014;GO:0009089;GO:0050897;GO:0008270;GO:0019877
Q9P2J9	GO:0004722;GO:0004741;GO:0005759;GO:0004724;GO:0005739;GO:0010510;GO:1904184;GO:0046872
A7Y3B4	GO:0006351;GO:0003899;GO:0003677;GO:0008270;GO:0009507
Q29040	GO:0042802;GO:0030331;GO:0042981;GO:0005634;GO:0019901;GO:0030518;GO:0034121;GO:0030520;GO:0008584;GO:0051117;GO:0000122;GO:0005794;GO:0008013;GO:0051000;GO:0048863;GO:0045893;GO:0007200;GO:0000978;GO:0006357;GO:0001223;GO:0043124;GO:0005886;GO:0060745;GO:0004879;GO:0060523;GO:0003682;GO:0034056;GO:0050727;GO:0045899;GO:0000790;GO:0051091;GO:0043565;GO:0060687;GO:0001547;GO:0045429;GO:0001093;GO:1903799;GO:0001226;GO:0071168;GO:0097550;GO:0048146;GO:0060750;GO:0060068;GO:0010863;GO:0030284;GO:0071391;GO:0008209;GO:0060527;GO:0001228;GO:0071392;GO:0060065;GO:0043433;GO:0008270;GO:0035327;GO:0007204;GO:0060749;GO:0002064;GO:0017025;GO:0005496
Q8Z2X5	GO:1905887;GO:0016887;GO:0042626;GO:0005886;GO:0005524;GO:0016021
P53036	GO:0000082;GO:0005739;GO:0005634;GO:0043666;GO:0019903;GO:0019888;GO:0005829
Q94071	GO:0000003;GO:0040017;GO:0048786;GO:0050808;GO:0007528;GO:0043051
Q5JRA6	GO:0090110;GO:0006887;GO:0005788;GO:0070971;GO:0042953;GO:0006888;GO:0070973;GO:0042060;GO:0000139;GO:0009306;GO:0016020;GO:0140052;GO:0016021;GO:0043231;GO:0043687;GO:1903038;GO:0038024;GO:0005789;GO:0002042;GO:0030336;GO:0035459;GO:0007029;GO:0002687;GO:2000402;GO:0044267;GO:0007162;GO:0015031
Q9JZF7	GO:0003991;GO:0006526;GO:0034618;GO:0005737;GO:0005524;GO:0042450
Q8YE76	GO:0006457;GO:0051082;GO:0005524
Q8BGT5	GO:0045722;GO:0009058;GO:0006103;GO:0004021;GO:0005739;GO:0030170;GO:0042851;GO:0005615;GO:0042853
P97528	GO:0099026;GO:0007155;GO:0098688;GO:0005112;GO:0046658;GO:0005886;GO:0007411;GO:0043005;GO:0007219;GO:0045747
O34863	GO:0009380;GO:0016887;GO:0009432;GO:0003677;GO:0006289;GO:0005737;GO:0009381;GO:0008270;GO:0005524
Q5PKB8	GO:0000287;GO:0004674;GO:0005524;GO:0005737
O07395	GO:0005886;GO:0016021
Q59RQ0	GO:0032508;GO:0003678;GO:0000002;GO:0005739;GO:0005634;GO:0006260;GO:0051880;GO:0008408;GO:0006281;GO:0006310;GO:0032211;GO:0005657;GO:0005524;GO:0043139;GO:0000723;GO:0010521
Q2RWE4	GO:0051539;GO:0046429;GO:0019288;GO:0005506;GO:0016114
P42014	GO:0009401;GO:0005737;GO:0016301;GO:0046872;GO:0008965
B0S5N4	GO:0042802;GO:0030334;GO:0008360;GO:1902287;GO:0008045;GO:0048675;GO:0002116;GO:0017154;GO:0043087;GO:0048755;GO:0050772;GO:0007162;GO:0016020;GO:0048696;GO:0060272;GO:0005887
A8GGQ0	GO:0042744;GO:0004096;GO:0046872;GO:0006979;GO:0020037
A0L5E8	GO:0005737;GO:0009229;GO:0009228;GO:0016783
Q167K4	GO:0006189;GO:0004641;GO:0005524;GO:0005737
A9KGD5	GO:0006541;GO:0003922;GO:0005524;GO:0016462
A1R6X5	GO:0004823;GO:0006429;GO:0002161;GO:0005737;GO:0005524
A2XUW1	GO:0008353;GO:0004693;GO:0005524
Q14HS5	GO:0003723;GO:0005737;GO:0052915;GO:0070043
O75443	GO:0070062;GO:0005576;GO:0005201;GO:0007160;GO:0031225;GO:0007605;GO:0005886;GO:0062023
O66911	GO:0009380;GO:0016887;GO:0009432;GO:0003677;GO:0006289;GO:0005737;GO:0009381;GO:0008270;GO:0005524
S0DQM8	GO:0016126;GO:0005789;GO:0004420;GO:0015936;GO:0008299;GO:0016021
Q7M9A7	GO:0030060;GO:0019752;GO:0006099;GO:0005975
P31695	GO:0005112;GO:0005654;GO:0000122;GO:0005783;GO:0031410;GO:0007219;GO:0001886;GO:0001944;GO:0009986;GO:0032880;GO:0005886;GO:0016021;GO:0048845;GO:0005829;GO:0060354;GO:0005509;GO:2000048;GO:1903849;GO:0001763;GO:0045446;GO:0038023;GO:0045746;GO:0045602;GO:0001569;GO:0070613;GO:0008593;GO:0030879;GO:0045766;GO:0001837
Q9RTF5	GO:0019464;GO:0004375;GO:0030170;GO:0005960;GO:0016594;GO:0005829
Q21U33	GO:0042026;GO:0005737;GO:0051082;GO:0005524
Q2VEI6	GO:0006351;GO:0003899;GO:0003677;GO:0008270;GO:0009507
P22924	GO:0016210;GO:0009813
Q0A6V9	GO:0065002;GO:0006605;GO:0005737;GO:0005886;GO:0017038;GO:0005524;GO:0046872
A2C141	GO:0006782;GO:0005737;GO:0004853
P0DA84	GO:0003924;GO:0003746;GO:0005737;GO:0005525
Q8ZTB2	GO:0017061;GO:0006166;GO:0004731;GO:0005737;GO:0019509;GO:0005829
Q8R9G7	GO:0008360;GO:0009252;GO:0007049;GO:0051301;GO:0019277;GO:0008760;GO:0005737;GO:0071555
Q07E16	GO:0060081;GO:0030165;GO:1902476;GO:0005634;GO:0005254;GO:1904322;GO:0034707;GO:0071320;GO:0106138;GO:0019899;GO:0006695;GO:0016853;GO:0045921;GO:0009986;GO:0035774;GO:0005886;GO:0055038;GO:0005260;GO:0005524;GO:0016021;GO:0051087;GO:0005829;GO:0051454;GO:0005887;GO:0015106;GO:0030301;GO:0005789;GO:0006904;GO:0016887;GO:1902161;GO:0031901;GO:1902943;GO:0042626;GO:0048240;GO:0015701;GO:0005769;GO:0016324;GO:0015108;GO:0050891;GO:0034976;GO:0019869;GO:0035377
P9WJQ2	GO:0051539;GO:0042128;GO:0043546;GO:0008940;GO:0005886;GO:0009325;GO:0046872
B5Z674	GO:0009039;GO:0005737;GO:0016151;GO:0043419
Q2MIB0	GO:0006351;GO:0003899;GO:0003677;GO:0008270;GO:0009507
O64314	GO:0098003
Q6ZP82	GO:0005737;GO:0005815;GO:0043005
Q6LUH2	GO:0008973;GO:0006015;GO:0005737;GO:0043094;GO:0030145;GO:0000287;GO:0009264
A7IC65	GO:0006457;GO:0051082;GO:0005524
Q7VQI3	GO:0008759;GO:0009245;GO:0103117;GO:0046872
P29823	GO:0005886;GO:0055085;GO:0008643;GO:0016021
P9WEZ4	GO:0016874;GO:0016491;GO:0006633;GO:0004315;GO:0031177
Q0HUX4	GO:0005737;GO:0009229;GO:0009228;GO:0016783
B8EB45	GO:0019464;GO:0004375
E9Q309	GO:0005819;GO:0005813;GO:0008017;GO:0042995;GO:0071539;GO:0005634;GO:0005737;GO:0034453;GO:0005814;GO:1905515
A7N141	GO:0051539;GO:0016830;GO:0009229;GO:0009228;GO:0008270
B1JLQ0	GO:1905887;GO:0016887;GO:0042626;GO:0005886;GO:0005524;GO:0016021
Q54215	GO:0006457;GO:0051082;GO:0005524
A1KIM6	GO:0005737;GO:0006096;GO:0004618;GO:0005524
Q32LC2	
Q7VKL8	GO:0006351;GO:0003899;GO:0003677;GO:0008270;GO:0000287
Q56317	GO:0051539;GO:0046872;GO:0019164;GO:0030976
Q65229	GO:0003899;GO:0006351;GO:0046983
P17028	GO:0042802;GO:0000978;GO:0006357;GO:0045892;GO:0005634;GO:0000981;GO:0042552;GO:0001228;GO:0005654;GO:0043565;GO:0046872;GO:0045944
Q9BBS7	GO:0006351;GO:0003899;GO:0003677;GO:0008270;GO:0009507
B7HCQ3	GO:0051539;GO:0016114;GO:0005506;GO:0046429;GO:0019288
Q8MJ76	GO:0005504;GO:0001542;GO:0060395;GO:0005737;GO:0008270;GO:0005615;GO:0042448
Q7M1F2	GO:0031640;GO:0005576;GO:0050832
O88279	GO:0048846;GO:0048495;GO:0005509;GO:0022028;GO:0008045;GO:0007420;GO:0007097;GO:0008201;GO:0031290;GO:0033563;GO:0007411;GO:0021772;GO:0021510;GO:0022029;GO:0051964;GO:0050919;GO:0048843;GO:0005615;GO:0048812;GO:0043395;GO:0007409
Q5F9W3	GO:0004834
Q9FCC9	GO:0009368;GO:0004176;GO:0051117;GO:0005737;GO:0006515;GO:0004252
Q6PHS9	GO:0046622;GO:0040014;GO:0046872;GO:0048747;GO:0006816;GO:0034765;GO:0005245;GO:0007528;GO:0060024;GO:0008016;GO:0005891
P41389	GO:0003697;GO:0003678;GO:0051097;GO:0005634;GO:0031261;GO:0006267;GO:0005737;GO:0005656;GO:0006270;GO:0042555;GO:0005524;GO:0003688;GO:0043596;GO:0005829;GO:0000727;GO:1902975
Q8D7E0	GO:0008878;GO:0005524;GO:0005978
Q15714	GO:0005634;GO:0003700;GO:0005737;GO:0006366
Q9UXU2	GO:0033179;GO:0005886;GO:0015078;GO:0016021
Q0A986	GO:0005737;GO:0006427;GO:0004821;GO:0005524
Q9VZX1	GO:0008083;GO:0005576;GO:0008063;GO:0008045;GO:0008592;GO:0007399;GO:0005121;GO:0048018;GO:0031637;GO:0010941;GO:0007411;GO:0005615;GO:0021556;GO:0045087;GO:0002225
C8VC05	GO:0051539;GO:0006285;GO:0005739;GO:0005634;GO:0003906;GO:0003677;GO:0000703;GO:0046872;GO:0006296;GO:0140078
O67420	GO:0009245;GO:0008915;GO:0005543
Q2MIJ7	GO:0006351;GO:0003899;GO:0003677;GO:0008270;GO:0009507
Q9JIB3	GO:0016045;GO:0042742;GO:0046872;GO:0072557;GO:0043027;GO:0006954;GO:0070269;GO:0005524;GO:0043154
Q32NS4	GO:0016567;GO:0097413;GO:0016604;GO:0005737;GO:0008270;GO:0004842
H6LGM7	GO:0005737;GO:0071949;GO:0016628;GO:0009055
Q8D1Y3	GO:0051539;GO:0046429;GO:0019288;GO:0005506;GO:0016114
Q89AI8	GO:0030955;GO:0016301;GO:0005524;GO:0000287;GO:0004743
Q1KZG0	GO:0005385;GO:0071578;GO:0055038;GO:0006882;GO:0005887
Q16587	GO:0000978;GO:0046872;GO:0006357;GO:0005634;GO:0000981;GO:0005654;GO:0007275;GO:0006355;GO:0003723;GO:0015629
Q7RTY1	GO:0015293;GO:0008028;GO:0016021;GO:0015718;GO:0046415;GO:0005887
Q9LS16	GO:0080043;GO:0080044
P0C886	GO:1905887;GO:0016887;GO:0042626;GO:0005886;GO:0005524;GO:0016021
Q6N3G0	GO:0051539;GO:0051745;GO:0019288;GO:0050992;GO:0046872;GO:0016114
Q81LV7	GO:0051539;GO:0016114;GO:0005506;GO:0046429;GO:0019288
Q6FYW1	GO:0009405;GO:0005886;GO:0016021
P9WP92	GO:0048472;GO:0015420;GO:0009236;GO:0005886;GO:0016021
Q12IT8	GO:0008233;GO:0016887;GO:0009376;GO:0043335;GO:0005524
Q8FXX2	GO:0006457;GO:0051082;GO:0005524
Q5WW81	GO:0003723;GO:0051539;GO:0070041;GO:0005506
Q91250	GO:0010628;GO:0003700;GO:0048747;GO:0030284;GO:0005634;GO:0043565;GO:0008270;GO:0005496
Q4P0P0	GO:0001732;GO:0071540;GO:0006413;GO:0003743;GO:0005852;GO:0031369;GO:0016282;GO:0033290;GO:0071541
Q8NB12	GO:0007507;GO:0034968;GO:0045663;GO:0045892;GO:0005634;GO:0010831;GO:0006338;GO:0003714;GO:0003677;GO:0035914;GO:0005737;GO:0018024;GO:0046872
Q28833	GO:0031589;GO:0042802;GO:0005576;GO:0005518;GO:0007599;GO:0033093;GO:0005178;GO:0030168;GO:0031012;GO:0007155;GO:0047485;GO:0062023;GO:0019865;GO:0005783;GO:0005615;GO:0002020;GO:0051087;GO:0007596
P0CH36	GO:0008106;GO:0008270
O76554	GO:0005230;GO:0030594;GO:0007165;GO:0004888;GO:0042391;GO:0050877;GO:0043005;GO:0007268;GO:0034220;GO:0005887;GO:0045202
Q6G2Z5	GO:0016887;GO:0005886;GO:0005524;GO:0016021;GO:0015441
Q8QGQ7	GO:0003700;GO:0042753;GO:0005634;GO:0070888;GO:0046983;GO:0005667;GO:0005737;GO:0048511;GO:0045893
B3PI87	GO:0051539;GO:0051537;GO:0004076;GO:0005506;GO:0009102
P03600	GO:0008234;GO:0044165;GO:0019082;GO:0006351;GO:0018144;GO:0018259;GO:0039694;GO:0070613;GO:0004197;GO:0003968;GO:0003724;GO:0033644;GO:0039690;GO:0044220;GO:0005524;GO:0016021;GO:0003723
Q8A8M0	GO:0019464;GO:0004375;GO:0030170;GO:0005960;GO:0016594;GO:0005829
P26791	GO:0005524
Q7NMD1	GO:0018298;GO:0071949;GO:0003677;GO:0003913;GO:0000719
P21401	GO:0019068;GO:0019012;GO:0039526;GO:0039654;GO:0055036;GO:0044193;GO:0044167;GO:0046760;GO:0016021;GO:0019050;GO:0044178;GO:0019062
A8C750	GO:0005829;GO:0030488
P03995	GO:0042802;GO:0042995;GO:0031102;GO:0005737;GO:0005856;GO:0005882;GO:0045103;GO:0014002;GO:0060020;GO:1904714;GO:0044297;GO:0016020;GO:0098574;GO:0019900;GO:0051580;GO:0045111;GO:0097449;GO:0010625;GO:0043209;GO:0005200;GO:0097450;GO:0030198;GO:0060291;GO:0005178;GO:0009611;GO:0045109;GO:0097386;GO:0010977;GO:0060252
Q18192	GO:0003700;GO:0005634;GO:0009886;GO:0006970;GO:0043565;GO:0008270;GO:0009792
Q839J8	GO:0006541;GO:0003922;GO:0005524;GO:0016462
B9E6U1	GO:0051539;GO:0046429;GO:0019288;GO:0005506;GO:0016114
Q38896	GO:0010154;GO:0005634;GO:0009409;GO:0005730;GO:0009793;GO:0003729;GO:0003677;GO:0008270;GO:0005829
Q0VCA5	GO:0042802;GO:0097197;GO:0032567;GO:0005634;GO:0005654;GO:0008832;GO:0005525;GO:0003723;GO:0016793;GO:0006974;GO:0110025;GO:0051289;GO:0000724;GO:0004540;GO:0045088;GO:0003697;GO:0046061;GO:0006203;GO:0003676;GO:0051607;GO:0009264;GO:0016446;GO:0035861;GO:0008270;GO:0060339;GO:0045087
P0DJD1	GO:0005737;GO:0005643;GO:0005634;GO:0006607;GO:0043547;GO:0008536
Q9NRJ4	GO:0043687;GO:0005829;GO:0005737;GO:0016567
Q53U20	GO:0008483;GO:0017000
Q5R0Q0	GO:0005198;GO:0071973;GO:0009428;GO:0030288
Q1M360	GO:0016887;GO:0005886;GO:0015611;GO:0005524
O65435	GO:0010333;GO:0051762;GO:0009536;GO:0000287;GO:0009975;GO:0016114
Q8CGV9	GO:0050975;GO:0005739;GO:0005634;GO:0002087;GO:0048745;GO:0005654;GO:0001701;GO:0072195;GO:0072193;GO:0030324;GO:0006357;GO:0051968;GO:0051152;GO:0005886;GO:0072105;GO:0003682;GO:0060291;GO:0060993;GO:0045892;GO:0050881;GO:0030426;GO:0001656;GO:0003677;GO:0001657;GO:0046872
Q1QKW6	GO:0005737;GO:0030145;GO:0070006
Q1J6V6	GO:0003924;GO:0003746;GO:0043022;GO:0005886;GO:0045727;GO:0005525
C1JJY3	GO:0055036;GO:0016021
Q19038	GO:0035725;GO:0015280;GO:0005887
P54334	
Q98199	GO:0004652;GO:0006397;GO:0005524
B8CPE7	GO:0009380;GO:0009432;GO:0003677;GO:0006289;GO:0005737;GO:0009381
A0RIQ2	GO:0051539;GO:0046429;GO:0019288;GO:0005506;GO:0016114
A9N8L6	GO:0006541;GO:0003922;GO:0005524;GO:0016462
A3PGX5	GO:0048034;GO:0005886;GO:0008495;GO:0016021
P29535	GO:0030170;GO:0009693;GO:0016847;GO:0009835
Q6ZN79	GO:0000977;GO:0000122;GO:0006357;GO:0046872;GO:0001227;GO:0000790;GO:0000981
O14905	GO:0072174;GO:0003339;GO:0072046;GO:0061038;GO:0001701;GO:0005109;GO:0045165;GO:0001932;GO:0005576;GO:0016055;GO:0039706;GO:0060021;GO:0071300;GO:0009786;GO:0001658;GO:0007267;GO:0072038;GO:0043085;GO:0061303;GO:0060071;GO:0048018;GO:0030539;GO:0005125;GO:0072181;GO:0007275;GO:0048701;GO:0032526;GO:1905438;GO:0060070;GO:1902455;GO:0030182;GO:0072044;GO:1904948;GO:0009267;GO:0035150;GO:0072003;GO:0005615
Q9VBP9	GO:0006511;GO:0046872;GO:0071795;GO:0098586;GO:0005634;GO:0005654;GO:0043130;GO:0043161;GO:0031625;GO:0005829;GO:0045879
C6X3B5	GO:0009317;GO:0016743;GO:0003989;GO:0006633;GO:0005524;GO:2001295
D3ZKB9	GO:0050975;GO:0005634;GO:0002087;GO:0048745;GO:0001701;GO:0072195;GO:0072193;GO:0030324;GO:0006357;GO:0051968;GO:0051152;GO:0072105;GO:0003682;GO:0060291;GO:0060993;GO:0045892;GO:0050881;GO:0030426;GO:0001656;GO:0003677;GO:0001657;GO:0046872
Q99D35	GO:0039694;GO:0003725;GO:0039502;GO:0042025;GO:0019031;GO:0039564;GO:0004483;GO:0075512;GO:0005198;GO:0005576;GO:0044220;GO:0004482;GO:0039707;GO:0005524;GO:0016021;GO:0019028;GO:0039545;GO:0005216;GO:0003724;GO:0033650;GO:0003968;GO:0039654;GO:0044385;GO:0039574;GO:0055036;GO:0051259;GO:0046983;GO:0044167;GO:0046872;GO:0039520;GO:0019062;GO:0004252
P03833	GO:0051539;GO:0009399;GO:0016903;GO:0005506;GO:0030976;GO:0022900
A9AZ11	GO:0004823;GO:0006429;GO:0002161;GO:0005737;GO:0005524
Q9LV81	GO:0005743;GO:0005739;GO:0009536;GO:0005347;GO:0016021
Q9VBW3	GO:0005509;GO:0004714;GO:0042060;GO:0045177;GO:0033674;GO:0004713;GO:0090303;GO:0007156;GO:0014068;GO:0007030;GO:0007275;GO:0016339;GO:0005524;GO:0045792;GO:0007169;GO:0043235;GO:0006468;GO:0005887
Q44653	GO:0003723;GO:0005840;GO:0003735;GO:0006412
A9UYK7	
Q05981	GO:0006457;GO:0051082;GO:0005524
Q8A753	GO:0006096;GO:1903862;GO:0006094;GO:0004618;GO:0005524;GO:0005829;GO:0043531
B7IYD0	GO:0051539;GO:0016114;GO:0005506;GO:0046429;GO:0019288
Q8GU82	GO:0016887;GO:0042626;GO:0005524;GO:0016021
Q5R670	GO:0003677;GO:0046872;GO:0005634;GO:0006355
A6KYJ7	GO:0003924;GO:0003746;GO:0005737;GO:0005525
P46862	GO:0004731;GO:0009116
C1CEW4	GO:0009073;GO:0005737;GO:0009423;GO:0000166;GO:0046872;GO:0003856
B3R2F9	GO:0008784;GO:0030632;GO:0030170
Q9WZZ3	GO:0051539;GO:0046429;GO:0019288;GO:0005506;GO:0016114
Q94AL1	GO:0022857;GO:0016020;GO:0015297;GO:0016021;GO:0042910
O58549	GO:0051539;GO:0032259;GO:0046872;GO:0008168;GO:0031419
Q9ZE20	GO:0006351;GO:0003899;GO:0003677;GO:0008270;GO:0000287
P0C0V0	GO:0006457;GO:0042802;GO:0006508;GO:0008233;GO:0009408;GO:0061077;GO:0030288;GO:0008236;GO:0005886;GO:0006979;GO:0006515;GO:0009266;GO:0004252
O83414	GO:0009431;GO:0005886;GO:0071973;GO:0016021;GO:0003774
Q0PCS3	GO:0051301;GO:0005634;GO:0010332;GO:0016032;GO:0045003;GO:0000724;GO:0003677;GO:0005524;GO:0007131;GO:0004386;GO:0015616;GO:0051701;GO:0071480;GO:0071248
P57206	GO:0000105;GO:0005737;GO:0016829;GO:0000107
A8L6E2	GO:0051539;GO:0046429;GO:0019288;GO:0005506;GO:0016114
W6RTA4	GO:0030672;GO:0097091;GO:0030424;GO:0017158;GO:0016192;GO:0071277;GO:0048786;GO:0030276;GO:0005886;GO:0016079;GO:0048790;GO:0005509;GO:0019905;GO:0070382;GO:0048791;GO:0001786;GO:0048488;GO:0005544;GO:0014059;GO:0031045;GO:0000149;GO:0098814;GO:0017156
A5EQB6	GO:0019556;GO:0005737;GO:0016153;GO:0019557
Q0ZME3	GO:0003723;GO:0019013;GO:0044172;GO:0044177
Q3UH06	GO:0003700;GO:0000978;GO:0046872;GO:0000976;GO:0045892;GO:0005634;GO:0090336;GO:1900026;GO:0010634;GO:0001228;GO:1903691;GO:0033601;GO:0000122;GO:0016607;GO:2000394;GO:0006355;GO:0000977;GO:0001650;GO:0045944
P60500	GO:0016462;GO:0005524;GO:0006541;GO:0005829;GO:0003922;GO:0003921;GO:0006177
Q8DNF1	GO:0006351;GO:0003899;GO:0003677;GO:0008270;GO:0000287
B3EQF7	GO:0005886;GO:0032977;GO:0015031;GO:0016021
Q5YCC7	GO:0005887;GO:0008381
Q49L08	GO:0006351;GO:0003899;GO:0003677;GO:0008270;GO:0009507
O35158	GO:0043410;GO:0048598;GO:0007224;GO:0001934;GO:2000179;GO:0051146;GO:0010172;GO:0045666;GO:0045664;GO:0051057;GO:0014816;GO:0043393;GO:0009986;GO:0021987;GO:0005887;GO:0007520;GO:0048643;GO:0009952;GO:0045944;GO:0045663;GO:0007155;GO:0001708;GO:0002088;GO:0060059
Q9BQA1	GO:0007315;GO:0006357;GO:0030374;GO:0000387;GO:0005634;GO:0045495;GO:0008284;GO:0005654;GO:0005737;GO:0005794;GO:0060770;GO:0060528;GO:0034709;GO:0005829;GO:0008327
P80521	GO:0019164
Q29RM5	GO:0006511;GO:0016567;GO:0050728;GO:0051438;GO:0031867;GO:0005737;GO:0000151
Q2KYK7	GO:0004107;GO:0009423;GO:0009073
P44443	GO:0004521;GO:0009898;GO:0006402;GO:0008995;GO:0005737;GO:0008033;GO:0004540;GO:0006364;GO:0008270;GO:0000287;GO:0019843
Q7VEN1	GO:0048472;GO:0015420;GO:0009236;GO:0005886;GO:0016021
Q9HFF2	GO:0003676;GO:0005730;GO:0008270
Q83FI1	GO:0005737;GO:0016887;GO:0005524
Q6A3P9	GO:0009039;GO:0016151;GO:0043419
Q5F3D1	GO:0003676;GO:0005654;GO:0034470;GO:0008270
P27816	GO:0030424;GO:0051012;GO:0008017;GO:0005198;GO:0051294;GO:0005874;GO:0051301;GO:1902856;GO:0015630;GO:0005875;GO:0007052;GO:0005886;GO:0005930;GO:0043005;GO:0072686;GO:0003723;GO:0005829;GO:0031175;GO:0014069;GO:0000226
Q4Z5T0	GO:0009986;GO:0005886
Q9ZU35	GO:0005739;GO:0016887;GO:0042626;GO:0005524;GO:0016021;GO:0009507;GO:0009941
Q7X3G5	GO:0016116;GO:0015995;GO:0015979;GO:1901180;GO:0016836
Q25C93	GO:0003700;GO:0000978;GO:0006357;GO:0007399;GO:0000790;GO:0046872;GO:0030154
Q93HX6	GO:0019430;GO:0005737;GO:0047930;GO:0004791
O22553	GO:0019285;GO:0019133;GO:0051537;GO:0009570;GO:0005506
Q5DWN0	GO:0071222;GO:0000976;GO:0006357;GO:0016363;GO:0001227;GO:0005634;GO:0000981;GO:0017053;GO:0030097;GO:0034121;GO:0070105;GO:0016604;GO:0043565;GO:0051569;GO:0046872;GO:0010977;GO:0010956
Q8B0H0	GO:0019012;GO:0004482;GO:0030430;GO:0005524;GO:0003968;GO:0039689
Q5PRE5	
Q8TC20	
C6DHR5	GO:0003677;GO:0006351;GO:0032549;GO:0003899
A9IJ25	GO:0003677;GO:0006351;GO:0032549;GO:0003899
Q46TK4	GO:0015416;GO:0005886;GO:0016887;GO:0005524
A9MZG1	GO:1905887;GO:0016887;GO:0042626;GO:0005886;GO:0005524;GO:0016021
B1IXS3	GO:0070205;GO:0009234
C0M937	GO:0003924;GO:0003746;GO:0005737;GO:0005525
A0Q2T1	GO:0042026;GO:0005737;GO:0051082;GO:0005524
Q5QT17	GO:0005576;GO:0007275
Q9CF79	GO:0006520;GO:0044205;GO:0016597;GO:0004070;GO:0006207
Q9PJV0	GO:0042597;GO:0008360;GO:0005201
Q1CT48	GO:0009380;GO:0009432;GO:0003677;GO:0006289;GO:0005737;GO:0009381
P27915	GO:0039694;GO:0003725;GO:0039502;GO:0042025;GO:0019031;GO:0039564;GO:0004483;GO:0075512;GO:0005198;GO:0005576;GO:0044220;GO:0004482;GO:0039707;GO:0005524;GO:0016021;GO:0019028;GO:0039545;GO:0005216;GO:0003724;GO:0033650;GO:0003968;GO:0039654;GO:0044385;GO:0039574;GO:0055036;GO:0051259;GO:0046983;GO:0044167;GO:0046872;GO:0039520;GO:0019062;GO:0004252
P10586	GO:0048679;GO:0070062;GO:0007185;GO:0031102;GO:0005001;GO:0008201;GO:0044877;GO:0004725;GO:0007155;GO:0035373;GO:0043025;GO:0099560;GO:0016477;GO:0005886;GO:0050839;GO:0043005;GO:0035335;GO:0005887;GO:0006470;GO:1900121
P96681	GO:0003700;GO:0009058;GO:0030170;GO:0003677;GO:0008483;GO:1901605
Q9Z5D6	GO:0036070;GO:0015979;GO:0005886;GO:0016765;GO:0016021
Q2LUJ9	GO:0019288;GO:0016114;GO:0005524;GO:0050515
Q5GM68	GO:0008964;GO:0009506;GO:0015977;GO:0015979;GO:0006099;GO:0048366;GO:0005886;GO:0005829;GO:0048046;GO:0009507
B6J7Z4	GO:0006541;GO:0003922;GO:0005524;GO:0016462
P41362	GO:0005576;GO:0004252;GO:0046872
Q9ICB2	GO:0003723;GO:0016032;GO:0006417;GO:0030430
Q6BJJ8	GO:0005782;GO:0016558;GO:0016485;GO:0004176;GO:0005524;GO:0006515;GO:0004252
A8XEG9	GO:0005654;GO:0016604;GO:0006397;GO:0031053
O94666	GO:0000790;GO:0003899;GO:0005666;GO:0003677;GO:0005737;GO:0046872;GO:0006383
Q9RWR5	GO:1990077;GO:0003677;GO:0005737;GO:0008270;GO:0006269;GO:0003896
P30427	GO:0047485;GO:0005737;GO:0005856;GO:0005198;GO:0008092;GO:0005903;GO:0045104;GO:0042060;GO:0005925;GO:0003779;GO:0009925;GO:0030056;GO:0016020;GO:0016528;GO:0031581;GO:0007565;GO:0043292;GO:0005200;GO:0042383;GO:0048471;GO:0016324;GO:0007584;GO:0030506;GO:0030855;GO:0043034;GO:0008307
Q66V81	GO:0042744;GO:0004096;GO:0046872;GO:0006979;GO:0020037
Q5ZVR9	GO:0009245;GO:0008915
A7HN82	GO:0004823;GO:0006429;GO:0002161;GO:0005737;GO:0005524
P37477	GO:0006430;GO:0000049;GO:0004824;GO:0005524;GO:0000287;GO:0005829
B8IHL3	GO:0006457;GO:0051082;GO:0005524
Q9NAS5	
P0CA10	GO:0006260;GO:0005524;GO:0003688
Q9AR19	GO:0016573;GO:0009908;GO:1904278;GO:0010484;GO:0005634;GO:0044154;GO:0009416;GO:0003677;GO:0010015;GO:0010321;GO:0043970;GO:0000123;GO:0045893;GO:0016407;GO:0004402
Q92538	GO:0005801;GO:0005739;GO:0005802;GO:2000008;GO:0005788;GO:0005794;GO:0006888;GO:0070973;GO:0032012;GO:0030593;GO:0098586;GO:0016032;GO:0000139;GO:0006895;GO:0007346;GO:0007030;GO:0016020;GO:0061162;GO:0080025;GO:0005829;GO:0097111;GO:0006892;GO:0005085;GO:0090166;GO:0005547;GO:0002263;GO:0005086;GO:0005795;GO:0006890;GO:0042147;GO:1903420;GO:0005777;GO:1903409;GO:0048205;GO:0005793;GO:0031252;GO:0034067;GO:0005811;GO:0015031
P0CR93	GO:0005634;GO:0006281;GO:0008156;GO:0051321
P0DF08	GO:0070038;GO:0005737
Q8Y0X8	GO:0008712;GO:0050661;GO:0097171;GO:0005975
Q8PGQ7	GO:0002161;GO:0005737;GO:0004832;GO:0005524;GO:0006438
G5BQH5	GO:0042802;GO:0032489;GO:0033344;GO:0051180;GO:0010804;GO:0010875;GO:0055091;GO:0007229;GO:0070653;GO:0042632;GO:0034366;GO:0051496;GO:0019899;GO:0010903;GO:0008211;GO:0045499;GO:0001932;GO:0018206;GO:0030139;GO:0050728;GO:0006695;GO:0060228;GO:0070508;GO:0043691;GO:0034375;GO:0070328;GO:0051346;GO:1900026;GO:0001935;GO:0050821;GO:0035025;GO:0042158;GO:0060354;GO:0030300;GO:0033700;GO:0007186;GO:1902995;GO:0015485;GO:0008035;GO:0031072;GO:0032691;GO:0001540;GO:0010873;GO:0019915;GO:0034115;GO:0034361;GO:0006656;GO:0034380;GO:0120020;GO:0043534;GO:0005543;GO:0018158;GO:0051345;GO:0050766;GO:0002719;GO:0034191;GO:0030325
P05654	GO:0006807;GO:0006520;GO:0005737;GO:0004070;GO:0016597;GO:0044205;GO:0005829;GO:0006207
Q4V8F8	GO:0060051;GO:0007283;GO:0005789;GO:0000139;GO:0006487;GO:0016020;GO:0005793;GO:0005783;GO:0016021;GO:0005795;GO:0030154;GO:0008375
P01102	GO:0003700;GO:0006357;GO:0042025;GO:0005667;GO:0003677
Q8LPQ6	GO:0016887;GO:0055085;GO:0042626;GO:0005524;GO:0016021;GO:0005829;GO:0009507;GO:0009941
B2FNG8	GO:0005384;GO:0005886;GO:0016021
Q9UJU3	GO:0000978;GO:0006357;GO:0046872;GO:0005634;GO:0001228
Q8AXM9	GO:0016055;GO:0005634;GO:0098609;GO:0005912;GO:0005737;GO:0005886;GO:0007275;GO:0005911;GO:0045296
Q5NZH8	GO:0006807;GO:0008081;GO:0008773;GO:0006808
Q5KYP7	GO:0030145;GO:0005737;GO:0019569;GO:0008733
Q05819	GO:0042597;GO:0047488;GO:0008201
P37718	GO:0030244;GO:0006011;GO:0009279
Q562E7	GO:0006511;GO:0005765;GO:0007005;GO:0005739;GO:0045022;GO:0031901;GO:0050821;GO:0031313;GO:0035973;GO:0043551;GO:0005829;GO:0035014;GO:0010923;GO:0070530;GO:0031902;GO:0000421
Q83N78	GO:0005737;GO:0016887;GO:0005524
O76202	GO:0003700;GO:0005634;GO:0003707;GO:0043565;GO:0008270
P16288	GO:0019031;GO:0055036;GO:0016021
A0LDX4	GO:0003991;GO:0005737;GO:0042450;GO:0005524
Q9Y7M1	GO:0005782;GO:0005777;GO:0016831;GO:0001561;GO:0030976;GO:0000287;GO:0005829
Q8K2R5	GO:0000978;GO:0000122;GO:0006357;GO:0046872;GO:0001227;GO:0005634;GO:0001228
A1WVT7	GO:0003723;GO:0005737;GO:0052908;GO:0000179
Q98BI8	GO:0005525;GO:0003924;GO:0005737;GO:0003743
F4JQZ3	GO:0016324;GO:0045177;GO:0040008;GO:0070382;GO:0009865;GO:0007165;GO:0048868;GO:0090630;GO:0005938;GO:0009860;GO:0017048;GO:0035024;GO:0090406;GO:0043547;GO:0005096;GO:0009846
Q4W9M7	GO:0000790;GO:0000076;GO:0005634;GO:0048478;GO:0003677;GO:0006281;GO:0043111;GO:0031298;GO:0051321;GO:0000228
B1AJG4	GO:0003924;GO:0003746;GO:0005737;GO:0005525
P02671	GO:0034116;GO:0005201;GO:0045907;GO:2000352;GO:0031639;GO:0005788;GO:0005102;GO:0005198;GO:0045202;GO:1903561;GO:0042730;GO:0031091;GO:0005576;GO:0002576;GO:0005577;GO:0065003;GO:0045921;GO:1900026;GO:0051592;GO:0009986;GO:0005886;GO:0070527;GO:0062023;GO:0002224;GO:0043152;GO:0043687;GO:1902042;GO:0002250;GO:0070062;GO:0046872;GO:0007160;GO:0072378;GO:0051258;GO:0007596;GO:0030198;GO:0009897;GO:0050714;GO:0072562;GO:0034622;GO:0090277;GO:0031093;GO:0070374;GO:0072377;GO:0005938;GO:0044267;GO:0005615;GO:0045087;GO:2000261
P03373	GO:0019012;GO:0016032;GO:0043565;GO:0008270;GO:0005179;GO:0004879
O29622	GO:0006428;GO:0004822;GO:0002161;GO:0000049;GO:0005737;GO:0005524;GO:0008270
Q96K21	GO:0005813;GO:0090543;GO:0032154;GO:0051301;GO:0030496;GO:0032266;GO:0044878;GO:0005737;GO:0046872;GO:0009838;GO:0032466
Q1WVB2	GO:0006520;GO:0044205;GO:0016597;GO:0004070;GO:0006207
P03314	GO:0039694;GO:0046872;GO:0003725;GO:0039502;GO:0042025;GO:0019031;GO:0039564;GO:0004483;GO:0046762;GO:0075512;GO:0003724;GO:0019062;GO:0005198;GO:0005525;GO:0003968;GO:0039654;GO:1900369;GO:0005576;GO:0055036;GO:0046983;GO:0044220;GO:0004482;GO:0044167;GO:0005524;GO:0016021;GO:0039520;GO:0019028;GO:0004252
Q478E5	GO:0009432;GO:0003677;GO:0006281;GO:0006310;GO:0005524;GO:0009378
Q043A9	GO:0006520;GO:0044205;GO:0016597;GO:0004070;GO:0006207
A5GSG3	GO:0006782;GO:0005737;GO:0004853
A2RH29	GO:0070038;GO:0005737
Q0VLM2	GO:0005384;GO:0005886;GO:0016021
Q9ZDC2	GO:0008360;GO:0009252;GO:0007049;GO:0004326;GO:0051301;GO:0071555;GO:0005737;GO:0005524;GO:0008764
A5IBF7	GO:0004834
B9LUC7	GO:0006457;GO:0051082;GO:0005524
Q04EE1	GO:0006457;GO:0051082;GO:0005524
Q0K6G3	GO:0006782;GO:0050661;GO:0008883
Q9W747	GO:0006357;GO:0005634;GO:0000981;GO:0003677;GO:0043565;GO:0046872;GO:0000977;GO:0001702
Q03QU1	GO:0006457;GO:0051082;GO:0005524
Q0VDD8	GO:0005874;GO:0030286;GO:0005737;GO:0005929;GO:0005524;GO:0007018;GO:0008569;GO:0051959;GO:0045505
Q7VRI8	GO:0032259;GO:0009086;GO:0003871;GO:0008270
P14906	GO:0008320;GO:0005739;GO:0005637;GO:0006620;GO:0046967;GO:0031204;GO:0005783;GO:0016021;GO:0003723;GO:0031207;GO:0006614
Q8NCK3	GO:0000978;GO:0006357;GO:0005634;GO:0001228;GO:0046872
B6EJS8	GO:0009014;GO:0009089;GO:0050897;GO:0008270;GO:0019877
Q8NI77	GO:0005634;GO:0007019;GO:0001726;GO:0005737;GO:0007080;GO:0070507;GO:0061673;GO:0003779;GO:0005815;GO:0005524;GO:0005829;GO:0015630;GO:0005871;GO:0005828;GO:0051010;GO:0008017;GO:0008574;GO:0016887;GO:0000070;GO:0007018;GO:0007140;GO:0006890;GO:0003777;GO:0005874;GO:1990023;GO:0071392;GO:0019886;GO:0072520;GO:0000776;GO:0005901;GO:0070463;GO:0015031
P65830	GO:0051539;GO:0009113;GO:0004044;GO:0006189;GO:0006541;GO:0000287;GO:0009116
Q6C8R5	GO:0002143;GO:0000049;GO:0032447;GO:0002098;GO:0002144;GO:0005829;GO:0016779;GO:0034227
Q8NEN0	GO:0007288;GO:0044782
P0C9E8	GO:0003899;GO:0006351;GO:0046983
B3A0R7	GO:0005576
C7JGJ8	GO:0065002;GO:0006605;GO:0005886;GO:0016021;GO:0043952;GO:0015450
Q9XTT8	GO:0004721;GO:0046872
B1VA75	GO:0006094;GO:0005737;GO:0006096;GO:0004807
B1ILA1	GO:0004139;GO:0005737;GO:0016052;GO:0009264;GO:0046386
Q4JTG0	GO:0006541;GO:0003922;GO:0005524;GO:0016462
Q9W058	GO:0005759;GO:0008260;GO:0005739;GO:0008410;GO:0046950;GO:0046952
O84049	GO:0005737;GO:0030145;GO:0070006
Q2IID9	GO:0006096;GO:0005576;GO:0009986;GO:0000015;GO:0004634;GO:0000287
Q5P6D5	GO:0046677;GO:0015562;GO:0008559;GO:0016887;GO:0005524;GO:0005887;GO:1990961
A4SMI9	GO:0003723;GO:0005737;GO:0016434
B1YBN0	GO:0006782;GO:0050661;GO:0008883
Q9KW51	GO:0005576;GO:0005618
Q6PIY5	
A9BHK4	GO:0042026;GO:0005737;GO:0051082;GO:0005524
P21294	GO:0003968;GO:0019028
A4TQL5	GO:1905887;GO:0016887;GO:0042626;GO:0005886;GO:0005524;GO:0016021
Q9JMC8	GO:0010628;GO:0042060;GO:0031032;GO:0051549;GO:0045785;GO:0005737;GO:0005886;GO:0005856;GO:0005923;GO:0005829;GO:0045177;GO:0008092
P22736	GO:1990837;GO:0005739;GO:0005634;GO:0000981;GO:0007165;GO:0005654;GO:0035259;GO:0046982;GO:0044344;GO:0000978;GO:0061469;GO:0005829;GO:0004879;GO:0000790;GO:0002042;GO:0035924;GO:0005667;GO:0045444;GO:0031965;GO:0043565;GO:0000977;GO:0071376;GO:0045944;GO:0035767;GO:0045786;GO:0001228;GO:0003677;GO:0001938;GO:0008270;GO:0006367
O35893	GO:0016605;GO:0010596;GO:0045765;GO:1902041;GO:1902044;GO:0003677;GO:0005737;GO:0000723;GO:0046826
Q8YNF7	GO:0019464;GO:0008483;GO:0004047
Q67KE7	GO:0030699;GO:0030700
P09272	GO:0044177;GO:0042025;GO:0019033
A4G4U7	GO:0006541;GO:0003922;GO:0005524;GO:0016462
Q39JC7	GO:0006457;GO:0031072;GO:0051082;GO:0006260;GO:0009408;GO:0005737;GO:0008270;GO:0005524
B7HPH8	GO:0051539;GO:0046429;GO:0019288;GO:0005506;GO:0016114
Q1ASC4	GO:0009229;GO:0009228;GO:0004417;GO:0005524;GO:0000287
P19462	GO:0019031;GO:0055036;GO:0016021
Q0K1N8	GO:0015416;GO:0005886;GO:0016887;GO:0005524
O34849	GO:0016491;GO:0005886;GO:0015930;GO:0016021;GO:0006537
A7Z235	GO:0006541;GO:0003922;GO:0005524;GO:0016462
Q06409	GO:0005085;GO:0007264;GO:0005739;GO:0000422;GO:0035556;GO:0005737;GO:0005886
F4I1S7	GO:0009738;GO:0005634;GO:0009737;GO:0031538;GO:0008284;GO:0006952;GO:0033588;GO:0008033;GO:0005737;GO:0016746;GO:2000024;GO:0031349;GO:0006979
Q8XBY3	GO:0006811;GO:0015562;GO:0070207;GO:0046930;GO:0019992;GO:0015288;GO:0018345;GO:0009279
O13736	GO:0042802;GO:0007015;GO:0003779;GO:0051286;GO:0005634;GO:0044396;GO:0000147;GO:0030479;GO:0043130;GO:0005886;GO:0010008;GO:0030674;GO:0005643;GO:0005829;GO:0006897;GO:0032153;GO:0016197
Q9ERA7	GO:0007160;GO:0031225;GO:0009986;GO:0005886;GO:0005794;GO:0005615;GO:0031016
Q2NJZ8	GO:0003676;GO:0006430;GO:0005737;GO:0004824;GO:0005524;GO:0000287
Q30Q10	GO:0006457;GO:0051082;GO:0005524
Q8NA03	
O13981	GO:1990456;GO:0072546;GO:0005783
B8ZNW6	GO:0006351;GO:0003899;GO:0003677;GO:0008270;GO:0000287
Q5WX32	GO:0004834
Q9VGK7	GO:0002926;GO:0005634;GO:0009047;GO:0000049;GO:0033588;GO:0005737;GO:0005829
P39847	GO:0016874;GO:0000036;GO:0005737;GO:0017000;GO:0016740;GO:0031177
Q9JKS5	GO:0015030;GO:0005634;GO:0030212;GO:0005654;GO:0071260;GO:0005737;GO:0005794;GO:0043392;GO:0045948;GO:0003723;GO:0010494;GO:0016607;GO:0016528;GO:0033120;GO:0005829;GO:0006397;GO:0005730;GO:0008380;GO:0097504;GO:0032183;GO:0030017;GO:0030578;GO:0005540
Q3AHP0	GO:0008360;GO:0009252;GO:0007049;GO:0004326;GO:0051301;GO:0071555;GO:0005737;GO:0005524;GO:0008764
Q921I9	GO:0005634;GO:0034475;GO:0005737;GO:0035925;GO:0030307;GO:0071051;GO:0000177;GO:0045006;GO:0005829;GO:0034427;GO:0071044;GO:0000176;GO:0045111;GO:0005730;GO:0051607;GO:0000178;GO:0071028;GO:0016075;GO:0035327;GO:0000956;GO:0000460
Q8HX86	GO:0008119;GO:0032259;GO:0005737;GO:1904047;GO:0017144
P59622	GO:0043197;GO:0005768;GO:0005925;GO:0042127;GO:0009966;GO:0038083;GO:0004715;GO:0005102;GO:0007169;GO:0030154;GO:0045087;GO:0031234
Q8CY27	GO:0042026;GO:0005737;GO:0051082;GO:0005524
C1CBG2	GO:0006072;GO:0019563;GO:0006071;GO:0005524;GO:0004370
Q4R918	GO:0005813;GO:0008017;GO:0051294;GO:0005874;GO:0051647;GO:0051289;GO:0005737;GO:0046603;GO:0005524;GO:0007018;GO:0008569
P50376	GO:0003924;GO:0003746;GO:0009507;GO:0005525
B1ICH6	GO:0009073;GO:0005737;GO:0009423;GO:0000166;GO:0046872;GO:0003856
P29523	GO:0031225;GO:0004035;GO:0005886;GO:0046872
Q3U1D0	GO:0050890
Q2NQU4	GO:0008534;GO:0006289;GO:0008270;GO:0140078;GO:0003684;GO:0006284
B5XJR1	GO:0003924;GO:0003746;GO:0005737;GO:0005525
Q8N0Z6	GO:0003682;GO:1901796;GO:0003677;GO:0005654;GO:0006281;GO:0005737;GO:0045944
Q9X480	GO:0008236;GO:0005886;GO:0016021
O43071	GO:0005681;GO:0005634;GO:0071014;GO:0000974;GO:0045292;GO:0071013
Q10173	GO:0000778;GO:0051301;GO:0035974;GO:0031262;GO:0051455;GO:1990571;GO:0051315;GO:0044877;GO:0045132;GO:0031617;GO:0000775;GO:0000073;GO:0005737;GO:0007052;GO:0140456;GO:0051383
Q2FDV8	GO:0016887;GO:0005524
B1I9F8	GO:0004367;GO:0046167;GO:0005975;GO:0009331;GO:0006650;GO:0046168;GO:0051287;GO:0008654
Q6AD51	GO:0006541;GO:0003922;GO:0005524;GO:0016462
Q8TBJ5	GO:0005634;GO:0008285;GO:0021853;GO:0045666;GO:0000978;GO:0016358;GO:0048664;GO:0003682;GO:0021797;GO:0001227;GO:0043697;GO:0045665;GO:1902667;GO:0001228;GO:0021902;GO:0010468;GO:0046872;GO:0007413;GO:0042054;GO:0007626;GO:0021542
Q8RG86	GO:0006807;GO:0006526;GO:0005737;GO:0044205;GO:0005524;GO:0046872;GO:0006541;GO:0004088
P98159	GO:0005576;GO:0006508;GO:0031638;GO:0009950;GO:0016485;GO:0045752;GO:0007313;GO:0007343;GO:0098595;GO:0016540;GO:0007306;GO:0004252
K7NCX6	GO:0008152;GO:0016874;GO:0031177
Q146Y5	GO:0030956;GO:0016787;GO:0050567;GO:0005524;GO:0006412
A8MXD5	GO:0060122;GO:0032420;GO:0007605;GO:0060118;GO:0060119;GO:0005902;GO:0015035;GO:0010923;GO:0060091;GO:0009055
O95754	GO:0045499;GO:0071526;GO:0045211;GO:0030215;GO:0050919;GO:0007399;GO:0043204;GO:0048843;GO:0031290;GO:0007267;GO:0005886;GO:0001755;GO:0016020;GO:0005783;GO:0005615;GO:0007411;GO:0014069;GO:0030335;GO:0030425;GO:0005887
Q0II86	GO:0005813;GO:0006887;GO:0016082;GO:0005654;GO:0031410;GO:0020018;GO:0000139;GO:0005886;GO:0005829;GO:0000421;GO:0097352;GO:0031201;GO:0019905;GO:0005484;GO:0016240;GO:0098793;GO:0031629;GO:0006906;GO:0060271;GO:0005776;GO:0015031
Q88VE1	GO:0006457;GO:0051301;GO:0007049;GO:0005737;GO:0003755;GO:0015031
A9VTC8	GO:0004151;GO:0044205;GO:0008270
P54189	GO:0008289
Q6IQ32	GO:0030182;GO:0000790;GO:0000981;GO:0030307;GO:0071300;GO:0003677;GO:0034599;GO:0046872;GO:0060548
B5F9P4	GO:0008360;GO:0009252;GO:0007049;GO:0051301;GO:0019277;GO:0008760;GO:0005737;GO:0071555
O64635	GO:0004497;GO:0016705;GO:0005506;GO:0016021;GO:0020037
D4A929	GO:0006511;GO:0005765;GO:0007005;GO:0005739;GO:0045022;GO:0031901;GO:0050821;GO:0031313;GO:0035973;GO:0043551;GO:0005829;GO:0035014;GO:0010923;GO:0070530;GO:0031902;GO:0000421
B9IY45	GO:0051539;GO:0016114;GO:0005506;GO:0046429;GO:0019288
Q4JQW6	GO:0044177;GO:0042025;GO:0019033
O74225	GO:0005634;GO:0005829;GO:0005524
Q8AYI2	GO:0003700;GO:0005634;GO:0003707;GO:0043565;GO:0008270;GO:0005496
A8FME4	GO:0004823;GO:0006429;GO:0002161;GO:0005737;GO:0005524
Q9HDY4	GO:0000462;GO:0032040;GO:0005634;GO:0005730;GO:0003724;GO:0005524;GO:0030490;GO:0003723
Q2PC93	GO:0007399;GO:0031012;GO:0007155;GO:0005615;GO:0030154
G0SC29	GO:0005730;GO:0110136;GO:0000027
Q1PEY8	
Q0WKV3	GO:0003723;GO:0090615;GO:0005739
B2IN10	GO:0004367;GO:0046167;GO:0005975;GO:0009331;GO:0006650;GO:0046168;GO:0051287;GO:0008654
A2R1F6	GO:0005634;GO:0030983;GO:0005524;GO:0006298
Q9JLI8	GO:0015030;GO:0042393;GO:0005634;GO:0005654;GO:0005737;GO:0030621;GO:1990381;GO:0003723;GO:0000244;GO:0005691;GO:0048872;GO:0006334;GO:0071001;GO:0016607;GO:0000398;GO:1903586;GO:0000902;GO:0030624;GO:0000387;GO:0071425;GO:0008380;GO:0017070;GO:0061574;GO:0000381;GO:0010468
Q54YZ9	GO:0071474;GO:0000155;GO:0004673;GO:0005524;GO:0016021
B2S4Q2	GO:0003723;GO:0031564;GO:0006353
Q3M1B1	GO:0042026;GO:0005737;GO:0051082;GO:0005524
Q9WYI0	GO:0009073;GO:0005737;GO:0009423;GO:0003866
D5CBA0	GO:0009405;GO:0004521;GO:0090729;GO:0030430
B9KLZ5	GO:0048034;GO:0005886;GO:0008495;GO:0016021
Q5E9X0	GO:0038023;GO:0007399;GO:0031225;GO:0016167;GO:0043235;GO:0009897
Q48IV1	GO:0018298;GO:0009405;GO:0000155;GO:0005524;GO:0009881
Q5F761	GO:0019464;GO:0004375
Q9IAL9	GO:0005634;GO:0030520;GO:0005496;GO:0071392;GO:0043565;GO:0008270;GO:0004879;GO:0030284
Q08754	GO:0034044;GO:0006893;GO:0016020;GO:0034221;GO:0000282;GO:0015031
Q925I7	GO:0071230;GO:0072126;GO:0014068;GO:0070301;GO:0071560;GO:0048661;GO:0043406;GO:0005161;GO:0009987;GO:0016020;GO:0036120;GO:0008083;GO:0071673;GO:0048008;GO:0031954;GO:0008284;GO:0007275;GO:2000439;GO:0030335;GO:0070851;GO:0048146;GO:0070374;GO:0005615;GO:0050730;GO:0051781
Q68WJ4	GO:0003678;GO:1990077;GO:0003677;GO:0005524;GO:0006269;GO:0006268;GO:0008270
P07993	GO:0003968;GO:0019028
Q2SMN9	GO:0046677;GO:0015562;GO:0008559;GO:0016887;GO:0005524;GO:0005887;GO:1990961
B6ISD0	GO:0006400;GO:0000049;GO:0005737;GO:0016783;GO:0005524
B9MIR7	GO:0030170;GO:0008721;GO:0046416;GO:0016836
Q9HXE2	GO:0003677
Q7TV16	GO:0051539;GO:0004160;GO:0009099;GO:0009097;GO:0046872
Q5LPR7	GO:0005886;GO:0048038;GO:0051287;GO:0050136
O34215	GO:0033717;GO:0005886;GO:0009055;GO:0005506;GO:0020037
A1DM87	GO:0003677;GO:0005634;GO:0005694
P37600	GO:0051539;GO:0030151;GO:0008940;GO:0042597;GO:0043546
B6HV31	GO:0042626;GO:0005524;GO:0016021
Q9Y666	GO:0140157;GO:1990573;GO:0008519;GO:0006811;GO:0055064;GO:1902476;GO:0019901;GO:0005886;GO:0055075;GO:0007268;GO:0032991;GO:0015379;GO:0005887;GO:0006884;GO:0045202
Q28R66	GO:0000287;GO:0000162;GO:0004048
Q8GTZ9	GO:0017004;GO:0009535;GO:0016021
Q92628	GO:0005524
B4EF28	GO:0019464;GO:0008483;GO:0004047
P12545	GO:0042730;GO:0005576;GO:0048771;GO:0007596;GO:0004252
Q6GLZ0	GO:0005096
Q4UNH2	
Q5B3J5	GO:0030688;GO:0030686;GO:0005730;GO:0000447;GO:0000056;GO:0000480;GO:0003723;GO:0000472
A1UL96	GO:0000287;GO:0004775;GO:0005524;GO:0006099
A0LVP4	GO:0005737;GO:0016149
P00521	GO:0004715;GO:0005524
A8W3B4	GO:0006351;GO:0003899;GO:0003677;GO:0009536;GO:0046872
P29152	GO:0039694;GO:0006351;GO:0018144;GO:0005198;GO:0004197;GO:0003968;GO:0008236;GO:0004386;GO:0005524;GO:0003723;GO:0019029
A0KFC0	GO:0097173;GO:0097175;GO:0016835;GO:0097367;GO:0009254;GO:0005975
Q21278	GO:0005681;GO:0000386;GO:0008380;GO:0008270;GO:0000398;GO:0030628
Q9C9K5	GO:0009733;GO:0005739;GO:0005789;GO:0055085;GO:0016021;GO:0009734
A1SLE8	GO:0000287;GO:0000162;GO:0004048
Q9UQC9	GO:0030054;GO:0005576;GO:0009925;GO:0008237;GO:0005254;GO:0007155;GO:0034220;GO:0005654;GO:0005229;GO:0031965;GO:0005886;GO:0046872;GO:0005829;GO:0015276;GO:0005887
B2JKL5	
Q06846	GO:0043197;GO:0005509;GO:0045211;GO:0017137;GO:0006886;GO:0030672;GO:0005544
P9WP93	GO:0005576;GO:0048472;GO:0015420;GO:0009236;GO:0005886;GO:0016021
P38418	GO:0016702;GO:0031408;GO:0046872;GO:0009695;GO:0016165;GO:0010597;GO:0003729;GO:0005737;GO:0009570;GO:0009611;GO:0009535;GO:0009617;GO:0009620;GO:0005829;GO:0034440;GO:0009753;GO:0009507;GO:0009941;GO:0080027
Q91740	GO:0008360;GO:0005576;GO:0006953;GO:0008201;GO:0007155
B0RXD9	GO:0005840;GO:0003735;GO:0006412
Q043S5	GO:0001680;GO:0052927;GO:0016437;GO:0000049;GO:0052928;GO:0005524;GO:0042245;GO:0052929;GO:0000287
P86029	GO:0016702;GO:0008199;GO:0019614;GO:0019615;GO:0009712;GO:0005506;GO:0018576
P10751	GO:0000978;GO:0006357;GO:0005634;GO:0001228;GO:0046872
B5E5N3	GO:0009073;GO:0005737;GO:0009423;GO:0000166;GO:0046872;GO:0003856
C1CQY0	GO:0009073;GO:0005737;GO:0009423;GO:0000166;GO:0046872;GO:0003856
A4XZK6	GO:0005737;GO:0002949;GO:0005506;GO:0061711
A8L188	GO:0006308;GO:0009318;GO:0008855;GO:0003676;GO:0005737
A1T3B5	GO:0010125;GO:0000287;GO:0102710;GO:0008375
Q9ULE0	GO:0046621;GO:0060090;GO:0000122;GO:0035331;GO:0019900;GO:0005829
Q7ZAJ5	GO:0051301;GO:0007049;GO:0003677;GO:0005737;GO:0007059;GO:0009037;GO:0006313
Q5BQU6	GO:0005576
P41542	GO:0048211;GO:0007264;GO:0032252;GO:0000139;GO:0012507;GO:0048280;GO:0006886;GO:0007030;GO:0061025;GO:0045056;GO:0005783;GO:1900076;GO:0005795;GO:0001650;GO:0006888;GO:0048471;GO:0006891;GO:0005829
Q98H61	GO:0004325;GO:0006783;GO:0005737;GO:0046872
O75923	GO:0006936;GO:0005634;GO:0045785;GO:0042177;GO:0030027;GO:0005794;GO:0034451;GO:0031410;GO:1902915;GO:0030139;GO:0030315;GO:0001525;GO:0010629;GO:0098857;GO:0090279;GO:0005886;GO:0016021;GO:0001778;GO:0005770;GO:1901842;GO:0033292;GO:0002281;GO:0005509;GO:0008017;GO:0070062;GO:0006071;GO:0002280;GO:0045444;GO:0006906;GO:0019915;GO:0030659;GO:0042383;GO:0043014;GO:0005544;GO:0007009;GO:0005543;GO:0043403;GO:0050663;GO:0005769;GO:0005768;GO:0048747;GO:0050765;GO:0071470;GO:0005874;GO:0090023;GO:0001938;GO:0061025
Q6D0J2	GO:0065002;GO:0006605;GO:0005737;GO:0005886;GO:0017038;GO:0005524;GO:0046872
P09701	GO:0019033
C1C7X6	GO:0009073;GO:0005737;GO:0009423;GO:0000166;GO:0046872;GO:0003856
Q5E7V0	GO:0008360;GO:0009252;GO:0007049;GO:0051301;GO:0019277;GO:0008760;GO:0005737;GO:0071555
Q62187	GO:0003682;GO:0008156;GO:0005634;GO:0005730;GO:0006338;GO:0003677;GO:0005654;GO:0006361;GO:0006363
A8FP35	GO:0003852;GO:0009098
Q8TG07	GO:0004622;GO:0005576;GO:0102545;GO:0009277;GO:0009395
Q8NMB2	GO:0019932;GO:0003677;GO:0006281;GO:0005524;GO:0016779
B5XJC8	GO:0070038;GO:0005737
Q6LLH1	GO:0008360;GO:0009252;GO:0000902;GO:0009103;GO:0006048;GO:0003977;GO:0071555;GO:0005737;GO:0000287;GO:0009245;GO:0019134
P48986	GO:0000978;GO:0006357;GO:0030182;GO:0005634;GO:0000981;GO:0046983;GO:0001228;GO:0045944;GO:0021542
A5CW25	GO:0003677;GO:0006351;GO:0032549;GO:0003899
Q03LF7	GO:0003677;GO:0043571;GO:0004519;GO:0051607;GO:0046872;GO:0003723
P56601	GO:0004729;GO:0005737;GO:0016020;GO:0006783
Q5LRU0	GO:0003697;GO:0008094;GO:0009432;GO:0006281;GO:0005737;GO:0006310;GO:0005524;GO:0003684
B6EGV1	GO:0051539;GO:0016830;GO:0009229;GO:0009228;GO:0008270
A1U1Q4	GO:0006457;GO:0051301;GO:0007049;GO:0005737;GO:0003755;GO:0015031
A4XV44	GO:0002098;GO:0016765;GO:0043828
A0A0R4I9Y1	GO:0006511;GO:0046872;GO:0016887;GO:0005730;GO:2000051;GO:0002040;GO:0005829;GO:0004842
Q38956	GO:0022857;GO:0016020;GO:0015297;GO:0005774;GO:0016021;GO:0042910;GO:0005773
Q9XGH7	GO:0004721;GO:0046872;GO:0005737
Q161G5	GO:0051539;GO:0006400;GO:0035596;GO:0005737;GO:0046872
A4J8E6	GO:0006072;GO:0019563;GO:0006071;GO:0005524;GO:0004370
C1CAR8	GO:0004367;GO:0046167;GO:0005975;GO:0009331;GO:0006650;GO:0046168;GO:0051287;GO:0008654
Q12PZ4	GO:0006096;GO:0005576;GO:0009986;GO:0000015;GO:0004634;GO:0000287
A4X650	GO:0006526;GO:0046983;GO:0005737;GO:0003942;GO:0051287
P34669	GO:0008250;GO:0018279;GO:0016021
P77395	GO:0051082;GO:0036506;GO:0061077;GO:0042026;GO:0034599;GO:0005829
P52467	GO:0039686;GO:0046872;GO:0042025;GO:0003896
P12367	GO:0042802;GO:0005813;GO:0098978;GO:0036094;GO:0050804;GO:0005737;GO:0045859;GO:0044853;GO:0030315;GO:0005886;GO:0005829;GO:2000480;GO:0031588;GO:0004862;GO:0008603;GO:0034236;GO:0031625;GO:0005952;GO:0048471;GO:0019904;GO:0044877;GO:0010738;GO:0030552;GO:0031698;GO:0032991;GO:0043949
Q13591	GO:0071526;GO:0030215;GO:2000352;GO:0001755;GO:0030836;GO:0090263;GO:0045499;GO:0048675;GO:0007267;GO:0005886;GO:0016020;GO:1990256;GO:0016021;GO:0035373;GO:0043395;GO:0070062;GO:0021536;GO:0002043;GO:0045545;GO:2001028;GO:0060326;GO:0007411;GO:0030335;GO:0048842;GO:0007399;GO:0048843;GO:0007155;GO:0050918;GO:0007162;GO:0001938;GO:0007413;GO:0045766;GO:0051897
A9VH61	GO:0051539;GO:0016114;GO:0005506;GO:0046429;GO:0019288
Q0VLA8	GO:0019464;GO:0004375;GO:0009116
Q6TS35	GO:0008017;GO:0005874;GO:0005737;GO:0005886;GO:0030425;GO:0005829;GO:0030424;GO:0042750
Q96MD2	GO:0005765;GO:0061462;GO:0034198;GO:0042149;GO:0140007;GO:0005764;GO:0045171;GO:1904262
P9WQE7	GO:0034081;GO:0097041;GO:0004316;GO:0071770;GO:0055114;GO:0000036;GO:0006633;GO:0004315;GO:0097040;GO:0031177;GO:0005618
Q9QY40	GO:0071526;GO:0050772;GO:0007156;GO:0010593;GO:0051022;GO:0010976;GO:0008360;GO:0043087;GO:0009986;GO:0005887;GO:0030334;GO:1902287;GO:0017154;GO:0030336;GO:0060326;GO:0034260;GO:0098632;GO:0019904;GO:0002116;GO:0050918;GO:0007162;GO:0001938
Q8DUW8	GO:0003676;GO:0006430;GO:0005737;GO:0004824;GO:0005524;GO:0000287
Q9S467	GO:0030145;GO:0005737;GO:0019569;GO:0008733
Q2QQA3	GO:0008134;GO:0000976;GO:0005634;GO:0000981;GO:0046983;GO:0043565;GO:0000977;GO:0045944
Q7G3T8	GO:0004565;GO:0005618;GO:0030246;GO:0048046;GO:0005773;GO:0005975
A4TQ37	GO:0042744;GO:0004096;GO:0046872;GO:0006979;GO:0020037
Q9Z2V6	GO:0042802;GO:0007507;GO:0001085;GO:0090571;GO:0005634;GO:0019901;GO:0010830;GO:0005737;GO:0000122;GO:0005794;GO:2000179;GO:0032041;GO:0006325;GO:0033555;GO:0048742;GO:0000978;GO:0045843;GO:2000648;GO:0010629;GO:0010832;GO:0042826;GO:0043393;GO:0090051;GO:0070491;GO:0051153;GO:0004407;GO:0000118;GO:0016607;GO:0061333;GO:0005829;GO:0003682;GO:0005080;GO:0008134;GO:0001227;GO:0000790;GO:0016575;GO:0051091;GO:0002076;GO:0006954;GO:0003714;GO:0006476;GO:0045668;GO:0001226;GO:0045944;GO:0040029;GO:0045892;GO:0007399;GO:0044295;GO:0071498;GO:0016604;GO:0042220;GO:0033558;GO:0042493;GO:0046872;GO:0032991;GO:0042113;GO:0030183
B4RN40	GO:0019464;GO:0004375
Q1J963	GO:0070038;GO:0005737
O54874	GO:0042802;GO:0031532;GO:0031032;GO:0007097;GO:0031252;GO:0042641;GO:0018107;GO:0035556;GO:0005737;GO:0005856;GO:0016477;GO:0030027;GO:0005524;GO:0007010;GO:0005911;GO:0000287;GO:0004674;GO:0006468;GO:0051056;GO:0000226
Q8XT73	GO:0004373;GO:0009011;GO:0033201;GO:0005978
P0CT44	GO:0016126;GO:0005789;GO:0004420;GO:0015936;GO:0008299;GO:0016021
Q7XNX6	GO:0005737;GO:0016020;GO:0016157;GO:0005985
P10636	GO:0051879;GO:0044304;GO:0019901;GO:0010288;GO:0046785;GO:0000226;GO:0030425;GO:0005829;GO:0090140;GO:0003697;GO:0043565;GO:2001020;GO:0034399;GO:0030673;GO:0034185;GO:1900452;GO:0005874;GO:0048699;GO:0016072;GO:0030426;GO:0097386;GO:0003680;GO:0005739;GO:0036464;GO:0045121;GO:0071813;GO:0030424;GO:0031113;GO:0001774;GO:0050848;GO:1904115;GO:0003779;GO:0045298;GO:0005886;GO:0051087;GO:1990000;GO:0007611;GO:0031110;GO:0045773;GO:0017124;GO:0050808;GO:0051258;GO:0043005;GO:0048312;GO:1903748;GO:0034452;GO:0019896;GO:0003677;GO:1902988;GO:0031122;GO:0048167;GO:0097435;GO:0030674;GO:0098930;GO:0003723;GO:0033673;GO:0019899;GO:0070507;GO:0051721;GO:0010629;GO:0044297;GO:0034605;GO:0035091;GO:0007267;GO:1905689;GO:0010506;GO:0043197;GO:0099609;GO:0097418;GO:0032930;GO:0033044;GO:1904428;GO:0072386;GO:1902936;GO:0021954;GO:1990416;GO:0061564;GO:0031116;GO:0007416;GO:1903829;GO:0042802;GO:1990090;GO:0048143;GO:0005634;GO:0034614;GO:0036477;GO:0099077;GO:0005737;GO:0010917;GO:0005576;GO:0034063;GO:0006475;GO:0043025;GO:0016607;GO:0015630;GO:0003690;GO:0051260;GO:0008017;GO:0007613;GO:1900034;GO:1901216;GO:1902474;GO:0006919;GO:0090258;GO:0031175
Q08956	GO:0005634;GO:0005829;GO:0006114
A1CRW7	GO:0005789;GO:0000139;GO:0030127;GO:0006886;GO:0090114;GO:0008270
A1SDW7	GO:0015940;GO:0005737;GO:0004592;GO:0005524
Q54XL6	GO:0004674;GO:0005524;GO:0046872
Q2SSA0	GO:0000049;GO:0005737;GO:0005524;GO:0004826;GO:0000287;GO:0006432
Q9PDP5	GO:0009073;GO:0005737;GO:0009423;GO:0000166;GO:0046872;GO:0003856
Q38419	GO:0006314;GO:0004519
P10070	GO:0021775;GO:1990837;GO:0007507;GO:0021938;GO:0005634;GO:0000981;GO:0007224;GO:1990841;GO:0021776;GO:0005654;GO:0043066;GO:0001701;GO:0000122;GO:1901620;GO:0005929;GO:0031514;GO:0035295;GO:0045893;GO:0030324;GO:0045666;GO:0000978;GO:0030902;GO:0042733;GO:0098586;GO:0048666;GO:0032331;GO:0048566;GO:0016020;GO:0060831;GO:0005930;GO:0001822;GO:0016607;GO:0060603;GO:0005829;GO:0021965;GO:0060032;GO:0033089;GO:0001501;GO:0008134;GO:0007442;GO:0045740;GO:0001649;GO:0021508;GO:0002076;GO:0005730;GO:0021517;GO:0009954;GO:0021513;GO:0043565;GO:0007389;GO:0007411;GO:0000977;GO:0071407;GO:0009952;GO:0021696;GO:0042475;GO:0045944;GO:0097546;GO:0003700;GO:0031069;GO:0002062;GO:0021983;GO:0060513;GO:0097542;GO:0001228;GO:0048754;GO:0030879;GO:0048589;GO:0008270;GO:0090103;GO:0007418;GO:0009913
Q6GPD9	GO:0005524;GO:0044211;GO:0044206;GO:0004849
Q9NYZ3	GO:1902749;GO:0008017;GO:0006977;GO:0046827;GO:0007017;GO:0005654;GO:0016020;GO:0050821;GO:0005881;GO:1900182;GO:0005829;GO:0030335;GO:0015630
Q7TXM0	GO:0034081;GO:0097041;GO:0016491;GO:0071766;GO:0006633;GO:0004315;GO:0097040;GO:0031177
Q58208	
Q47F79	GO:0009245;GO:0008915
A1B2L0	GO:0015940;GO:0005737;GO:0046872;GO:0003864
P43612	GO:0000082;GO:0005634;GO:0043666;GO:0019903;GO:0019888;GO:0005829
Q6BY28	GO:0006656;GO:0005789;GO:0016627;GO:0032259;GO:0016021;GO:0004608
A4FQ15	GO:0008360;GO:0009252;GO:0007049;GO:0051301;GO:0071949;GO:0071555;GO:0005737;GO:0008762
Q5I0I8	GO:0032040;GO:0030692;GO:0005730;GO:0005654;GO:0031965;GO:0016021;GO:0042254
Q160Y9	GO:0015633;GO:0005886;GO:0016887;GO:0005524
A1TVU7	GO:0004823;GO:0006429;GO:0002161;GO:0005737;GO:0005524
Q5IBC5	GO:0051307;GO:0008233;GO:0009960;GO:0005874;GO:0005634;GO:0016192;GO:0009826;GO:0051304;GO:0006887;GO:0004197;GO:0009793;GO:2000114;GO:0000911;GO:0005737;GO:0045876;GO:0072686
P9WQE6	GO:0034081;GO:0097041;GO:0016491;GO:0071766;GO:0006633;GO:0004315;GO:0097040;GO:0031177
P59242	GO:0030054;GO:0008017;GO:0003779;GO:0005903;GO:0043296;GO:0003382;GO:0005886;GO:0005923;GO:0070830;GO:0003774;GO:0016459;GO:0000226
B8HPZ1	GO:0008276;GO:0005737
B0U3A9	GO:0000105;GO:0005737;GO:0003949
C3PJM6	GO:0006457;GO:0051082;GO:0005524
Q7ZXA8	GO:0006397;GO:0008380;GO:0005737;GO:0016607;GO:0003723;GO:0030154;GO:0051028
P06131	GO:0051539;GO:0015942;GO:0008863;GO:0043546;GO:0009326;GO:0046872;GO:0043794
Q54VE0	GO:0140312;GO:0006886;GO:0005794;GO:0030124;GO:0006898
Q55393	GO:0010181;GO:0016491;GO:0046872
A6VDL0	GO:0019556;GO:0019557;GO:0005737;GO:0050480;GO:0008270;GO:0005506
Q6ECI6	GO:0019901;GO:0030369;GO:0050839;GO:0007229;GO:0044853;GO:0031623;GO:0030593;GO:0043113;GO:0009986;GO:0016020;GO:0034687;GO:0006909;GO:0031072;GO:0034113;GO:0007160;GO:0032930;GO:0035987;GO:0099568;GO:1904996;GO:0043315;GO:0007159;GO:0046872;GO:0050730;GO:0071404
Q58140	GO:0015937;GO:0010181;GO:0004633;GO:0071513
Q9D270	GO:0003056;GO:0018230;GO:1903140;GO:0001942;GO:0048733;GO:0071875;GO:0000139;GO:0019706;GO:0005886;GO:0005794;GO:0006612;GO:0005783;GO:0016021;GO:1904997;GO:0016409;GO:0018345
Q73VU0	GO:0008924;GO:0006099;GO:0052589
C5FYJ8	GO:0009405;GO:0004222;GO:0008270;GO:0005615
P47101	GO:0019320
C4ZD46	GO:0042026;GO:0005737;GO:0051082;GO:0005524
Q5VV63	GO:0005604;GO:0030246;GO:0009887;GO:0009888;GO:0016477;GO:0034446;GO:0016021;GO:0007186
P59968	GO:0003723;GO:0006396;GO:0008173
Q9NZA1	GO:0070062;GO:0016324;GO:0006821;GO:0005815;GO:0007565;GO:0034765;GO:0005254;GO:0007601;GO:0005938;GO:0007605;GO:0005794;GO:0034707;GO:0050896;GO:0005244;GO:0015629
H6TFZ4	GO:0005737;GO:0016020;GO:0016157;GO:0005985
Q63HM2	GO:0016021
Q1IEK2	GO:0008616;GO:0016740;GO:0005737;GO:0016853
A8XQD5	GO:0089700;GO:0005737;GO:0004698;GO:0016020;GO:0005524;GO:0046872;GO:0045087
Q13255	GO:0042802;GO:0038037;GO:0051930;GO:0098978;GO:0005634;GO:0038038;GO:0051966;GO:0004930;GO:0008066;GO:0019233;GO:0007216;GO:0099583;GO:0005886;GO:0030425;GO:0000186;GO:0071257;GO:0005887;GO:0007186;GO:0098872;GO:0098685;GO:0051482;GO:0000187;GO:0007268;GO:0098839;GO:0007626;GO:0099530
C1D1Q9	GO:0016879;GO:0052717;GO:0005737;GO:0008270;GO:0005524;GO:0002100
Q8DGE4	GO:0032259;GO:0052624;GO:0042372
Q1H384	GO:0000287;GO:0008966;GO:0005975
Q02ZQ7	GO:0006457;GO:0051082;GO:0005524
A5GWT1	GO:0019464;GO:0008483;GO:0004047
P19137	GO:0030155;GO:0048514;GO:0005604;GO:0005201;GO:0060441;GO:0005102;GO:0005911;GO:0006468;GO:0043256;GO:0005576;GO:0031012;GO:0045198;GO:0043010;GO:0002011;GO:0009888;GO:0016020;GO:0005608;GO:0008022;GO:0062023;GO:0007166;GO:0045995;GO:0030334;GO:0005606;GO:0009887;GO:0060041;GO:0061304;GO:0007411;GO:0007155;GO:0060445;GO:0005615;GO:0043208;GO:0031175
P57685	GO:0008556;GO:0030955;GO:0005887
P97857	GO:1904707;GO:1900087;GO:0005604;GO:0004222;GO:0060347;GO:0008201;GO:0001542;GO:0031012;GO:1904754;GO:0030198;GO:0001822;GO:0008270;GO:0062023;GO:0031410;GO:0016525;GO:0010976
A4XMA9	GO:0009039;GO:0005737;GO:0016151;GO:0043419
Q9UMX9	GO:0033162;GO:0008506;GO:0042438;GO:0007601;GO:0016020;GO:0015770;GO:0016021;GO:0050896;GO:0048066
B1I1I5	GO:0003924;GO:0003746;GO:0005737;GO:0005525
P50360	
Q0I2Z4	GO:0016887;GO:0005886;GO:0005524;GO:0015408;GO:0033212
A7FLT3	GO:0042744;GO:0004096;GO:0046872;GO:0006979;GO:0020037
Q6WIH5	GO:0009405;GO:0004222;GO:0008270;GO:0005615
B7IUP8	GO:0004151;GO:0044205;GO:0008270
P21674	GO:0030509;GO:0030510;GO:0005634;GO:0038102;GO:0002244;GO:0000122;GO:0005737;GO:0008585;GO:0045596;GO:0032926;GO:0051798;GO:0007276;GO:0043395;GO:0001501;GO:0007275;GO:0046882;GO:0007389;GO:0043616;GO:0048185;GO:0030154;GO:0042475;GO:0031069;GO:0005615
A4J0P1	GO:0019288;GO:0016114;GO:0005524;GO:0050515
Q93Q17	GO:0005576;GO:0090729;GO:0009405;GO:0016757;GO:0005096
B9JD51	GO:0005886;GO:0048038;GO:0016655;GO:0016021
Q9V9S7	GO:0097479;GO:0048846;GO:0007266;GO:0048786;GO:0090630;GO:1990709;GO:0031594;GO:0048790;GO:0005096;GO:0098831;GO:0045467;GO:0048789
A2ATU0	GO:0006096;GO:0005739;GO:0006099;GO:0002244;GO:0006091;GO:0030976;GO:0004591
A4IPA1	GO:0030145;GO:0005737;GO:0019569;GO:0008733
Q5H9F3	GO:0005654;GO:0005886;GO:0006325
B9DSH1	GO:0009380;GO:0009432;GO:0003677;GO:0006289;GO:0005737;GO:0009381;GO:0005524;GO:0004386
Q75NR7	GO:0036310;GO:0005634;GO:0000733;GO:0005737;GO:0006260;GO:0061821;GO:0043138;GO:0000724;GO:0045875;GO:0006281;GO:0006310;GO:0005524;GO:0005694;GO:0006268;GO:0000723;GO:0001501;GO:0008284;GO:0009378;GO:0061820;GO:0032508;GO:0032357;GO:0000781;GO:0048705;GO:0008270;GO:0043473;GO:0000405
Q87LF4	GO:0008360;GO:0009252;GO:0007049;GO:0051301;GO:0019277;GO:0008760;GO:0005737;GO:0071555
Q9H7R5	GO:0000978;GO:0006357;GO:0005634;GO:0000981;GO:0046872
P9WFY3	GO:0003723;GO:0006396;GO:0008173
P08196	GO:0016117;GO:0016767;GO:0004310;GO:0009507;GO:0051996
E9L7A5	GO:0042802;GO:0009094;GO:0030170;GO:0009095;GO:0004069;GO:0033853;GO:0009507;GO:0033854
A1KKH3	GO:0010125;GO:0008270;GO:0005524;GO:0035446
Q3KMX6	GO:0005737;GO:0030145;GO:0070006
A7ENE0	GO:0003676;GO:0005634;GO:0003724;GO:0005524;GO:0000398
P04517	GO:0039694;GO:0006351;GO:0018144;GO:0005198;GO:0004197;GO:0003968;GO:0008236;GO:0004386;GO:0005524;GO:0003723;GO:0019029
A7Y3K2	GO:0015031;GO:0009706;GO:0016021
P11276	GO:0042802;GO:0007507;GO:0033622;GO:0005604;GO:0016504;GO:0043394;GO:2001202;GO:0071288;GO:0043066;GO:0007229;GO:0005102;GO:0050921;GO:1904237;GO:0019899;GO:0001932;GO:0008360;GO:0042060;GO:0001525;GO:0005577;GO:0031012;GO:0008022;GO:0034446;GO:0051087;GO:0070527;GO:0062023;GO:0007161;GO:0010628;GO:0070372;GO:0070062;GO:0045773;GO:0097718;GO:0006953;GO:0051702;GO:0007160;GO:0008201;GO:0072378;GO:0008284;GO:0002020;GO:0007044;GO:0030335;GO:0045340;GO:0030198;GO:0048146;GO:0035987;GO:0016324;GO:0071347;GO:0007399;GO:0005178;GO:0032966;GO:0007155;GO:0001775;GO:0005793;GO:0005615;GO:0008347;GO:0018149;GO:0010468
Q5XIJ8	GO:0060285;GO:0005858;GO:0060271;GO:0005930;GO:0031514;GO:0036064;GO:0003352;GO:0070286
A9N026	GO:0022900;GO:0005886;GO:0055085;GO:0016021
Q160X7	GO:0003677;GO:0006351;GO:0032549;GO:0003899
Q7NJV1	GO:0016410;GO:0005886;GO:0016021;GO:0042158;GO:0016811
Q1QSW3	GO:0003723;GO:0005737;GO:0070929
P13234	GO:0018105;GO:0098978;GO:0005634;GO:0099527;GO:0005516;GO:0043011;GO:0007165;GO:0009931;GO:0005654;GO:0005737;GO:0006468;GO:0045893;GO:0046827;GO:0046777;GO:0098982;GO:0005524;GO:0002250;GO:0007616;GO:0006954;GO:0035556;GO:0007270;GO:0001650;GO:0006913;GO:0004683
B1WVY1	GO:0006782;GO:0005737;GO:0004853
B0UNY0	GO:0051539;GO:0006400;GO:0035596;GO:0005737;GO:0046872
Q10251	GO:0003924;GO:0002183;GO:0033290;GO:0003743;GO:0046872;GO:0005525;GO:0005829
O42650	GO:0030688;GO:0000462;GO:0046872;GO:0005634;GO:0016787;GO:0005524;GO:0030490;GO:0005829;GO:0004674
B0RVI4	GO:0002161;GO:0005737;GO:0004832;GO:0005524;GO:0006438
Q0SQG5	GO:0004017;GO:0005737;GO:0008270;GO:0005524;GO:0044209
Q09873	GO:0080008;GO:0005634;GO:0006282;GO:0070647;GO:0005829;GO:0070913
B1VMF3	GO:0006457;GO:0051082;GO:0005524
B3QZH0	GO:0003677;GO:0006351;GO:0032549;GO:0003899
Q9LVA2	GO:0009507
Q5EB25	GO:0051539;GO:0005524;GO:0046872;GO:0051536;GO:0005829;GO:0016226
E1V8J1	GO:0008948;GO:0004473;GO:0051287;GO:0046872;GO:0004471
Q6D1B9	GO:0006433;GO:0002161;GO:0005737;GO:0005524;GO:0004827
Q494D8	GO:0000287;GO:0000162;GO:0004048
Q8N0X2	GO:0007288;GO:0036126;GO:0035082;GO:1990716;GO:0060271;GO:0005930
B4P1N5	GO:0032783;GO:0005654;GO:0007275;GO:0043620;GO:0045893
Q9SJA1	GO:0006511;GO:0046872;GO:0004843;GO:0005634;GO:0004197;GO:0016579;GO:0016021;GO:0005829
A8GV22	GO:0070180;GO:0006412;GO:0042254;GO:0003735;GO:0015934
A3DCX5	GO:0004479
K7NCV2	GO:0008152;GO:0016874;GO:0031177
B5Z7I6	GO:0009380;GO:0009432;GO:0003677;GO:0006289;GO:0005737;GO:0009381
P35439	GO:0043576;GO:1903539;GO:0008021;GO:0030672;GO:1904315;GO:1905429;GO:0060079;GO:0035249;GO:0099507;GO:0043065;GO:0014075;GO:0030425;GO:0008355;GO:0008344;GO:0043278;GO:0005262;GO:0043524;GO:0045471;GO:0001661;GO:0060992;GO:0098688;GO:0008306;GO:0042391;GO:0060179;GO:0001967;GO:0098839;GO:0043523;GO:0098978;GO:0055074;GO:1900149;GO:0048511;GO:0005102;GO:0097060;GO:0048169;GO:0006874;GO:0022843;GO:0005886;GO:0016020;GO:0051290;GO:0007611;GO:0021987;GO:0004972;GO:0043083;GO:0006816;GO:0001540;GO:0097553;GO:0043005;GO:0060076;GO:0006812;GO:0019902;GO:0044307;GO:0045944;GO:0050770;GO:0099061;GO:1903428;GO:0050905;GO:0007268;GO:0048814;GO:0045211;GO:0048167;GO:1902952;GO:0007612;GO:0035176;GO:0019233;GO:0010646;GO:0019899;GO:0060134;GO:0010942;GO:0065003;GO:0043195;GO:0022849;GO:0016594;GO:0051592;GO:0009986;GO:0035235;GO:0005887;GO:0017146;GO:0043197;GO:0005509;GO:0071287;GO:0010524;GO:0016595;GO:0021586;GO:0044877;GO:0099056;GO:0051963;GO:0015276;GO:0001975;GO:0005516;GO:0008542;GO:0005737;GO:0005783;GO:0001964;GO:0045202;GO:0048168;GO:0042165;GO:0005261;GO:0032590;GO:0043025;GO:0004970;GO:0007616;GO:0007613;GO:0014070;GO:0014069;GO:0038023;GO:2000463;GO:2001056;GO:0018964;GO:0035254
P19208	GO:0031072;GO:0051082;GO:0034663;GO:0005634;GO:0030433;GO:0006986;GO:0016887;GO:0034620;GO:0044183;GO:0051787;GO:0005737;GO:0005788;GO:0016020;GO:0051085;GO:0005524;GO:0030968;GO:0042026
Q4UQP3	GO:0002161;GO:0005737;GO:0004832;GO:0005524;GO:0006438
B2S0M0	GO:0006457;GO:0051082;GO:0005524
Q63191	GO:0005768;GO:0015031;GO:0016021
B2VR76	GO:0000466;GO:0000463;GO:0005730;GO:0043021;GO:0005654;GO:0030687
Q1DQ73	GO:0005634;GO:0030983;GO:0005524;GO:0006298
A3AHG5	GO:0005634;GO:0050826;GO:1901002;GO:1902584
C5BAT0	GO:0019464;GO:0004375
Q8N398	
P26411	GO:0051539;GO:0046872
B4THD3	GO:0022900;GO:0005886;GO:0055085;GO:0016021
P43889	GO:0008360;GO:0009252;GO:0000902;GO:0009103;GO:0006048;GO:0003977;GO:0071555;GO:0005737;GO:0000287;GO:0009245;GO:0019134
A6TEI3	GO:0006402;GO:0006396;GO:0005737;GO:0004654;GO:0003723;GO:0000287
Q38CE9	GO:0032508;GO:0003678;GO:0031981;GO:0006260;GO:0005634;GO:0003677;GO:0051276;GO:0005737;GO:0006281;GO:0006310;GO:0005657;GO:0005524;GO:0000723
Q5R5M4	GO:0015293;GO:0005886;GO:0016021
Q399M3	GO:0046677;GO:0015562;GO:0008559;GO:0016887;GO:0005524;GO:0005887;GO:1990961
A0QMH2	GO:0051539;GO:0004160;GO:0009099;GO:0009097;GO:0046872
B2IGG2	GO:0008360;GO:0009252;GO:0007049;GO:0051301;GO:0071949;GO:0071555;GO:0005737;GO:0008762
A3QHZ8	GO:0003676;GO:0005737;GO:0052914
O51147	GO:0006415;GO:0005829
Q1QY22	GO:0000105;GO:0005737
B1JJB5	GO:0042744;GO:0004096;GO:0046872;GO:0006979;GO:0020037
P0A3J1	GO:0006457;GO:0051082;GO:0005524
A1KIJ9	GO:0046677;GO:0005886;GO:0022857;GO:0016021
Q9HVT8	GO:0030956;GO:0016787;GO:0050567;GO:0005524;GO:0006412
O49299	GO:0046686;GO:0005634;GO:0005975;GO:0005737;GO:0004614;GO:0005886;GO:0000287;GO:0006006;GO:0005829
Q9Y3R0	GO:0098887;GO:0045211;GO:0150012;GO:0031410;GO:0098978;GO:0005789;GO:0016358;GO:0045121;GO:0030159;GO:0035556;GO:0099003;GO:0005886;GO:0008022;GO:0030425;GO:0035259;GO:0008013;GO:0043005;GO:0005829;GO:0043204;GO:0014069
Q1AVW2	GO:0006281;GO:0006310
Q6ZVL6	GO:0016021
A9AZE6	GO:0009039;GO:0005737;GO:0016151;GO:0043419
B3FWU0	GO:0031177;GO:0016491;GO:0016746;GO:0008270
B0TSW5	GO:0051539;GO:0050140;GO:0030151;GO:0006777;GO:0008940;GO:0042128;GO:0042597;GO:0043546;GO:0005506;GO:0009055
Q9ZT07	GO:0048544;GO:0005516;GO:0030246;GO:0004674;GO:0005886;GO:0005524;GO:0016021;GO:0006468
A1WI31	GO:0008759;GO:0009245;GO:0103117;GO:0046872
Q43845	GO:0016157;GO:0009506;GO:0005986;GO:0046524;GO:0071836;GO:0005886;GO:0005829
A1XQX2	GO:0046872;GO:0007155;GO:0016021
B3Q4F9	GO:0042744;GO:0004096;GO:0046872;GO:0006979;GO:0020037
Q92KW8	GO:0004823;GO:0006429;GO:0002161;GO:0005737;GO:0005524
P08461	GO:0042802;GO:0005967;GO:0005739;GO:0034604;GO:0006086;GO:0004742;GO:0006099;GO:0030431;GO:0000166;GO:0006006;GO:0045254
Q69ZI1	GO:0005078;GO:0046872;GO:0001764;GO:0006915;GO:0046330;GO:0043370;GO:0061630;GO:2001237;GO:0043066;GO:0030027;GO:0005794;GO:0043154;GO:0005829;GO:0048471;GO:0051865;GO:2000564
A4JF20	GO:0050518;GO:0016114;GO:0019288
M2WKH6	GO:0016491;GO:0000166
B9WBR8	GO:0003924;GO:0005759;GO:0005743;GO:0043022;GO:0045727;GO:0006412;GO:0005525
Q8N283	
B0SYU7	GO:0019556;GO:0019557;GO:0005737;GO:0050480;GO:0008270;GO:0005506
Q84J71	
Q9VU41	GO:0046872;GO:0035082;GO:0036159;GO:0007605;GO:0036158;GO:0005737;GO:0043025;GO:0034451;GO:0005929;GO:0044458;GO:0019230;GO:0030317
B6DD13	GO:0090729;GO:0005576
E7EZF3	GO:0006511;GO:0060729;GO:0042393;GO:0044729;GO:0001889;GO:0000122;GO:0005737;GO:0016574;GO:0004842;GO:0000791;GO:0051865;GO:0016567;GO:0061630;GO:0007049;GO:0000790;GO:0010216;GO:0006954;GO:0010390;GO:0035064;GO:0031100;GO:0002088;GO:0000792;GO:0005657;GO:0008270;GO:0044027;GO:0005720
Q7A3F4	GO:0016887;GO:0005524
Q8NSS0	GO:0042026;GO:0005737;GO:0051082;GO:0005524
C0ZRP8	GO:0004613;GO:0006094;GO:0005737;GO:0030145;GO:0005525
Q73BQ6	GO:0004834
C3PM61	
Q8NFJ9	GO:0005813;GO:1905515;GO:0001103;GO:0007608;GO:0007601;GO:0045494;GO:0043001;GO:0061512;GO:0036064;GO:0005930;GO:0050896;GO:0060271;GO:0034464;GO:0005829;GO:0005113;GO:0005119;GO:0060170
Q5FUG3	GO:0051539;GO:0003861;GO:0009098;GO:0046872
Q97LS0	GO:0000287;GO:0008966;GO:0005975
P15056	GO:0042802;GO:0033138;GO:0005634;GO:0000165;GO:0043066;GO:0004674;GO:0006468;GO:0071277;GO:0005886;GO:0005524;GO:0043231;GO:0005829;GO:0007173;GO:0010628;GO:0005509;GO:0097110;GO:0004672;GO:0070413;GO:0009887;GO:0010828;GO:0070374;GO:0090150;GO:0000186
Q9SU24	GO:0010385;GO:0003682;GO:0033314;GO:0000808;GO:0046872;GO:0006260;GO:0000278;GO:0006355;GO:0016887;GO:0042393;GO:0006270;GO:0005524;GO:0003688;GO:0005664;GO:0009567;GO:0000784
Q3UNN8	GO:0016021;GO:0003824
Q92Q11	GO:0019464;GO:0004375
P34501	GO:0007160;GO:0005615
P23504	GO:0005576;GO:0005618
F4IDY5	GO:0006511;GO:0016567;GO:0010106;GO:0006879;GO:0005634;GO:0016874;GO:0061630;GO:0008270;GO:0016021;GO:0034756;GO:0033212;GO:0098711
Q5R4J5	GO:0046872;GO:1903235;GO:0030672;GO:0016021;GO:0030154;GO:0007269;GO:0005544;GO:0042584
Q4WYA1	GO:0003676;GO:0005634;GO:0004527;GO:0005737;GO:0006364
O51451	GO:0065002;GO:0006605;GO:0005886;GO:0016021;GO:0043952
Q9P3W1	GO:0000993;GO:0016251;GO:0005634;GO:0001113;GO:0005673;GO:0046872;GO:0006367
Q9QZR8	GO:0005576;GO:0005634;GO:0007155;GO:0035556;GO:0005737;GO:0005783;GO:0043005;GO:0005911;GO:0014069;GO:0045177
Q9Z3R8	GO:0032450
Q74A61	GO:0003924;GO:0032790;GO:0003746;GO:0005525;GO:0005829
P48778	GO:0003676;GO:0005737;GO:0004527;GO:0005634
Q73TT7	GO:0051539;GO:0004160;GO:0009099;GO:0009097;GO:0046872
Q9QWN8	GO:0098978;GO:0005737;GO:0008021;GO:0051693;GO:0016081;GO:0098918;GO:0017158;GO:0003779;GO:0016192;GO:0016363;GO:0000139;GO:0035264;GO:0043025;GO:0005886;GO:0005829;GO:0016079;GO:0021692;GO:0071361;GO:0099189;GO:0098793;GO:0005200;GO:0048471;GO:0099173;GO:0008091;GO:0005543;GO:0005768;GO:0016324;GO:0098688;GO:0007416;GO:0030534
Q16CH7	GO:0051539;GO:0003861;GO:0009098;GO:0046872
Q9Q8Y2	GO:0003677;GO:0045893
Q3BP98	GO:0002161;GO:0005737;GO:0004832;GO:0005524;GO:0006438
A7HDC9	GO:0019464;GO:0004375;GO:0009116
Q9NYJ8	GO:0038095;GO:0007507;GO:0050852;GO:0032496;GO:0005654;GO:0002223;GO:0010008;GO:0043123;GO:0007249;GO:0002755;GO:0005886;GO:0005829;GO:0070530;GO:0010507;GO:0070423;GO:0045860;GO:0000187;GO:0070498;GO:0007254;GO:0051092;GO:0046872
P63653	GO:0008410
Q6FTL7	GO:0032258;GO:0006891;GO:0000139;GO:0017119
A1JRM4	GO:0002098;GO:0016765
B1A925	GO:0006351;GO:0003899;GO:0003677;GO:0008270;GO:0009507
A7TJJ8	GO:0030242;GO:0016236;GO:0034271;GO:0032258;GO:0000329;GO:0120095;GO:0034045;GO:0034727
Q97BN7	GO:0005737;GO:0004766;GO:0008295
Q3IG57	GO:0006412;GO:0006464;GO:0016881;GO:0005524;GO:0046872
Q5WF60	GO:0006308;GO:0009318;GO:0008855;GO:0003676;GO:0005737
Q5GH59	GO:0043652;GO:0070782;GO:0005886;GO:0016020;GO:0016021;GO:1902742
A6QLU7	GO:0010359;GO:0010360;GO:0044325;GO:0005886;GO:0090314
A2BQW8	GO:0009039;GO:0005737;GO:0016151;GO:0043419
A5U2Z7	GO:0046677;GO:0050071;GO:0006629;GO:0006430;GO:0003677;GO:0005737;GO:0004824;GO:0005886;GO:0005524;GO:0016021;GO:0000287
A8AVA8	GO:0006457;GO:0051082;GO:0005524
Q44292	GO:0005886;GO:0006811;GO:0042128
Q7XM31	GO:0030422;GO:0031380;GO:0005634;GO:0003968;GO:0070919;GO:0003723
Q5FTX7	GO:0003677;GO:0006351;GO:0032549;GO:0003899
Q9SI37	GO:0003700;GO:0000976;GO:0005739;GO:0005634;GO:0009751;GO:0003677;GO:0009863;GO:0008270;GO:0045893
Q96PE3	GO:0034597;GO:0016316;GO:0005634;GO:0007165;GO:0031901;GO:0005737;GO:0005886;GO:0055038;GO:0006661;GO:0005829;GO:0043647;GO:0014069
Q5SVQ8	GO:0000978;GO:0006357;GO:0005634;GO:0000981;GO:0046872
A4JF69	GO:0019288;GO:0070402;GO:0030604;GO:0046872;GO:0016114
Q56301	GO:0030955;GO:0016301;GO:0005524;GO:0000287;GO:0004743
A4J707	GO:0000105;GO:0005737;GO:0016829;GO:0000107
C8V3W6	GO:0016567;GO:0005680;GO:0051301;GO:0007091;GO:0031145;GO:0005737;GO:0042254;GO:0045842
Q65EF9	GO:0051287;GO:0000105;GO:0004399;GO:0008270
Q72TM7	GO:0008556;GO:0030955;GO:0005887
Q1PCQ8	GO:0004609;GO:0006646;GO:0016540;GO:0031305
B4ECR7	GO:0000049;GO:0006424;GO:0005737;GO:0005524;GO:0008270;GO:0004818
Q1LZB4	GO:0005813;GO:0030992;GO:0007224;GO:0042073;GO:0005737;GO:0060271;GO:0031514
B1KK02	GO:0004834
Q5SWA1	GO:0000164;GO:1903898;GO:0070262;GO:0005737;GO:0006983;GO:1903912;GO:0005783;GO:0019888;GO:0034976;GO:0001933;GO:0032516;GO:0042542
Q59514	GO:0030655;GO:0005886;GO:0046677;GO:0008800
P78348	GO:0044736;GO:0007165;GO:0005794;GO:0045202;GO:0070207;GO:0009986;GO:0035725;GO:0005886;GO:0050915;GO:0009268;GO:0010447;GO:0005887;GO:0070588;GO:0007613;GO:0015280;GO:0006814;GO:0071467;GO:0046929;GO:0022839;GO:0008306;GO:0042391;GO:0001662;GO:0034220;GO:0001975
B3QEE3	GO:0004152;GO:0005737;GO:0005886;GO:0044205;GO:0006207
P52090	GO:0016787;GO:0016042;GO:0005576
O60242	GO:0007520;GO:0048814;GO:0099558;GO:0007166;GO:0043083;GO:0004930;GO:0007189;GO:0061743;GO:0005886;GO:0098794;GO:0016021;GO:0051965;GO:0016322;GO:0005096;GO:0005887;GO:0016525;GO:0007186
O95977	GO:0038036;GO:0008289;GO:0005739;GO:0006955;GO:0019222;GO:0004930;GO:0007189;GO:0005737;GO:0005886;GO:0007202;GO:0007204;GO:0005887;GO:0007186
O60292	GO:0016324;GO:0090162;GO:0003382;GO:0001654;GO:0005654;GO:0007010;GO:0001725;GO:0002244;GO:0005794;GO:0005886;GO:0051056;GO:0005615;GO:0061689;GO:0045177;GO:0005096
Q9RV25	GO:0004139;GO:0005737;GO:0016052;GO:0009264;GO:0046386
Q042E2	GO:0009380;GO:0009432;GO:0003677;GO:0006289;GO:0005737;GO:0009381;GO:0005524;GO:0004386
Q73GH2	GO:0050661;GO:0004324;GO:0050660
Q8TF17	GO:0005886;GO:1901184;GO:0033157;GO:0031410;GO:0032287
P27693	GO:0005576;GO:0004252;GO:0046872
Q2HWK7	GO:0046872;GO:0016717;GO:0033559;GO:0055114;GO:0006636;GO:0043651;GO:0016021;GO:0020037
Q8ZKQ4	GO:1905887;GO:0016887;GO:0042626;GO:0005886;GO:0005524;GO:0016021
A3QCG3	GO:0005737;GO:0006427;GO:0004821;GO:0005524
Q2Y0E8	GO:0039616;GO:0039625
B8M990	GO:0005737;GO:0070084;GO:0070006;GO:0046872
Q8T380	GO:0006937;GO:0042803
Q8ZKU8	GO:0000287;GO:0004674;GO:0005524;GO:0005737
Q8L3B1	GO:0047110;GO:0051287;GO:0006558
Q91ZU6	GO:0031122;GO:0005634;GO:0035371;GO:0005737;GO:0097038;GO:0042803;GO:0030018;GO:0005882;GO:0005198;GO:0015629;GO:0031410;GO:0030424;GO:0045104;GO:0042060;GO:0005925;GO:0003779;GO:0030056;GO:1904115;GO:0008090;GO:0046907;GO:0016020;GO:0016021;GO:0031581;GO:0015630;GO:0031110;GO:0007409;GO:0005509;GO:0031673;GO:0008017;GO:0051010;GO:0005789;GO:0014704;GO:0005635;GO:0014069;GO:0042383;GO:0048471;GO:0009898;GO:0007155;GO:0005938;GO:0001725;GO:0060053
Q58564	GO:0003677;GO:0003700
Q07424	GO:0003700;GO:0000978;GO:1990837;GO:0001890;GO:0006357;GO:0005634;GO:0009887;GO:0001228;GO:0000122;GO:0001568;GO:0009948;GO:0060711;GO:0000977;GO:0030154;GO:0009952;GO:0045944
Q9TSZ3	GO:1901381;GO:0086010;GO:0086091;GO:0042803;GO:0097623;GO:1903765;GO:0005251;GO:0009986;GO:0055075;GO:0005887;GO:0005242;GO:0097110;GO:0035690;GO:0005249;GO:0031625;GO:0048471;GO:1902282;GO:1990573;GO:0071805;GO:1902937;GO:0055131;GO:0060307;GO:0042391
D3V184	GO:0003723;GO:0005737;GO:0006402;GO:0008859
A1A9B7	GO:0046677;GO:0015562;GO:0008559;GO:0016887;GO:0005524;GO:0005887;GO:1990961
P0CP14	GO:0005789;GO:0004128;GO:0005741;GO:0016021
E5AE42	GO:0016491
B5FA79	GO:0005525;GO:0003924;GO:0005737;GO:0003743
Q8NT19	GO:0003924;GO:0003746;GO:0005737;GO:0005525
A1VE69	GO:0052865;GO:0009228;GO:0008661;GO:0030976;GO:0000287;GO:0016114
Q8NWU0	GO:0008360;GO:0046677;GO:0009252;GO:0016755;GO:0071555;GO:0005737
Q1C647	GO:0016887;GO:0015439;GO:0005886;GO:0017004;GO:0005524
C6DS31	GO:0046677;GO:0050071;GO:0006629;GO:0006430;GO:0003677;GO:0009405;GO:0005737;GO:0004824;GO:0005886;GO:0005524;GO:0016021;GO:0000287
Q0SF26	GO:0006782;GO:0050661;GO:0008883
Q3A6Q0	GO:0003924;GO:0003746;GO:0005737;GO:0005525
Q7V6E8	GO:0051539;GO:0046872;GO:0019685;GO:0005524;GO:0016730;GO:0036068;GO:0016636
A9GUZ1	GO:0005886;GO:0048038;GO:0051287;GO:0050136
Q04704	
O15111	GO:0038095;GO:0010803;GO:0050852;GO:0018105;GO:0007266;GO:0034614;GO:0071356;GO:0008384;GO:0008385;GO:0005654;GO:0032496;GO:0005737;GO:0002223;GO:0032088;GO:0042803;GO:0061847;GO:0043123;GO:0046982;GO:0007249;GO:0004674;GO:0006468;GO:0035666;GO:0045893;GO:0051146;GO:0002756;GO:0051403;GO:0098586;GO:0006955;GO:0007252;GO:0035631;GO:0038061;GO:0010034;GO:0005524;GO:0005829;GO:0043231;GO:0097110;GO:0004672;GO:0006954;GO:0009615;GO:0003009;GO:0033209;GO:0009636;GO:0045944;GO:0043200;GO:0002479;GO:0009898;GO:0044877;GO:0070498;GO:0032727;GO:1990459;GO:0009653;GO:0042493;GO:0051092;GO:0045087;GO:0033194;GO:0071276
Q54J66	GO:0006435;GO:0045335;GO:0004812;GO:0006418;GO:0004829;GO:0005737;GO:0005524
B2U894	GO:0008712;GO:0050661;GO:0097171;GO:0005975
P83779	GO:0030446;GO:0016831;GO:0062040;GO:0009986;GO:0030445;GO:0005886;GO:0030976;GO:0000287;GO:0004737;GO:0005829
Q8AXB3	GO:0030878;GO:0004714;GO:0001525;GO:0033674;GO:0048844;GO:0018108;GO:0004713;GO:0035050;GO:0002244;GO:0001568;GO:0007275;GO:0005524;GO:0002040;GO:0007169;GO:0043235;GO:0005887
Q8UUU2	GO:0043560;GO:0005158;GO:0008286;GO:0032869;GO:0005634;GO:0043066;GO:0005737;GO:0045944;GO:1900103;GO:0005943;GO:0042307;GO:0001678;GO:0048009;GO:0050821;GO:0033120;GO:0043125;GO:0035014;GO:0034976;GO:0005159;GO:0046854
B0KCJ3	GO:0006351;GO:0003899;GO:0003677;GO:0008270;GO:0000287
Q02RX8	GO:0008616;GO:0016740;GO:0005737;GO:0016853
B2TJY9	GO:0006223;GO:0044206;GO:0004845;GO:0005525;GO:0000287;GO:0009116
Q4L8C6	GO:0008360;GO:0009252;GO:0016755;GO:0071555;GO:0005737
Q2JGG1	GO:0006457;GO:0005737;GO:0051082;GO:0005524
A0A120HYZ1	GO:0003676;GO:0006430;GO:0005737;GO:0004824;GO:0005524
A8AFT6	GO:0042597;GO:0071474;GO:0004555;GO:0005993
A6NGB0	GO:0016021
A7I0M0	GO:0005737;GO:0004823;GO:0005524;GO:0006429;GO:0002161
P0CAE6	GO:0033644;GO:0016021
P38445	GO:0030509;GO:0007507;GO:0035265;GO:0007165;GO:0005737;GO:0000122;GO:0006355;GO:0004674;GO:0006468;GO:0032147;GO:0030324;GO:0060021;GO:0009749;GO:0061298;GO:0060836;GO:0019953;GO:0045669;GO:0004712;GO:0005886;GO:0001822;GO:0005524;GO:0017002;GO:0007498;GO:0030073;GO:0030501;GO:0001501;GO:0048179;GO:0060840;GO:0060841;GO:0009966;GO:0048617;GO:0048185;GO:0001946;GO:0007389;GO:0071363;GO:0034711;GO:0009952;GO:0031016;GO:0019838;GO:0032924;GO:0032927;GO:0042475;GO:0004675;GO:0007368;GO:0048705;GO:0120163;GO:0043235;GO:0046872;GO:0032991;GO:0009791;GO:0030325;GO:0001974;GO:0001702
Q01082	GO:1903078;GO:0005516;GO:0000165;GO:0005737;GO:0003723;GO:0006888;GO:0051020;GO:0045296;GO:0051693;GO:0003779;GO:0007182;GO:0014731;GO:0031430;GO:0005829;GO:0060390;GO:0032743;GO:0070062;GO:1903076;GO:0005730;GO:0043001;GO:0005200;GO:0007411;GO:0014069;GO:0072659;GO:0008091;GO:0030673;GO:0007009;GO:0005543;GO:0030506;GO:0071709;GO:0044877;GO:0000281;GO:0032437
B2VFQ4	GO:0005886;GO:0022857;GO:0016021
Q11BD3	GO:0008176
P70628	GO:0005201;GO:0042995;GO:0008201;GO:0007601;GO:0016021;GO:0043235;GO:0033165;GO:0005540
Q8NGX2	GO:0004984;GO:0004930;GO:0005886;GO:0016021
B1HPK4	GO:0044208;GO:0004019;GO:0005737;GO:0005525;GO:0000287
Q2RV55	GO:0051539;GO:0003861;GO:0009098;GO:0046872
P51804	GO:0034765;GO:0005886;GO:0034707;GO:0046872;GO:0005247
C1G784	GO:0005743;GO:0016021
P51803	GO:0034765;GO:0046872;GO:0034707;GO:0005247
Q9DGM7	GO:0005634;GO:0005737
A3KGK3	GO:0046872;GO:0007009;GO:0016021
O44552	GO:0051301;GO:0005634;GO:0004725;GO:0010971;GO:0110032;GO:0005737;GO:0000086;GO:0000212;GO:0004721;GO:0051321;GO:0045931
Q2FV74	GO:0009405;GO:0016887;GO:0005524
Q9VGY6	GO:0005819;GO:0006584;GO:0051225;GO:0051301;GO:0005874;GO:0005634;GO:0005730;GO:0005737;GO:0005700;GO:0006997;GO:0051321;GO:0004500
Q2IX74	GO:0005737;GO:0030145;GO:0070006
B8D8E2	GO:0008233;GO:0016887;GO:0009376;GO:0043335;GO:0005524
P45778	GO:0015628;GO:0015627;GO:0016021;GO:0009279
Q03FR7	GO:0006457;GO:0051082;GO:0005524
C5D2K6	GO:0006097;GO:0004474;GO:0006099;GO:0005737;GO:0046872
P06960	GO:0005737;GO:0004585;GO:0016597;GO:0046872;GO:0019240;GO:0042450;GO:0006974
B9DSZ6	GO:0006351;GO:0003899;GO:0003677;GO:0008270;GO:0000287
Q2NEP8	GO:0034605;GO:0004176;GO:0043565;GO:0005737;GO:0005524;GO:0006515;GO:0004252
P19883	GO:0030509;GO:0030510;GO:0005634;GO:0038102;GO:0002244;GO:0000122;GO:0005737;GO:0008585;GO:0045596;GO:0005576;GO:0032926;GO:0051798;GO:0007276;GO:0043395;GO:0001501;GO:0007275;GO:0048185;GO:0007389;GO:0043616;GO:0030154;GO:0042475;GO:0031069;GO:0005615
Q46WJ4	GO:0009073;GO:0005737;GO:0009423;GO:0000166;GO:0046872;GO:0003856
Q5Z5B7	GO:0016117;GO:0031969;GO:0016767;GO:0046905;GO:0004310;GO:0010287;GO:0051996
P20872	GO:0020002;GO:0039502;GO:0044175;GO:0039587;GO:0055036;GO:0019031;GO:0075512;GO:0016021;GO:0005198;GO:0039654;GO:0019062
Q9S9U6	GO:0030170;GO:0009693;GO:0016847;GO:0009835
A9W3L5	GO:0015940;GO:0005737;GO:0046872;GO:0003864
Q0VAW7	GO:0000978;GO:0006357;GO:0005634;GO:0001228;GO:0046872
A1KR91	GO:0006457;GO:0031072;GO:0051082;GO:0006260;GO:0009408;GO:0005737;GO:0008270;GO:0005524
A7F3L0	GO:0001732;GO:0005634;GO:0006413;GO:0071540;GO:0003743;GO:0005852;GO:0016282;GO:0033290
Q6G6C6	GO:0016887;GO:0005524
Q1QN44	GO:0003677;GO:0006351;GO:0032549;GO:0003899
Q98M95	GO:0030956;GO:0016787;GO:0050567;GO:0005524;GO:0006412
Q8F4S9	GO:0065002;GO:0006605;GO:0031522;GO:0015462;GO:0017038;GO:0005524;GO:0043952;GO:0005829;GO:0005887
A8IHQ3	GO:0065002;GO:0006605;GO:0005737;GO:0005886;GO:0017038;GO:0005524;GO:0046872
Q803L0	GO:0000932;GO:0010494;GO:0010587;GO:0005634;GO:0010629;GO:0005791;GO:0005730;GO:0019827;GO:0031099;GO:0031123;GO:1905538;GO:0008270;GO:0031054;GO:0003723;GO:1990904;GO:2000767;GO:0043009;GO:0005844
B8ZKM4	GO:0009073;GO:0005737;GO:0009423;GO:0000166;GO:0046872;GO:0003856
B5DG67	GO:0000466;GO:0000463;GO:0005730;GO:0043021;GO:0005654;GO:0051726;GO:0030687;GO:0070545
A0QZY0	GO:0010125;GO:0008270;GO:0005524;GO:0035446
B5ZW78	GO:0006281;GO:0006310
O24242	GO:0046872;GO:0006695;GO:0033384;GO:0005737;GO:0045337;GO:0004161;GO:0004337
P54793	GO:0070062;GO:0004065;GO:0005788;GO:0046872
Q7NCF5	GO:0051539;GO:0006777;GO:0019008;GO:1904047;GO:0046872;GO:0005525;GO:0061798
Q1PHZ4	GO:0042742;GO:0005576;GO:0004222;GO:0090729;GO:0046872
O36401	GO:0033644;GO:0016021
Q5ZMP6	GO:0035615;GO:0072583;GO:0008289;GO:0016192;GO:0030122;GO:0006886;GO:0043231;GO:0031410;GO:0006897
Q6FWS5	GO:0016887;GO:0042626;GO:0000329;GO:0005524;GO:0016021;GO:0010038;GO:1990961
A9L9A9	GO:0015979;GO:0009055;GO:0009535;GO:0005506;GO:0031361;GO:0020037
Q59KY8	GO:0004722;GO:0030447;GO:0036170;GO:0036180;GO:0046872;GO:0007049;GO:0051301;GO:1900439;GO:1900442;GO:0036244;GO:1900436;GO:0009405;GO:0005737;GO:0036171;GO:0036178;GO:0036168;GO:0006468
A0QHY0	GO:0008964;GO:0015977;GO:0006107;GO:0006099;GO:0000287
Q6NS59	GO:0044255
Q8IEF6	GO:0003700;GO:0005634;GO:0007346;GO:0003677;GO:0006355;GO:0045893
Q6ZNH5	GO:0003700;GO:0000978;GO:0006357;GO:0000790;GO:0046872
O22921	GO:0003700;GO:0009651;GO:0005634;GO:0009409;GO:0034605;GO:0006970;GO:0043565;GO:0070370;GO:0046872
Q9PKK4	GO:0006265;GO:0003677;GO:0003918;GO:0005737;GO:0005694;GO:0005524;GO:0006261
Q54QD3	GO:0006633;GO:0004315;GO:0016491
P11709	GO:0005819;GO:0031122;GO:0051301;GO:0031115;GO:0005634;GO:0035371;GO:0005737;GO:0005816;GO:0043332;GO:0030543;GO:0000022;GO:0005875;GO:0051010;GO:0008017;GO:0005876;GO:0000778;GO:0051286;GO:0000743;GO:0005938;GO:0000132;GO:0000776;GO:0000742
C5CUU6	GO:0000049;GO:0005737;GO:0005524;GO:0004826;GO:0000287;GO:0006432
B2SH83	GO:0051539;GO:0004160;GO:0009099;GO:0009097;GO:0046872
Q05516	GO:0042802;GO:0030099;GO:0005634;GO:0051138;GO:0008285;GO:0030097;GO:0000122;GO:0042803;GO:0045893;GO:0016567;GO:0000978;GO:0042733;GO:0006357;GO:0043065;GO:0005886;GO:0008022;GO:0016607;GO:0045638;GO:0005829;GO:0043687;GO:0051216;GO:0045600;GO:0016605;GO:0001227;GO:0061036;GO:0034504;GO:0045778;GO:0009952;GO:0032332;GO:0035136;GO:0045892;GO:0019904;GO:0006915;GO:0009880;GO:0007417;GO:0017053;GO:0048133;GO:0001228;GO:0003677;GO:0016604;GO:0001823;GO:0046872;GO:0032991;GO:0035116
Q7NPT8	GO:0005886;GO:0032977;GO:0015031;GO:0016021
Q0ABN0	GO:0055129;GO:0004350;GO:0005737;GO:0050661
Q95LV1	GO:0004565;GO:0005576;GO:0005975
Q0SFL5	GO:0071949;GO:0016491;GO:0051287;GO:0019505
Q6Q477	GO:0030165;GO:0007283;GO:0033138;GO:0048306;GO:0051599;GO:0019901;GO:0005516;GO:0010751;GO:0098978;GO:1903078;GO:2000481;GO:0051480;GO:0140199;GO:0005388;GO:0050998;GO:0030018;GO:1905145;GO:1900082;GO:0030317;GO:0036487;GO:0071872;GO:0021766;GO:0006357;GO:0003407;GO:0006874;GO:0030315;GO:0010629;GO:0036126;GO:1903243;GO:0097228;GO:0005886;GO:0016020;GO:0005524;GO:0015085;GO:1902548;GO:0043231;GO:1902806;GO:0005887;GO:0019829;GO:0051001;GO:0070588;GO:0014832;GO:0006816;GO:1903249;GO:0045019;GO:1901660;GO:0043005;GO:0016323;GO:0042383;GO:0016525;GO:0098736;GO:0046872;GO:0099059;GO:0043537;GO:0070885;GO:0030346
P0CE68	GO:0016236;GO:0008559;GO:0016887;GO:0055085;GO:0016020;GO:0042626;GO:0000329;GO:0005524;GO:0016021
A8IF44	GO:0044782;GO:0003341;GO:0005930;GO:0031514
C9K2Q2	GO:0032259;GO:0008171
Q0HMU1	GO:0006412;GO:0006464;GO:0016881;GO:0005524;GO:0046872
P14727	GO:0005576;GO:0042025;GO:0034053;GO:0009405;GO:0043565;GO:0052026
Q84RR2	GO:0006511;GO:0032436;GO:0046872;GO:0061630;GO:0005737;GO:0031624;GO:0000209;GO:0000151
A9AIT5	GO:0050518;GO:0016114;GO:0019288
Q15878	GO:0005509;GO:0070509;GO:0006816;GO:0034765;GO:0022843;GO:0005886;GO:0051899;GO:0005245;GO:0005891;GO:0007268;GO:0050796;GO:0045202
Q6F0Z2	GO:0003924;GO:0003746;GO:0043022;GO:0005886;GO:0045727;GO:0005525
Q3KP31	GO:0006357;GO:0005634;GO:0000981;GO:0046872;GO:0000977
B3W952	GO:0006541;GO:0003922;GO:0005524;GO:0016462
A5VTA1	GO:0051539;GO:0006400;GO:0035596;GO:0005737;GO:0046872
A4QJI9	GO:0006351;GO:0003899;GO:0003677;GO:0008270;GO:0009507
Q4IBR4	GO:0005634;GO:0006355;GO:0006351;GO:0006325
P29457	GO:0051082;GO:0005518;GO:0051604;GO:0004867;GO:0045121;GO:0005737;GO:0005788;GO:0005793;GO:0003433;GO:0005615;GO:0005783;GO:0010951;GO:0030199;GO:0032964
P10040	GO:0005819;GO:0007435;GO:0048190;GO:0051301;GO:0042052;GO:0007163;GO:0005634;GO:0035239;GO:0007391;GO:0046621;GO:0045494;GO:0005112;GO:0005737;GO:0051642;GO:0061336;GO:0035088;GO:0007443;GO:0035090;GO:0045218;GO:0030507;GO:0016028;GO:0034332;GO:0046664;GO:0046665;GO:0106036;GO:0035332;GO:0032435;GO:0032391;GO:0016334;GO:0032880;GO:0005886;GO:0016332;GO:0050821;GO:0060438;GO:0016021;GO:0001745;GO:0061024;GO:0005080;GO:0005509;GO:0003383;GO:0042051;GO:0045570;GO:0033157;GO:0008284;GO:0016327;GO:0061541;GO:0007424;GO:0035002;GO:0045746;GO:0016324;GO:0098813;GO:0007399;GO:0035003;GO:0045176;GO:0045186
Q7NHC6	GO:0005737;GO:0030145;GO:0070006
Q12809	GO:0042802;GO:1901381;GO:0098915;GO:0008076;GO:0086010;GO:0086091;GO:0042803;GO:0061337;GO:0097623;GO:1903765;GO:0060306;GO:0003064;GO:0086013;GO:0005251;GO:0009986;GO:1901379;GO:0005886;GO:0055075;GO:0005887;GO:0005242;GO:0097110;GO:0086005;GO:0035690;GO:0086008;GO:0005249;GO:0031625;GO:0086009;GO:0048471;GO:1902282;GO:1990573;GO:0060048;GO:0071805;GO:0086011;GO:1902937;GO:0055131;GO:0060307;GO:0042391;GO:1901380
P70106	GO:0004672;GO:0005789;GO:0035556;GO:0005886;GO:0005524;GO:0016021;GO:0005525;GO:0004383
Q6P3V2	GO:0000978;GO:0006357;GO:0005634;GO:0001228;GO:0046872
Q5SJE8	GO:0004801;GO:0006098;GO:0016832;GO:0005737;GO:0005975
Q2YVL5	GO:0006541;GO:0003922;GO:0005524;GO:0016462
P46508	GO:0004222;GO:0004176;GO:0016020;GO:0005524;GO:0046872
B2S9E5	GO:0051539;GO:0006400;GO:0035596;GO:0005737;GO:0046872
D2TN57	GO:0009405;GO:0009306;GO:0005887
O08400	GO:0009039;GO:0005737;GO:0016151;GO:0043419
Q5NDE3	GO:0035269;GO:0001764;GO:0006493;GO:0005789;GO:0005783;GO:0016021;GO:0008375
Q9THV5	GO:0006351;GO:0003899;GO:0003677;GO:0008270;GO:0009507
Q0BUQ6	GO:0003677;GO:0006351;GO:0032549;GO:0003899
Q24020	GO:0005509;GO:0007527;GO:0003779;GO:0051014;GO:0008154;GO:0005634;GO:0005546;GO:0030239;GO:0005737;GO:0051015;GO:0015629;GO:0010004;GO:0051016
Q9Y6F7	GO:0005634;GO:0004402;GO:0007283;GO:0003714
Q6ZN11	GO:0000978;GO:0006357;GO:0046872;GO:0005634;GO:0000981
P17017	GO:0006357;GO:0005634;GO:0000981;GO:0046872;GO:0000977
A7Z0F6	GO:0006260
Q72R08	GO:0065002;GO:0006605;GO:0005737;GO:0005886;GO:0017038;GO:0005524
O95428	GO:0004867;GO:0031012;GO:0004222;GO:0030198
B0TK04	GO:0006096;GO:0005576;GO:0009986;GO:0000015;GO:0004634;GO:0000287
Q7TV93	GO:0042026;GO:0005737;GO:0051082;GO:0005524
Q9VBX1	GO:0072344;GO:0005634;GO:0043023;GO:1902231;GO:0000049;GO:0006611;GO:1902167;GO:1990116;GO:1990112
A9WKL7	GO:0005829;GO:0002098;GO:0030488;GO:0050660
Q8LB88	GO:0009738;GO:0005886;GO:0009789;GO:0046872;GO:0016740
A1TUD6	
P34624	GO:1904799;GO:0051301;GO:0007049;GO:0051964;GO:0019901;GO:2000331;GO:0005737;GO:0005886;GO:0030425;GO:0045737;GO:0030424;GO:0016538
Q73LZ4	GO:0006541;GO:0003922;GO:0005524;GO:0016462
Q9ZTS1	GO:0006418;GO:0000049;GO:0005524;GO:0006431;GO:0005829;GO:0004825
Q5RBG2	GO:0006915;GO:0005634;GO:0043065;GO:0005737;GO:1902187;GO:0008270;GO:0045087;GO:0045930
Q9K4Z7	GO:0008777;GO:0005737;GO:0006526;GO:0046872
Q9D1K7	
Q12609	GO:0004497;GO:0045461;GO:0016705;GO:0005506;GO:0020037
Q32126	GO:0042773;GO:0048038;GO:0009535;GO:0016021;GO:0008137
A6VBJ8	GO:0030956;GO:0016787;GO:0050567;GO:0005524;GO:0006412
Q470G4	GO:0006541;GO:0003922;GO:0005524;GO:0016462
A1A2F7	GO:0005737;GO:0071424;GO:0070475
P18900	GO:0005739;GO:0031314;GO:0008299;GO:0004659;GO:0006744;GO:1990234;GO:0046872;GO:0000010
P0DMC0	GO:1902995;GO:0008289;GO:0008203;GO:0034364;GO:0006869;GO:0050766;GO:0010875;GO:0050821;GO:0042157
A9FD89	GO:0051539;GO:0008173;GO:0005737;GO:0006364;GO:0046872
B3ED33	GO:0005840;GO:0003735;GO:0006412
Q3UFF7	GO:0008474;GO:0002084;GO:0005737;GO:0052689;GO:0005829;GO:0042997
B3SRR9	GO:0020002;GO:0044172;GO:0044163;GO:0039624;GO:0044168;GO:0016020;GO:0099008;GO:0039665;GO:0019062
A4QK08	GO:0006351;GO:0003899;GO:0003677;GO:0008270;GO:0009507
Q7ZT42	GO:0004518;GO:0016442;GO:0005634;GO:0005737;GO:0003723;GO:0031047;GO:0006401
Q12175	GO:0008094;GO:0062128;GO:0005634;GO:0000710;GO:0005524;GO:0007131;GO:0030983;GO:0000228
P40748	GO:0042802;GO:0030658;GO:0042803;GO:0046982;GO:0045202;GO:0031340;GO:0017158;GO:0016192;GO:0071277;GO:1903861;GO:0030276;GO:0051592;GO:0005886;GO:0016021;GO:0016079;GO:0005509;GO:0019905;GO:0070382;GO:0005546;GO:0048791;GO:0001786;GO:0098793;GO:0005544;GO:0014059;GO:0000149;GO:0017156
Q9Y2Y4	GO:1990837;GO:0000978;GO:0006357;GO:0001227;GO:0000790;GO:0000981;GO:0005634;GO:0003677;GO:0005654;GO:0000122;GO:0008270
Q6IF00	GO:0004984;GO:0004930;GO:0005886;GO:0016021
Q9ZBQ6	GO:0006285;GO:0034039;GO:0003906;GO:0006289;GO:0019104;GO:0008270;GO:0140078;GO:0003684;GO:0006284
C1D6E4	GO:0055129;GO:0004350;GO:0005737;GO:0050661
A0KWH4	GO:0009014;GO:0009089;GO:0050897;GO:0008270;GO:0019877
A1L1L7	GO:0000978;GO:0006357;GO:0005634;GO:0000981;GO:0046872
Q82Y50	GO:0051539;GO:0016830;GO:0009229;GO:0009228;GO:0008270
B7GTP2	GO:0019547;GO:0005737;GO:0004585;GO:0016597;GO:0019546
A9M9Y3	GO:0051539;GO:0006400;GO:0035596;GO:0005737;GO:0046872
Q0IAL3	GO:0004479
A1AQJ8	GO:0006541;GO:0003922;GO:0005524;GO:0016462
P07742	GO:0042802;GO:0042995;GO:0008584;GO:0005737;GO:0010212;GO:0021846;GO:0006260;GO:0017076;GO:0043025;GO:0051290;GO:0005524;GO:0005829;GO:0097718;GO:0004748;GO:0006206;GO:0060041;GO:0009263;GO:0005635;GO:0061731;GO:0005971;GO:0000278
Q6K973	GO:0016157;GO:0005985
E4UVK2	GO:0004222;GO:0008270;GO:0005615
A4R8B5	GO:0005730;GO:0003724;GO:0006364;GO:0005524;GO:0003723
D3ZNQ3	GO:0030259;GO:0031982;GO:0016758;GO:0005794;GO:0016757;GO:0016021;GO:0005975
A7ZES2	GO:0003852;GO:0009098
A7UKV9	GO:0009405;GO:0004222;GO:0008270;GO:0005615
A6V382	GO:0004165;GO:0006635;GO:0003857;GO:0004300;GO:0008692;GO:0036125
A4JI88	GO:0015937;GO:0005737;GO:0004594;GO:0005524
Q8TV92	GO:2001120;GO:0019752;GO:0030170;GO:0004068;GO:0004837;GO:0015937
O16202	GO:0009253;GO:0050830;GO:0050829;GO:0007165;GO:0016998;GO:0003796;GO:0045087;GO:0050832
Q8ENB3	GO:0016887;GO:0005886;GO:0015611;GO:0005524
Q2A1M7	GO:0003677;GO:0006351;GO:0032549;GO:0003899
Q1CTC3	GO:0008176
E5A7D9	GO:0016491;GO:0032259;GO:0016746;GO:0008168;GO:0031177
P11627	GO:0042802;GO:0022409;GO:0030165;GO:0033691;GO:0050804;GO:0045121;GO:0008046;GO:0007156;GO:0030424;GO:0043621;GO:0043195;GO:0044294;GO:0043025;GO:0009986;GO:0005886;GO:0016020;GO:0030425;GO:0034109;GO:0016021;GO:0010811;GO:0007166;GO:0007157;GO:0070372;GO:0042734;GO:0045773;GO:0007160;GO:0033631;GO:0050808;GO:0098685;GO:0007411;GO:0009897;GO:0050850;GO:0005768;GO:0019904;GO:0005178;GO:0044295;GO:0061564;GO:0016477;GO:0007159;GO:0007413;GO:0031175
A8FFD2	GO:0006457;GO:0051082;GO:0005524
Q9V4W1	GO:0006406;GO:0044614;GO:0005737;GO:0006449;GO:0000822;GO:0031369;GO:0005643;GO:0016973;GO:0006446;GO:0005543
B2IB12	GO:0046872;GO:0016208;GO:0003987;GO:0005524;GO:0019427
O14771	GO:0000978;GO:0006357;GO:0005634;GO:0000981;GO:0046872
B4UFU2	GO:0009039;GO:0005737;GO:0016151;GO:0043419
B0UUJ3	GO:0008964;GO:0015977;GO:0006107;GO:0006099;GO:0000287
Q5AVS0	GO:0006351;GO:0005634;GO:0000981;GO:0045493;GO:0003677;GO:0008270;GO:0045893
J9R5V4	GO:0000287;GO:0102412;GO:0010333
Q4JWC7	GO:0000287;GO:0000162;GO:0004048
Q9XS70	GO:0005737;GO:0003779;GO:0005856
P0A539	GO:0004731;GO:0009116
F4IJ77	GO:0016887;GO:0005524;GO:0016021
P72315	GO:0016831
C1DHY8	GO:0000287;GO:0000162;GO:0004048
P54903	GO:0055129;GO:0004350;GO:0005737;GO:0050661
Q65H54	GO:0006457;GO:0051082;GO:0005524
Q6DCW1	GO:0005634;GO:0003677;GO:0007275;GO:0046872;GO:0006325
A8FD38	GO:0004479
P57600	GO:0009016;GO:0030170;GO:0006526;GO:0005737;GO:0009089;GO:0003992
P50241	GO:0000978;GO:0006357;GO:0030284;GO:0000790;GO:0005634;GO:0030518;GO:0008270;GO:0004879;GO:0005496
Q9SGI8	GO:0005509
O94532	GO:0036391;GO:1903475;GO:0005737;GO:0043332;GO:0031097;GO:0000226;GO:0003779;GO:0005886;GO:0061572;GO:0110085;GO:0032153;GO:0071963;GO:0005522;GO:0007015;GO:0045010;GO:0051017;GO:0017048;GO:0061245;GO:0051285;GO:1904498;GO:0051016
Q73FQ1	GO:0051539;GO:0051745;GO:0019288;GO:0050992;GO:0046872;GO:0016114
P54280	GO:0032389;GO:0005634;GO:0016887;GO:0000710;GO:0032300;GO:0005524;GO:0006298;GO:0043570;GO:0030983;GO:0000228
Q6BER5	GO:0000978;GO:0006357;GO:0042766;GO:0007275;GO:0035064;GO:0046872;GO:0045944;GO:0016589
Q0K669	GO:0009073;GO:0005737;GO:0009423;GO:0000166;GO:0046872;GO:0003856
Q1AU26	GO:0003924;GO:0003746;GO:0005737;GO:0005525
Q83LR7	GO:0046677;GO:0015562;GO:0008559;GO:0016887;GO:0005524;GO:0005887;GO:1990961
Q16566	GO:0018105;GO:0045670;GO:0005634;GO:0005516;GO:0043011;GO:0007165;GO:0009931;GO:0005654;GO:0005737;GO:0006468;GO:0045893;GO:0033081;GO:0046777;GO:0005524;GO:0002250;GO:0007616;GO:0070062;GO:0006954;GO:0035556;GO:0001650;GO:0004683
Q8D035	GO:0030418;GO:0030410
O15160	GO:0045815;GO:0003899;GO:0006362;GO:0005666;GO:0006360;GO:0003677;GO:0005654;GO:0005736;GO:0032481;GO:0046983;GO:0005829;GO:0006361;GO:0006363;GO:0006383
B8DEC3	GO:0050118;GO:0009089;GO:0019877
A8ANB7	GO:0006097;GO:0008772;GO:0006099;GO:0004674;GO:0006006;GO:0005737;GO:0005524;GO:0004721
A6TRW7	GO:0004479
A7NEC0	GO:0003677;GO:0006351;GO:0032549;GO:0003899
A8GKQ7	GO:0009073;GO:0005737;GO:0009423;GO:0000166;GO:0046872;GO:0003856
P0CR26	GO:0000492;GO:0003678;GO:0016573;GO:0060303;GO:0006357;GO:0097255;GO:0006338;GO:0043138;GO:0043486;GO:0070209;GO:0006281;GO:0031011;GO:0035267;GO:0043139;GO:0005524;GO:0000812
Q07LH5	GO:0003676;GO:0004815;GO:0050560;GO:0005737;GO:0006422;GO:0005524
Q2IQ94	GO:0046933;GO:0005524;GO:0042777
Q3JGG7	GO:0046677;GO:0015562;GO:0008559;GO:0016887;GO:0005524;GO:0005887;GO:1990961
Q5QNA6	GO:0071933;GO:0003779;GO:0034237;GO:0005737;GO:0030036;GO:0005856;GO:2000601
B4TPI2	GO:0099619;GO:0046677;GO:0009103;GO:0099618;GO:0009245
P55017	GO:0070062;GO:0016324;GO:1990573;GO:0006811;GO:0055064;GO:0015081;GO:1902476;GO:0006814;GO:0035725;GO:0005886;GO:0016020;GO:0055075;GO:0008511;GO:0055078;GO:0005829;GO:0015379;GO:0015378;GO:0005887;GO:0006884
Q5DRE9	GO:0007155;GO:0005509;GO:0005887;GO:0007156
Q8RXS5	GO:0006952;GO:0005737;GO:0005886;GO:0005524;GO:0043531
P01211	GO:0042742;GO:0005576;GO:0007600;GO:0043679;GO:0007218;GO:0031628;GO:0002118;GO:0034466;GO:0001515;GO:0043025;GO:0005886;GO:0030425;GO:0019233;GO:0001662;GO:0007268;GO:0007626;GO:0001964
Q7MV10	GO:0005737;GO:0070043
A5I237	GO:0004139;GO:0005737;GO:0016052;GO:0009264;GO:0046386
B8NLL0	GO:0005737;GO:0070084;GO:0070006;GO:0046872
Q9ZGI5	GO:0006633;GO:0016747;GO:0033068;GO:0004315;GO:0031177
A4X1K4	GO:0042026;GO:0005737;GO:0051082;GO:0005524
A4QBG9	GO:0003924;GO:0003746;GO:0005737;GO:0005525
Q9NWB7	GO:0005813;GO:0042981;GO:0001843;GO:0007224;GO:0060972;GO:0005794;GO:0005929;GO:0032391;GO:0005930;GO:1905515;GO:0001947;GO:0044292;GO:0042073;GO:0036064;GO:0035735;GO:0050680;GO:0030992;GO:0006915;GO:0006919;GO:0097542;GO:0003677;GO:0044458
Q05586	GO:0048814;GO:0045211;GO:0048167;GO:0043576;GO:0007420;GO:0098978;GO:0005516;GO:0048013;GO:0000165;GO:0008542;GO:0055074;GO:0005737;GO:0035176;GO:0008021;GO:0005102;GO:0005783;GO:0019233;GO:0030672;GO:0097060;GO:1903539;GO:0060079;GO:0035249;GO:1904315;GO:0048169;GO:0045202;GO:0042165;GO:0060134;GO:0043065;GO:0022849;GO:0016594;GO:0043195;GO:0009986;GO:0035235;GO:0005886;GO:0030425;GO:0051290;GO:0098976;GO:0008355;GO:0021987;GO:0005887;GO:0008344;GO:0004972;GO:0017146;GO:0043197;GO:0005509;GO:0007616;GO:0010524;GO:0043083;GO:0043278;GO:2000310;GO:0001540;GO:0097553;GO:0043005;GO:0014069;GO:0060076;GO:0043524;GO:0006812;GO:0045944;GO:0045471;GO:1905429;GO:0001661;GO:0038023;GO:2000463;GO:2001056;GO:0016595;GO:0018964;GO:0021586;GO:0050770;GO:0099061;GO:0044877;GO:0051963;GO:1903428;GO:0042391;GO:0007268;GO:0060179;GO:0001967;GO:0015276;GO:0001975
B3CN17	GO:0046961;GO:0045261;GO:0005886;GO:0005524;GO:0046933
Q96JI7	GO:0005765;GO:0048489;GO:0031410;GO:0048675;GO:0005730;GO:0005737;GO:0005886;GO:0008088;GO:0030425;GO:0090389;GO:0007268;GO:0090659;GO:0005829;GO:0030424;GO:0045202
Q0BKC5	GO:0003677;GO:0006351;GO:0032549;GO:0003899
Q96N23	GO:0007283;GO:0060294;GO:0060271;GO:0005930;GO:0030154
Q211D8	GO:0003677;GO:0006351;GO:0032549;GO:0003899
P27040	GO:0030509;GO:0007507;GO:0035265;GO:0007165;GO:0005737;GO:0000122;GO:0006355;GO:0004674;GO:0006468;GO:0032147;GO:0030324;GO:0060021;GO:0009749;GO:0061298;GO:0060836;GO:0045669;GO:0004712;GO:0005886;GO:0001822;GO:0005524;GO:0017002;GO:0007498;GO:0030073;GO:0030501;GO:0001501;GO:0048179;GO:0060840;GO:0060841;GO:0009966;GO:0048617;GO:0048185;GO:0001946;GO:0007389;GO:0071363;GO:0034711;GO:0009952;GO:0031016;GO:0019838;GO:0032924;GO:0032927;GO:0042475;GO:0007368;GO:0048705;GO:0120163;GO:0043235;GO:0046872;GO:0032991;GO:0009791;GO:0001974;GO:0001702
Q57HL7	GO:0000287;GO:0004674;GO:0005524;GO:0005737
Q01477	GO:0006511;GO:0045053;GO:0034517;GO:0004843;GO:0005634;GO:0004197;GO:0003729;GO:0060628;GO:0016579;GO:0005737;GO:0047484;GO:1990861;GO:0005829
Q1R9S4	GO:0016887;GO:0005886;GO:0043211;GO:0005524
Q9KG59	GO:0009039;GO:0005737;GO:0016151;GO:0043419
P61289	GO:0038095;GO:0042802;GO:1902036;GO:0050852;GO:1901990;GO:0005634;GO:0000165;GO:0005654;GO:0005737;GO:0002223;GO:0090090;GO:0031146;GO:0090263;GO:0016032;GO:0008537;GO:2000045;GO:0010972;GO:0000502;GO:0031145;GO:0016020;GO:0038061;GO:0005829;GO:0043687;GO:0097371;GO:0043488;GO:0060071;GO:0007049;GO:0016579;GO:0061133;GO:0033209;GO:0010950;GO:0002479;GO:0006915;GO:0002039;GO:0061418;GO:0070498;GO:0055085;GO:2001237;GO:0043161;GO:0061136;GO:0000209;GO:0006521
Q88K39	GO:0042597;GO:0050417;GO:0006528;GO:0004067
B1YIZ1	GO:0006541;GO:0003922;GO:0005524;GO:0016462
Q8FAD6	GO:0005737;GO:0006526;GO:0004585;GO:0016597
A4QL09	GO:0006351;GO:0003899;GO:0003677;GO:0008270;GO:0009507
P18751	GO:0003677;GO:0046872;GO:0005634
Q15TS8	GO:0009014;GO:0009089;GO:0050897;GO:0008270;GO:0019877
A9MSM9	GO:0018169;GO:0006412;GO:0005524;GO:0046872;GO:0018410
B4P8I0	GO:0005634;GO:0051308;GO:0030849;GO:0046872;GO:0007141
Q9PIL7	GO:0006526;GO:0044205;GO:0005524;GO:0046872;GO:0004088
Q2QV81	GO:0042626;GO:0005524;GO:0016021
Q5X7B5	GO:0005737;GO:0008270;GO:0005524;GO:0004797;GO:0071897
P00352	GO:0018479;GO:0070062;GO:0006069;GO:0055114;GO:0120163;GO:0061624;GO:0001523;GO:0005737;GO:0004029;GO:0051287;GO:0001758;GO:0005497;GO:0005096;GO:0042572;GO:0006081;GO:0005829
O03174	GO:0042773;GO:0005743;GO:0070469;GO:0016021;GO:0008137
P09179	GO:0045735;GO:0005615
Q9U489	GO:0035198;GO:0040034;GO:0000932;GO:0005737;GO:0003723;GO:0004842;GO:1990124;GO:0007276;GO:0019538;GO:0003729;GO:0060282;GO:0009957;GO:0006402;GO:0090727;GO:0045944;GO:0045138;GO:0017148;GO:0008270;GO:0045604;GO:0110037;GO:0030371
Q29605	GO:0004497;GO:0016020;GO:0016705;GO:0005506;GO:0020037
Q668V1	GO:0006635;GO:0003857;GO:0004300;GO:0005737;GO:0051287;GO:0008692
B4TRM8	GO:0018169;GO:0006412;GO:0005524;GO:0046872;GO:0018410
A9HRV7	GO:0006457;GO:0051301;GO:0007049;GO:0005737;GO:0003755;GO:0015031
A7NNW3	GO:0000287;GO:0004775;GO:0005524;GO:0006099
B0UX16	GO:0006412;GO:0016740;GO:0003735;GO:0019843;GO:0015934
Q9C0B7	GO:0009306;GO:0016021
Q5M1W6	GO:0004817;GO:0005737;GO:0005524;GO:0008270;GO:0006423
A1YTU9	GO:0003723;GO:0016032;GO:0006417;GO:0030430
Q8F3W6	GO:0005829;GO:0004643;GO:0006189;GO:0003937
B4SNQ6	GO:0005384;GO:0005886;GO:0016021
Q8DII8	GO:0051539;GO:0044689;GO:0005506
O74555	GO:0071004;GO:0005634;GO:0045131;GO:0003729;GO:0045292;GO:0008270;GO:0000381;GO:0000243;GO:0005829
B4EU76	GO:0003999;GO:0006168;GO:0006166;GO:0005737;GO:0044209
Q8EBR0	GO:0006096;GO:0005576;GO:0009986;GO:0000015;GO:0032889;GO:0004634;GO:0000287
Q47XJ9	GO:0016645;GO:0004808;GO:0050660;GO:0005737;GO:0002097
A0A1L8GSA2	GO:0005634;GO:0003677;GO:0007275;GO:0005694;GO:0008270;GO:0080111;GO:0070579;GO:0006211;GO:0006325
Q11177	GO:0016491;GO:0016021
P49085	GO:0016117;GO:0016767;GO:0046905;GO:0004310;GO:0010287;GO:0051996
P51515	GO:0020002;GO:0019064;GO:0055036;GO:0019031;GO:0016021;GO:0019062
B5VMR4	GO:0030437
B7UVU3	GO:0008616;GO:0016740;GO:0005737;GO:0016853
Q6F813	GO:0046677;GO:0015562;GO:0008559;GO:0016887;GO:0005524;GO:0005887;GO:1990961
Q9I5V7	GO:0002949;GO:0000408;GO:0005737;GO:0005506;GO:0061711
B0CK00	GO:0051539;GO:0006400;GO:0035596;GO:0005737;GO:0046872
Q2IM41	GO:0018339;GO:0051539;GO:0006400;GO:0005737;GO:0046872;GO:0103039
P0CAE5	GO:0033644;GO:0016021
A5CZ03	GO:0042026;GO:0005737;GO:0051082;GO:0005524
A0R1T3	GO:0019380;GO:0008198;GO:0047070
Q8BJI4	GO:0006366;GO:0005634;GO:0001228;GO:0003677;GO:0007275;GO:0030154;GO:0045944
Q9GZX5	GO:0003700;GO:0000978;GO:0046872;GO:0006357;GO:0045892;GO:0016363;GO:0001227;GO:0000790;GO:0005634;GO:0017053;GO:0001162;GO:0003677;GO:0005654;GO:0000122;GO:0016604;GO:0006355
A3C4N5	GO:0004721;GO:0046872;GO:0005737
B6ITW5	GO:0051539;GO:0036070;GO:0046872;GO:0019685;GO:0005524;GO:0016730;GO:0016636
P15377	GO:0020002;GO:0005509;GO:0005576;GO:0090729;GO:0009405;GO:0044179;GO:0016021
Q5W6R4	GO:0003700;GO:0009651;GO:0009414;GO:0005634;GO:0009408;GO:0003677;GO:0005886;GO:0045893
P07110	GO:0042802;GO:0009297;GO:0015473;GO:0016021;GO:0009279
A4QJA5	GO:0006351;GO:0003899;GO:0003677;GO:0008270;GO:0009507
Q0B092	GO:0003677;GO:0043937;GO:0007049;GO:0051301
Q12EL4	GO:0008360;GO:0009252;GO:0007049;GO:0051301;GO:0071555;GO:0005737;GO:0008763;GO:0005524
P0C2J7	GO:0004190;GO:0015074;GO:0032197;GO:0008233;GO:0046872;GO:0005634;GO:0003964;GO:0003887;GO:0003677;GO:0004523;GO:0005737;GO:0006310;GO:0004540;GO:0000943;GO:0005524;GO:0003723
P07374	GO:0009039;GO:0016151;GO:0043419
Q9JM53	GO:1902065;GO:0005739;GO:0005634;GO:0071949;GO:0005737;GO:0070301;GO:0070059;GO:0071732;GO:0016651;GO:0033108;GO:0010942;GO:0043525;GO:0032981;GO:0005829;GO:0002931;GO:0051402;GO:1902510;GO:0048471;GO:0090650;GO:0009636;GO:0045041;GO:0005743;GO:0030182;GO:0006915;GO:0055114;GO:0006919;GO:0046983;GO:0071392;GO:0003677;GO:0005758;GO:1904045;GO:0016174
Q9Q6P4	GO:0039694;GO:0003725;GO:0039502;GO:0042025;GO:0039564;GO:0004483;GO:0005198;GO:0005576;GO:0039690;GO:0044220;GO:0004482;GO:0005524;GO:0016021;GO:0019028;GO:0003724;GO:0004252;GO:0003968;GO:0039654;GO:0039573;GO:0055036;GO:0046983;GO:0039563;GO:0044167;GO:0046872;GO:0039520;GO:0019062;GO:0039503
Q00IB7	GO:0005856;GO:0048514;GO:0001569
Q2JUN7	GO:0042026;GO:0005737;GO:0051082;GO:0005524
Q9P1Y6	GO:0006366;GO:0019904;GO:0006397;GO:0016020;GO:0070063;GO:0046872
P74296	GO:0009328;GO:0000049;GO:0005524;GO:0004826;GO:0000287;GO:0006432
Q0I160	GO:0006412;GO:0016740;GO:0003735;GO:0019843;GO:0015934
B6DDU1	GO:0022627;GO:0003735;GO:0006412
P0CO34	GO:0005634;GO:0032958;GO:0052746;GO:0005524;GO:0035299
Q1QZB1	GO:0000270;GO:0008933;GO:0016998;GO:0071555;GO:0016837;GO:0009279
A6QJD0	GO:0009039;GO:0005737;GO:0016151;GO:0043419
B5ZC32	GO:0003924;GO:0003746;GO:0005737;GO:0005525
Q5NVF7	GO:0008289;GO:0030131;GO:0005905;GO:0006886;GO:0006897
B5R272	GO:0099619;GO:0046677;GO:0009103;GO:0099618;GO:0009245
Q42694	GO:0042026;GO:0009507;GO:0005524
Q12062	GO:0016614;GO:0046572;GO:0045122;GO:0050660;GO:0042803;GO:0016836;GO:0005829
A6LEZ7	GO:0009073;GO:0005737;GO:0009423;GO:0000166;GO:0046872;GO:0003856
Q7VIE3	GO:0006457;GO:0051082;GO:0005524
Q7TPK1	GO:0006511;GO:0042802;GO:0042393;GO:0005634;GO:0000122;GO:0016574;GO:0031410;GO:0004842;GO:0000791;GO:0051865;GO:0016567;GO:0031493;GO:0016363;GO:0032270;GO:0061630;GO:0006281;GO:0005886;GO:0050678;GO:0008327;GO:0007049;GO:0000790;GO:0010216;GO:0000987;GO:0010390;GO:0035064;GO:0043434;GO:0000792;GO:0005657;GO:0008270;GO:0044729;GO:0005720
A5I666	GO:0003924;GO:0005737;GO:0005525;GO:0000287;GO:0042254
Q75EN9	GO:0006914;GO:0016192;GO:0035658;GO:0032585;GO:0005774;GO:0043231;GO:0015031
Q8Z3B8	GO:0008806
Q3KQF0	GO:0051539;GO:0005524;GO:0046872;GO:0051536;GO:0005829;GO:0016226
Q8WZA0	GO:0010212;GO:0008013
C1C4M3	GO:0010833;GO:0016233;GO:0005634;GO:1990879;GO:0000723;GO:0043047;GO:0000784
P43794	GO:0019740;GO:0006542;GO:0005737;GO:0016020;GO:0005524;GO:0046872;GO:0004356
Q6UWZ7	GO:0008017;GO:0008608;GO:0005634;GO:0070536;GO:0072425;GO:0005654;GO:0006303;GO:0016579;GO:0016604;GO:0031593;GO:0070531;GO:0090307;GO:0045739;GO:0010212;GO:0006302;GO:0006325
Q4R4J2	GO:0030595;GO:0001845;GO:0005938;GO:0005856;GO:0030670;GO:0051015
P12841	GO:1990837;GO:0035976;GO:0005634;GO:0000981;GO:0009409;GO:0034614;GO:0032496;GO:0005654;GO:0005737;GO:0005783;GO:0006355;GO:0051412;GO:0007179;GO:0045893;GO:0032993;GO:0051591;GO:0000978;GO:0006357;GO:0071277;GO:0032870;GO:0016020;GO:0009612;GO:0005829;GO:0031668;GO:0003690;GO:0035994;GO:0070412;GO:0003682;GO:0008134;GO:0000976;GO:0007565;GO:0009416;GO:0032570;GO:0005667;GO:0060395;GO:0035914;GO:0000979;GO:0014070;GO:0034097;GO:0043565;GO:0043005;GO:0007568;GO:1901216;GO:0001102;GO:0009636;GO:0045944;GO:0001661;GO:0003700;GO:0006366;GO:0009629;GO:0007399;GO:1902895;GO:0035902;GO:0044877;GO:0001228;GO:0003677;GO:0030431;GO:0071276;GO:0042493;GO:0045672;GO:0010468
B2FSF3	GO:0005737;GO:0006096;GO:0004618;GO:0005524
Q6P4K6	GO:0019901;GO:0005737;GO:0008104
B4T6C6	GO:0005737;GO:0009088;GO:0005524;GO:0004413
R9WS04	GO:0016702;GO:0031408;GO:0009507;GO:0046872
Q3ZJ12	GO:0004252;GO:0009570;GO:0004176
Q28VY3	GO:0006457;GO:0051082;GO:0005524
Q2JXD4	GO:0042026;GO:0005737;GO:0051082;GO:0005524
P03668	GO:0009306;GO:0033644;GO:0016021
P31630	GO:0005198;GO:0039617;GO:0005525;GO:0046740;GO:0003677;GO:0044219;GO:0003723
B2GE78	GO:0004056;GO:0005737;GO:0042450
A5EJY2	GO:0006807;GO:0005737;GO:0016151
P57399	GO:0019430;GO:0005737;GO:0004791
P84091	GO:0035615;GO:0044325;GO:0098978;GO:0005739;GO:1900244;GO:0006900;GO:0050750;GO:0002092;GO:0030141;GO:0005048;GO:0031410;GO:0031623;GO:0072583;GO:0016192;GO:0065003;GO:0098884;GO:0097494;GO:0005886;GO:0043231;GO:1903077;GO:0008289;GO:0097718;GO:0005905;GO:0098793;GO:0048488;GO:0030122;GO:0006886;GO:0098794;GO:0006897
A9H4F6	GO:0009399
Q9QXS1	GO:0047485;GO:0005737;GO:0005198;GO:0008092;GO:0005903;GO:0045104;GO:0042060;GO:0005925;GO:0003779;GO:0009925;GO:0030056;GO:0016020;GO:0016528;GO:0031581;GO:0005829;GO:0045111;GO:0043292;GO:0005200;GO:0042383;GO:0048471;GO:0016324;GO:0007584;GO:0030506;GO:0008307
B1L6R9	GO:0017108;GO:0006260;GO:0043137;GO:0003677;GO:0006281;GO:0000287;GO:0048256;GO:0008409
Q9UKT8	GO:0006508;GO:0043687;GO:0006464;GO:0000209;GO:0005829;GO:0004842
B9KFY4	GO:0006082;GO:0008776;GO:0005737;GO:0005524;GO:0000287;GO:0006085
Q2V2M9	GO:0045214;GO:0030866;GO:0005865;GO:0005737;GO:0005856;GO:0030837;GO:0030018;GO:0051015;GO:0051639;GO:0055003
C5DGS4	GO:0005634;GO:0005737;GO:0005816
A4WGZ8	GO:0030170;GO:0019264;GO:0005737;GO:0004372;GO:0035999
Q8K3C3	GO:0010212;GO:0008013
Q2HNT2	GO:0005634;GO:0003677;GO:0007275;GO:0046872;GO:0010468
B2T5G8	GO:0006541;GO:0003922;GO:0005524;GO:0016462
Q49Y56	GO:0006419;GO:0005737;GO:0004813;GO:0005524;GO:0008270;GO:0000049
Q8CI71	GO:0055037;GO:0015031;GO:0016020;GO:1990745;GO:0005829;GO:0000149;GO:0048471;GO:0032456
Q4P0Y5	GO:0005634;GO:0005730;GO:0003724;GO:0006364;GO:0005524;GO:0003723;GO:0042254
P34710	GO:0005604;GO:0008045;GO:0038007;GO:0031115;GO:0008078;GO:0005737;GO:0005102;GO:0033563;GO:0030424;GO:0005576;GO:0016358;GO:1905489;GO:1905815;GO:0009888;GO:0097374;GO:0030334;GO:0009887;GO:1905812;GO:0007411;GO:0030950;GO:0007419;GO:0045138;GO:1905488;GO:0035262;GO:0040017;GO:0051965;GO:0031175;GO:0097376
Q9HCE1	GO:0000932;GO:0005634;GO:0036464;GO:0032574;GO:0035279;GO:0003723;GO:0061158;GO:0010494;GO:0043186;GO:0045652;GO:0010629;GO:0016032;GO:0007223;GO:0010526;GO:0005524;GO:0005829;GO:0010628;GO:0035194;GO:0051607;GO:0035195;GO:0150011;GO:0061014;GO:0005615
Q9NEL2	GO:0042393;GO:0016887;GO:0016458;GO:0006338;GO:0009996;GO:0003677;GO:0043044;GO:0043486;GO:0004386;GO:0007275;GO:0005524;GO:0000812
Q9UPQ4	GO:0016567;GO:0006915;GO:0005634;GO:0043065;GO:0061630;GO:0005737;GO:1902187;GO:0008270;GO:0045087;GO:0045930
B0BMJ2	
A9NB65	GO:0005737;GO:0009229;GO:0009228;GO:0016783
Q1MAB5	GO:0016887;GO:0005886;GO:0005524;GO:0016021;GO:0015441
P96285	GO:0008610;GO:0071770;GO:0016491;GO:0071766;GO:0006633;GO:0005886;GO:0016746;GO:0031177
A3FMB2	GO:0039694;GO:0004197;GO:0005198;GO:0003723;GO:0046718;GO:0072494;GO:0018144;GO:0044162;GO:0044193;GO:0039707;GO:0005524;GO:0016021;GO:0039545;GO:0005216;GO:0003724;GO:0039618;GO:0003968;GO:0044385;GO:0006351;GO:0051259;GO:0019062
Q4L2X9	GO:0016755
P22958	GO:0003723;GO:0039694;GO:0000166;GO:0003968
Q5UXM8	GO:0006935;GO:0007165;GO:0004888;GO:0005886;GO:0016021
P78424	GO:0003700;GO:0006366;GO:0000790;GO:0000981;GO:0005634;GO:0007417;GO:0001228;GO:0003677;GO:0007601;GO:0007402;GO:0006355;GO:0030154;GO:0045944
A9ILH7	GO:0006457;GO:0051082;GO:0005524
Q88P65	GO:0019464;GO:0004375
B1ILY5	GO:0003924;GO:0005737;GO:0005525;GO:0000287;GO:0042254
B3RVZ1	GO:0051539;GO:0051537;GO:0005758;GO:0005737;GO:0046872;GO:0016226;GO:0009055
Q9ZCQ3	GO:0003924;GO:0043093;GO:0005737;GO:0051258;GO:0000917;GO:0005525;GO:0032153
Q7YRA3	GO:0035925;GO:0071044;GO:0000176;GO:0000178;GO:0045111;GO:0005730;GO:0004527;GO:0030307;GO:0034475;GO:0071051;GO:0000177;GO:0051607;GO:0071028;GO:0016075;GO:0035327;GO:0045006;GO:0005829;GO:0034427;GO:0000460
Q54D44	GO:0006633;GO:0004315;GO:0016491
Q9PL40	
Q0UMB9	GO:0005634;GO:0005730;GO:0003724;GO:0006364;GO:0005524;GO:0003723
Q09920	GO:0033215;GO:0010106;GO:0005507;GO:0033573;GO:0016491;GO:0005783;GO:0034755;GO:0004322
A0A1B4XBH9	GO:0005634;GO:0000981;GO:0003677;GO:0017000;GO:0008270
A2BKX6	GO:0046961;GO:0042777;GO:0033178;GO:0005524;GO:0046933
A7I6W6	GO:0042744;GO:0004096;GO:0046872;GO:0006979;GO:0020037
Q14676	GO:0042802;GO:0070975;GO:0005925;GO:0031573;GO:0005634;GO:0005654;GO:0006303;GO:0016604;GO:0008022;GO:0005694
O13834	GO:0006511;GO:0016567;GO:0045732;GO:0005634;GO:0061630;GO:0005737;GO:0043161;GO:0006364;GO:0000209;GO:0070647;GO:0051028
Q8CW29	GO:0008152;GO:0071555;GO:0016798;GO:0009279
Q8TC59	GO:0007283;GO:0005634;GO:1990923;GO:0071442;GO:0005737;GO:0048511;GO:0034584;GO:0010529;GO:0004521;GO:0043186;GO:2000617;GO:0003729;GO:0048477;GO:0071546;GO:0042754;GO:0045727;GO:0031047;GO:0097433;GO:1990511;GO:0034587;GO:0007275;GO:0000966;GO:0010370;GO:0030718;GO:0033391;GO:0060903;GO:1905538;GO:0043046;GO:0046872;GO:0051321
Q5V138	GO:0000162;GO:0004425
E3QWD3	GO:0005576;GO:0004222;GO:0046872
Q9VPF0	GO:0040011;GO:0031012;GO:0005737;GO:0060271;GO:0050896;GO:0007423
Q3V1L6	GO:0004438;GO:0005737;GO:0046856
Q6A000	GO:0005813;GO:0007099;GO:0071539;GO:0034451;GO:0005829
Q8RX22	GO:0046872
Q84BU4	GO:0006457;GO:0051082;GO:0005524
Q55DA0	GO:0031288;GO:0016887;GO:0048870;GO:0031152;GO:0042626;GO:0005524;GO:0016021
A9BHK9	GO:0051539;GO:0050418;GO:0005737;GO:0046872
Q18678	GO:0004828;GO:0097056;GO:0006434;GO:0000049;GO:0005524;GO:0006412;GO:0005829
A0A0U4CDK4	GO:0009899;GO:0000287;GO:0009686;GO:0009507
Q4FU67	GO:0000287;GO:0004170;GO:0006226;GO:0046081
A0RW30	GO:0003924;GO:0003746;GO:0005737;GO:0005525
Q89X98	GO:0051539;GO:0003861;GO:0009098;GO:0046872
A6LSY5	GO:0004418;GO:0018160;GO:0006782
Q9HXH8	GO:0008616;GO:0005737;GO:0051075;GO:0002099
Q5LUD3	GO:0005524;GO:0005737;GO:0006433;GO:0004827
Q0HJ36	GO:0009014;GO:0009089;GO:0050897;GO:0008270;GO:0019877
Q93008	GO:0030509;GO:0051301;GO:0005634;GO:0070410;GO:0004197;GO:0005737;GO:0000122;GO:0007059;GO:0048511;GO:1990380;GO:0007179;GO:0071947;GO:0016567;GO:0001764;GO:0004843;GO:0048675;GO:0006625;GO:0016020;GO:0050821;GO:0007292;GO:0005829;GO:0007049;GO:0016579;GO:0101005;GO:0042752;GO:1901537;GO:0008234;GO:0030426;GO:0044267;GO:0016477
B3LTD9	GO:0030437
Q98803	GO:0039694;GO:0003725;GO:0039502;GO:0042025;GO:0019031;GO:0039564;GO:0004483;GO:0075512;GO:0005198;GO:0005525;GO:0005576;GO:0044220;GO:0004482;GO:0005524;GO:0016021;GO:0019028;GO:0003724;GO:0003968;GO:0039654;GO:0055036;GO:0046983;GO:0044167;GO:0046872;GO:0039520;GO:0019062;GO:0004252
P21325	GO:0003723;GO:0004523;GO:0003964
A9KGN4	GO:0005737;GO:0009229;GO:0009228;GO:0016783
B0K019	GO:0000774;GO:0005739;GO:0005634;GO:0043066;GO:0005737;GO:0043525;GO:0016020;GO:0050821;GO:0051085;GO:0051087;GO:0005829;GO:0001933;GO:0070585;GO:0031072;GO:0010608;GO:0051219;GO:0014070;GO:1901423;GO:0031625;GO:0043524;GO:0048471;GO:0045944;GO:0010226;GO:0030182;GO:0006915;GO:1905232;GO:0042493;GO:0014040;GO:0110091;GO:2000672;GO:0035094
Q64702	GO:0042802;GO:0005813;GO:0007099;GO:0032154;GO:0000278;GO:0005634;GO:0098535;GO:0000922;GO:0005730;GO:0032465;GO:0005737;GO:0005524;GO:0005814;GO:0046601;GO:0005829;GO:0004674;GO:0006468;GO:0060707;GO:0001741;GO:0098536
Q9ZCX3	GO:0008360;GO:0009252;GO:0007049;GO:0051301;GO:0019277;GO:0008760;GO:0005737;GO:0071555
P31514	GO:0005576
Q5P0E7	GO:0009380;GO:0016887;GO:0009432;GO:0003677;GO:0006289;GO:0005737;GO:0009381;GO:0005524
A5IV71	GO:0009039;GO:0005737;GO:0016151;GO:0043419
Q6P6R2	GO:0004148;GO:0005739;GO:0005634;GO:0006086;GO:0005654;GO:0005929;GO:0031514;GO:0106077;GO:0045454;GO:0006508;GO:0034604;GO:0006103;GO:0045252;GO:0051287;GO:0005759;GO:0009106;GO:0043544;GO:0007369;GO:0007568;GO:0048240;GO:0045254;GO:0043159;GO:0006120;GO:0051068;GO:0055114;GO:0050660;GO:0042391
Q1XDK1	GO:0003924;GO:0003746;GO:0009507;GO:0005525
P79739	GO:0007507;GO:0042573;GO:0048854;GO:0008401;GO:0090242;GO:0016125;GO:0001944;GO:0034653;GO:0021661;GO:0004497;GO:0055014;GO:0021797;GO:0071299;GO:0005789;GO:0030917;GO:0042574;GO:0001568;GO:0031016;GO:0001756;GO:0020037;GO:0055114;GO:0016491;GO:0005506;GO:0034672;GO:0003131;GO:0030902;GO:0003151
D4AZ23	GO:0009405;GO:0005576;GO:0004177;GO:0046872
A4JF88	GO:0009014;GO:0009089;GO:0050897;GO:0008270;GO:0019877
C5DK07	GO:0031965;GO:0000777;GO:0005816;GO:0005737
O70431	GO:0005769;GO:1904504;GO:0006940;GO:1901098;GO:0007189;GO:0097746;GO:0005886;GO:0005794;GO:0004941;GO:0016021
Q8NYY7	GO:0070038;GO:0005737
A4WV81	GO:0045490;GO:0008697;GO:0008270
A6SM77	GO:0001732;GO:0071540;GO:0003743;GO:0016282;GO:0033290
Q91X34	GO:0019530;GO:0047963;GO:0001889;GO:0002152;GO:0052817;GO:0047617;GO:0006637;GO:0016410;GO:0052689;GO:0016290;GO:0005829;GO:0006631;GO:0052815;GO:0006699;GO:0102991;GO:0033882;GO:0005777;GO:0052816;GO:0031100;GO:0008206;GO:0006544
Q0CTS9	GO:0005576;GO:0008233;GO:0046872
Q8BKT3	GO:0000978;GO:0001227;GO:0005634;GO:0005730;GO:0000245;GO:0005654;GO:0000122;GO:0071008;GO:0005829
P23219	GO:0070062;GO:0006805;GO:0001516;GO:0004601;GO:0005789;GO:0008217;GO:0006954;GO:0004666;GO:0001750;GO:0005737;GO:0005794;GO:0043231;GO:0046872;GO:0006979;GO:0042127;GO:0051213;GO:0019371;GO:0020037
Q20EW7	GO:0051539;GO:0016168;GO:0018298;GO:0015979;GO:0016021;GO:0009535;GO:0009522;GO:0000287;GO:0009055
Q9AK82	GO:0019985;GO:0003887;GO:0009432;GO:0005737;GO:0042276;GO:0000287;GO:0003684;GO:0006261
C4K0Q1	
A4VHG9	GO:0005737;GO:0002949;GO:0005506;GO:0061711
B7GGW0	GO:0030145;GO:0005737;GO:0019569;GO:0008733
Q1IXB4	GO:0003924;GO:0070181;GO:0005737;GO:0005886;GO:0042274;GO:0005525
Q69KL9	GO:0005634;GO:0045292;GO:0016607;GO:0008270;GO:0003723;GO:0000381
Q4A5W6	GO:0004139;GO:0005737;GO:0016052;GO:0009264;GO:0046386
A0Q4L3	GO:0003883;GO:0005524;GO:0046872;GO:0006541;GO:0044210
O14114	GO:0003682;GO:0006357;GO:0042393;GO:0000790;GO:0005634;GO:0016887;GO:0006338;GO:0031936;GO:0005524;GO:0016584;GO:0045944
A2BR44	GO:0006094;GO:0006096;GO:0005737;GO:0004347
B3E467	GO:0008676;GO:0005737;GO:0019294
Q9UPW5	GO:0021702;GO:0007005;GO:0005739;GO:0005634;GO:0005730;GO:0004181;GO:0035610;GO:0021772;GO:0050905;GO:0005737;GO:0043231;GO:0035608;GO:0008270;GO:0015631;GO:0001754;GO:0005829;GO:0035609
A9CJC9	GO:0018298;GO:0071949;GO:0003677;GO:0000719;GO:0003904
C7Z274	GO:0046872;GO:0005774;GO:0008237;GO:0016021
Q6IG00	GO:0030855;GO:0045111;GO:0009986;GO:0007010;GO:0050680;GO:0045095
A9VJL2	GO:0016887;GO:0004519;GO:0045910;GO:0005524;GO:0006298;GO:0030983
C0LGW6	GO:0033612;GO:0048481;GO:0010103;GO:0005886;GO:0016020;GO:0005102;GO:0005524;GO:0016021;GO:0004674;GO:0009553
Q31KP9	GO:0005525;GO:0042254
Q9C5W3	GO:0005516;GO:0006741;GO:0019674;GO:0005524;GO:0009507;GO:0003951
O32591	GO:0005576;GO:0009405;GO:0009986;GO:0042597;GO:0016021;GO:0004252;GO:0009279
A5WGB5	GO:0016879;GO:0008616;GO:0008270;GO:0005524
P42681	GO:0050852;GO:0042246;GO:0005634;GO:0032729;GO:0045944;GO:0038083;GO:0004715;GO:0001816;GO:0005737;GO:0005886;GO:0007229;GO:0010543;GO:0005524;GO:0007202;GO:0046777;GO:0006468;GO:0060335;GO:0002250;GO:0010468
Q8NZD1	GO:0004817;GO:0005737;GO:0005524;GO:0008270;GO:0006423
Q949T8	GO:0046872;GO:0007275;GO:0000785;GO:0006355;GO:0005634;GO:0046975
P38550	GO:0006351;GO:0003899;GO:0003677;GO:0008270;GO:0009507
Q09466	GO:0016887;GO:0005886;GO:0005524;GO:0016021
Q89WE5	GO:0004834;GO:0005737;GO:0000162
Q7N6I1	GO:0000105;GO:0030170;GO:0004399;GO:0008270;GO:0004400;GO:0051287
A2SR70	GO:0002949;GO:0004222;GO:0000408;GO:0004712;GO:0005737;GO:0005506;GO:0005524;GO:0008270;GO:0004674;GO:0061711
Q24145	GO:0042127;GO:0046843;GO:0007391;GO:0004715;GO:0038083;GO:0007254;GO:0007394;GO:0005938;GO:0045199;GO:0005737;GO:0005102;GO:0005524;GO:0031234;GO:0007169;GO:0030154;GO:0043277;GO:0045087;GO:0007306
P0CK09	GO:0008236;GO:0046740;GO:0044219;GO:0004197
P49045	GO:0006624;GO:0005773;GO:0004197;GO:0051603
E7FBY6	GO:0016055;GO:0004930;GO:0001944;GO:0007417;GO:0016021;GO:0022009;GO:0005886;GO:0002040;GO:1990909;GO:0007166;GO:0090263;GO:1990791
Q0HUU6	GO:0009014;GO:0009089;GO:0050897;GO:0008270;GO:0019877
Q3V3G7	GO:0061817;GO:0005546;GO:2001256;GO:0035091;GO:0044232;GO:0016021;GO:0031227;GO:0031234
P08200	GO:0006097;GO:0004450;GO:0006099;GO:0005737;GO:0051287;GO:0022900;GO:0006979;GO:0000287;GO:0005829
P47708	GO:0043197;GO:0005509;GO:0045211;GO:0008430;GO:0005546;GO:0030141;GO:0008021;GO:0030672;GO:0070679;GO:2000310;GO:0098981;GO:0043005;GO:0019898;GO:0042301;GO:0005544;GO:0045202;GO:0017137;GO:0097061;GO:0098850;GO:0044877;GO:0061669;GO:0006886;GO:0008270;GO:0031594;GO:0032991;GO:0005829
Q9MUS5	GO:0006351;GO:0003899;GO:0032549;GO:0003677;GO:0009507
A9VP70	GO:0003677;GO:0006351;GO:0008270;GO:0003899;GO:0000287
Q0V8F0	GO:0005739;GO:0005634;GO:0005654;GO:0035259;GO:0046982;GO:0000978;GO:0043065;GO:0061469;GO:0005829;GO:0004879;GO:0005667;GO:0045444;GO:0031965;GO:0035914;GO:0043565;GO:0043154;GO:0000977;GO:0071376;GO:0045944;GO:0006915;GO:0045786;GO:0001228;GO:0008270
A8YVZ6	GO:0006520;GO:0044205;GO:0016597;GO:0004070;GO:0006207
Q5MFW3	GO:0042802;GO:0003924;GO:0005739;GO:0042803;GO:0005525
Q46J70	GO:0042026;GO:0005737;GO:0051082;GO:0005524
O81010	GO:0008194
Q6DLW5	GO:0002003;GO:0016020;GO:0004190;GO:0005615
P0C128	GO:0005634;GO:0009734;GO:0006355
P31146	GO:0030595;GO:0098978;GO:0032796;GO:0001845;GO:0005737;GO:0030027;GO:0032956;GO:0042803;GO:0043548;GO:0003723;GO:0005911;GO:0030424;GO:0008092;GO:0051279;GO:0031339;GO:0043029;GO:0008360;GO:0003779;GO:0061502;GO:0001891;GO:0001772;GO:0005886;GO:0008022;GO:0016020;GO:0030036;GO:0005829;GO:0030864;GO:0031589;GO:0007015;GO:0070062;GO:0006909;GO:0048873;GO:0006816;GO:0038180;GO:0030335;GO:0043524;GO:0005769;GO:0045335;GO:0032036;GO:0003785;GO:0043320;GO:0050918;GO:0051126;GO:0071353;GO:0005884;GO:0016477;GO:0042102;GO:0030670;GO:0051015;GO:0032991;GO:0045087
Q6YRJ6	GO:0002161;GO:0005737;GO:0004832;GO:0005524;GO:0006438
Q5REI6	GO:0003677;GO:0046872;GO:0005634;GO:0006355
A9GIS9	GO:0034605;GO:0004176;GO:0043565;GO:0005737;GO:0005524;GO:0006515;GO:0004252
P18011	GO:0020002;GO:0005576;GO:0042025;GO:0009405;GO:0016021
A6X0B0	GO:0006351;GO:0003899;GO:0003677;GO:0008270;GO:0000287
P24507	GO:0046872;GO:0017156;GO:0030672;GO:0016021
Q5SW75	GO:0005925;GO:0003779;GO:0008138;GO:0004725;GO:0030335;GO:0005856;GO:0005737;GO:0030036;GO:0030837;GO:0004721;GO:0006470
P06441	GO:0039694;GO:0004197;GO:0005198;GO:0003723;GO:0046718;GO:0072494;GO:0018144;GO:0044162;GO:0044193;GO:0039707;GO:0005524;GO:0016021;GO:0039545;GO:0005216;GO:0003724;GO:0039618;GO:0003968;GO:0044385;GO:0006351;GO:0051259;GO:0019062
P42804	GO:0006783;GO:0015995;GO:0031969;GO:0050661;GO:0006782;GO:0009507;GO:0008883
Q5AML2	GO:0002143;GO:0000049;GO:0032447;GO:0002098;GO:0002144;GO:0005829;GO:0016779;GO:0034227
O13508	GO:0003700;GO:0006357;GO:0005634;GO:0042128;GO:0043565;GO:0008270
A5I7R3	GO:0006457;GO:0003755;GO:0005886
P03754	GO:0016887;GO:0005524
B5Z6D1	GO:0042026;GO:0005737;GO:0051082;GO:0005524
Q6B8V2	GO:0006457;GO:0051082;GO:0009507;GO:0005524
Q7Z3E5	GO:0070062;GO:0045880;GO:0097542;GO:0005737;GO:0060271;GO:0005814;GO:0036064
Q72RT5	GO:0006189;GO:0004643;GO:0003937
Q2RZ08	GO:0005886;GO:0015439;GO:0005524
Q8ZMB5	GO:0042597;GO:0004222;GO:0046872
Q9HR74	GO:0051539;GO:0016491;GO:0043546;GO:0005886;GO:0046872
P0DB70	GO:0006457;GO:0051082;GO:0005524
A8IHK8	GO:0042744;GO:0004096;GO:0046872;GO:0006979;GO:0020037
Q8NA57	GO:0016973;GO:0003729
O08648	GO:0048263;GO:0019100;GO:0001890;GO:0004672;GO:0060718;GO:0032212;GO:1900745;GO:0043507;GO:0004709;GO:0010225;GO:0035556;GO:0005737;GO:0005524;GO:0046872;GO:0051973;GO:0048471;GO:0000186;GO:1904355;GO:0010468
Q8N0Y2	GO:1990837;GO:0000978;GO:0006357;GO:0005634;GO:0000981;GO:0046872
Q5EZ72	GO:0055089;GO:0006684;GO:0045797;GO:0008156;GO:1904729;GO:2000755;GO:0006685;GO:0008081;GO:0008285;GO:2000304;GO:0004767;GO:0005794;GO:0008270;GO:0005902;GO:0005887;GO:0044241
A8GQH5	
E9PZQ0	GO:0005219;GO:0019899;GO:0071313;GO:0001666;GO:0030315;GO:0051209;GO:1990425;GO:0005524;GO:0005509;GO:0005262;GO:0005245;GO:0002020;GO:0042383;GO:0005790;GO:0071318;GO:0043931;GO:0070296;GO:0032991;GO:0003151;GO:0006936;GO:0030314;GO:0048741;GO:0033017;GO:0005516;GO:0051480;GO:0005737;GO:0030018;GO:0031234;GO:0006937;GO:0071277;GO:0051289;GO:0014802;GO:0034704;GO:0005886;GO:0016020;GO:0031674;GO:0031301;GO:0006816;GO:0014808;GO:0030659;GO:0031000;GO:0048763;GO:0043588;GO:0005938;GO:0016529
Q7Z401	GO:0031410;GO:0005634;GO:0032483;GO:0003677;GO:0017112;GO:0006355;GO:0005829
Q1D6E0	GO:0000049;GO:0005737;GO:0005524;GO:0004826;GO:0000287;GO:0006432
Q5UY20	GO:0003924;GO:0048500;GO:0008312;GO:0005525;GO:0006614
Q1GPG1	GO:0006541;GO:0015420;GO:0009236;GO:0003824
Q5R5Y7	GO:0003677;GO:0046872;GO:0005634;GO:0006355
B1ZRZ1	GO:0030145;GO:0005737;GO:0019569;GO:0008733
Q52309	GO:0042597;GO:0008877
O60896	GO:0086103;GO:0038041;GO:0033138;GO:1903078;GO:0097647;GO:0010739;GO:0001921;GO:0031623;GO:1990410;GO:1904645;GO:0001525;GO:0010942;GO:0007189;GO:0009986;GO:0032870;GO:0005886;GO:1905665;GO:0005887;GO:0007186;GO:0010628;GO:0150058;GO:0015026;GO:0006816;GO:0005764;GO:0001540;GO:0001605;GO:1903143;GO:0072659;GO:0070374;GO:0071392;GO:0006886;GO:0043235;GO:0051897;GO:0015031
Q8D4F9	GO:0000160;GO:0003700;GO:0008134;GO:0003677;GO:0005524
Q9UP79	GO:0004222;GO:0008237;GO:0005178;GO:0008201;GO:0008285;GO:0031012;GO:0008270;GO:0062023;GO:0009673;GO:0030198
B1AY13	GO:0006511;GO:0004843;GO:0005634;GO:0004197;GO:0016579;GO:0005829
Q9UJ78	GO:0005634;GO:0000122;GO:0008270
A4YLC7	GO:0003991;GO:0005737;GO:0042450;GO:0005524
Q8EVF2	GO:0006420;GO:0005737;GO:0004814;GO:0005524
A7HMM1	GO:0030170;GO:0008710;GO:0009102;GO:0008890
Q94420	GO:0006511;GO:0042802;GO:0030163;GO:0005634;GO:0019901;GO:0000793;GO:0005737;GO:0030674;GO:0032888;GO:0030307;GO:0016020;GO:0031430;GO:0031674;GO:0005829;GO:0010507;GO:0030162;GO:0071233;GO:0031625;GO:0071688;GO:0032154;GO:1904263;GO:0005938;GO:0000132;GO:0043161;GO:0000209;GO:0097602;GO:0009792
A1SKI3	GO:0050661;GO:0004324;GO:0050660
A1T047	GO:0003676;GO:0006430;GO:0005737;GO:0004824;GO:0005524;GO:0000287
Q6CA86	GO:0004128;GO:0005789;GO:0005886;GO:0016021;GO:0005741
P51825	GO:0005634;GO:0032783;GO:0010468;GO:0008023
A8D7K2	GO:0016829;GO:0000166;GO:0046872
A3Q4N2	GO:0006308;GO:0009318;GO:0008855;GO:0003676;GO:0005737
A4QK95	GO:0006351;GO:0003899;GO:0003677;GO:0008270;GO:0009507
P33698	GO:0045226;GO:0009103;GO:0005886;GO:0005524;GO:0016021
A7HCH6	GO:0006351;GO:0003899;GO:0003677;GO:0008270;GO:0000287
Q1G9C7	GO:0000049;GO:0005737;GO:0005524;GO:0004826;GO:0000287;GO:0006432
A5ESP9	GO:0003991;GO:0005737;GO:0042450;GO:0005524
A6UH53	GO:0015293;GO:0006835;GO:0005886;GO:0016021
A8FSS8	GO:0006096;GO:0005576;GO:0009986;GO:0000015;GO:0004634;GO:0000287
P36858	GO:0006809;GO:0050464;GO:0030151;GO:0042128;GO:0043546;GO:0071949;GO:0020037
C6BV69	GO:0006281;GO:0006310
Q04182	GO:0071944;GO:0016887;GO:0042626;GO:0042493;GO:0005524;GO:0016021;GO:1990961
Q7YZN9	GO:0003924;GO:0003747;GO:0002184;GO:0006412;GO:0005525;GO:0005829;GO:0018444
O06659	GO:0036104;GO:0009276;GO:0009103;GO:0019107;GO:0005887
B7IM77	GO:0004834
Q7PC85	GO:0042626;GO:0005524;GO:0016021
B0SGD3	GO:0006419;GO:0000049;GO:0005737;GO:0004813;GO:0005524;GO:0008270
P50454	GO:0051082;GO:0005518;GO:0051604;GO:0006986;GO:0004867;GO:0045121;GO:0062023;GO:0005788;GO:0005793;GO:0003433;GO:0005615;GO:0003723;GO:0005783;GO:0030199;GO:0032964;GO:0010951
O54852	GO:0005242;GO:0005267;GO:0034765;GO:0071805;GO:0044877;GO:0042391;GO:0005249;GO:0007623;GO:0006813;GO:0005887
Q0SRL7	GO:0009002;GO:0008360;GO:0009252;GO:0046677;GO:0008955;GO:0016021;GO:0071555;GO:0005886;GO:0008658
Q8BIE6	GO:0050714;GO:0050709;GO:0090162;GO:0005912;GO:0005737;GO:0005856;GO:0005923;GO:0030674
B4RJV8	GO:0004834
A1VTV4	GO:0004823;GO:0006429;GO:0002161;GO:0005737;GO:0005524
A7NDV6	GO:0006420;GO:0005737;GO:0004814;GO:0005524
B2UY66	GO:0009229;GO:0009228;GO:0004417;GO:0005524;GO:0000287
A1QZM2	GO:0006275;GO:0006270;GO:0005737;GO:0005524;GO:0003688
Q01854	GO:0051539;GO:0055114;GO:0016021;GO:0005886;GO:0046872
Q96E22	GO:0043536;GO:0019408;GO:0051000;GO:0001525;GO:0005789;GO:0035268;GO:1904423;GO:0032383;GO:0045547;GO:0038084;GO:0006489;GO:0005783;GO:0016021;GO:0042632;GO:0030154;GO:0006486
Q06479	GO:0006511;GO:0016567;GO:0031146;GO:0019005
Q01412	GO:0042973;GO:0046658;GO:0006952;GO:0005615;GO:0005975
B1KPT6	GO:0006096;GO:0005576;GO:0009986;GO:0000015;GO:0004634;GO:0000287
Q7SIH1	GO:0002020;GO:0004866;GO:0004867;GO:0005615
Q97YJ8	GO:0051539;GO:0016829;GO:0009229;GO:0009228;GO:0046872
Q6P9Y7	GO:0000978;GO:0006357;GO:0005634;GO:0000981;GO:0046872
Q9ULM0	GO:0005856
Q4E123	GO:0006370;GO:0005634;GO:0097309;GO:0004483;GO:0080009
Q9JUU8	GO:0003723;GO:0005737;GO:0070039
B8XGR0	GO:0009405;GO:0004222;GO:0008270;GO:0005615
P10768	GO:0042802;GO:1901687;GO:0016788;GO:0046294;GO:0047374;GO:0070062;GO:0031410;GO:0052689;GO:0005788;GO:0005829;GO:0018738
Q1AVQ0	GO:0000105;GO:0009086;GO:0004477;GO:0004488;GO:0006164;GO:0035999
Q5YXQ1	GO:0050076
A6UDV8	GO:0055129;GO:0004350;GO:0005737;GO:0050661
Q7MNM5	GO:0051539;GO:0051745;GO:0019288;GO:0050992;GO:0046872;GO:0016114
Q7X7E9	GO:0032807;GO:0006260;GO:0003910;GO:0003677;GO:0006303;GO:0051103;GO:0006310;GO:0006297;GO:0005524;GO:0046872
Q7W417	GO:0009039;GO:0005737;GO:0016151;GO:0043419
A6VKR5	GO:0006433;GO:0002161;GO:0005737;GO:0005524;GO:0004827
P29215	GO:0006457;GO:0051082;GO:0009507;GO:0005524
A0QSK6	GO:0045226;GO:0008460;GO:0019305
P65954	GO:0008094;GO:0003684;GO:0005524;GO:0046872;GO:0000725
O96838	GO:0097352;GO:0005768;GO:0000285;GO:0008333;GO:0012506;GO:0035556;GO:0010008;GO:0008270;GO:0005524;GO:0016308;GO:0046854
B8ZLY9	GO:0006457;GO:0051082;GO:0005524
Q3MIN7	GO:0008321;GO:0043547;GO:0007264
Q219B6	GO:0050661;GO:0004324;GO:0050660
A1YGJ4	GO:0005634;GO:0043565;GO:0042552;GO:0046872
A7GML9	GO:0000287;GO:0050194;GO:0019700
Q9UT73	GO:0005634;GO:0035861;GO:2001173;GO:1903775;GO:0080008
Q9SKC4	GO:0006511;GO:0032436;GO:0046872;GO:0061630;GO:0005737;GO:0031624;GO:0000209;GO:0000151
Q93ZS1	
Q3IS17	GO:0006007;GO:0006096;GO:0005737;GO:0030145;GO:0046537
A2T7D7	GO:0000978;GO:0006357;GO:0005634;GO:0000981;GO:0042552;GO:0043565;GO:0046872
Q63789	GO:0010628;GO:0046935;GO:0046854;GO:0043491;GO:0002042;GO:0001934;GO:0043551;GO:0008286;GO:0005942;GO:0001784
A5VJ93	GO:0006457;GO:0051301;GO:0007049;GO:0005737;GO:0003755;GO:0015031
A4TKI4	GO:0004457;GO:0010181;GO:0005886;GO:0019516
B1VET0	GO:0003924;GO:0003746;GO:0005737;GO:0005525
O64308	GO:0039694;GO:0003968;GO:0000166;GO:0046872;GO:0003723
Q7BSW5	GO:0005576;GO:0009405;GO:0009986;GO:0042597;GO:0016021;GO:0004252;GO:0009279
B1J2Z7	GO:0006281;GO:0003911;GO:0006260
A8LPD4	GO:0003684;GO:0030983;GO:0005524;GO:0006298
C6E4R4	GO:0003677;GO:0006351;GO:0032549;GO:0003899
B2II34	GO:0042744;GO:0004096;GO:0046872;GO:0006979;GO:0020037
Q5WQY5	GO:0020002;GO:0042025;GO:0005198;GO:0030430;GO:0055036;GO:0039619;GO:0016021;GO:0003723;GO:0039654;GO:0019062;GO:0004252
Q2NI83	GO:0005737;GO:0006526;GO:0004585;GO:0016597
P21238	GO:0006457;GO:0022626;GO:0005777;GO:0005739;GO:0009793;GO:0009579;GO:0009570;GO:0005524;GO:0009658;GO:0042026;GO:0048046;GO:0009507;GO:0009941
Q0HFA9	GO:0051287;GO:0046872;GO:0004471;GO:0008948
Q5ALL3	GO:0102265;GO:0017150;GO:0005634;GO:0050660;GO:0005737;GO:0046872
P07228	GO:0038023;GO:0046872;GO:0005925;GO:0033627;GO:0032587;GO:0005178;GO:1990782;GO:0007160;GO:0071438;GO:0009986;GO:0008305;GO:0005886;GO:0007229;GO:0016477;GO:0001968;GO:0030027;GO:0042470;GO:0098639
Q9CLB8	GO:0000270;GO:0008933;GO:0016829;GO:0016998;GO:0071555;GO:0016798;GO:0009279
Q9QWG5	GO:0034597;GO:0016316;GO:0046850;GO:0046855;GO:0006874;GO:0008289;GO:0046856;GO:0034594;GO:0045671;GO:0034593;GO:0051896;GO:0005737;GO:0005794;GO:0046822
P0DJG1	GO:1902995;GO:0008289;GO:0008203;GO:0034364;GO:0006869;GO:0050766;GO:0010875;GO:0050821;GO:0042157
Q9HHB9	GO:0006457;GO:0051082;GO:0005524
P44418	GO:0006355;GO:0000986;GO:0032993;GO:0003700
P19212	GO:0000978;GO:0005634;GO:0000981;GO:0042128;GO:0000122;GO:0008270;GO:0045944
B7K3N8	GO:0006189;GO:0004643;GO:0003937
A4FPA5	GO:0042026;GO:0005737;GO:0051082;GO:0005524
Q9C516	GO:0003924;GO:2000280;GO:0005634;GO:0005834;GO:0009723;GO:0007188;GO:0001664;GO:0009617;GO:0031683;GO:0046872;GO:0005525
Q2SK84	GO:0000049;GO:0006424;GO:0005737;GO:0005524;GO:0008270;GO:0004818
P80747	GO:0038023;GO:0005925;GO:0033627;GO:0005178;GO:0007160;GO:0008305;GO:0016477;GO:0007229
Q8JZZ7	GO:0099055;GO:0030165;GO:0098978;GO:0007420;GO:0030246;GO:0004930;GO:0007189;GO:0050808;GO:0009617;GO:0043005;GO:0051965;GO:0007166;GO:0005887
Q0HL72	GO:0006096;GO:0005576;GO:0009986;GO:0000015;GO:0004634;GO:0000287
Q2NWR6	GO:0003677;GO:0006351;GO:0032549;GO:0003899
A8LLE8	GO:0005525;GO:0005524
B1JDX1	GO:0003677;GO:0006351;GO:0032549;GO:0003899
Q4K5F9	GO:0055129;GO:0004350;GO:0005737;GO:0050661
B2A6C2	GO:0004823;GO:0006429;GO:0002161;GO:0005737;GO:0005524
Q05695	GO:0042802;GO:0022409;GO:1990090;GO:0030165;GO:0033691;GO:0050804;GO:0045121;GO:0008046;GO:0007156;GO:0071560;GO:0030424;GO:0014823;GO:0043621;GO:0043195;GO:0044294;GO:0043025;GO:0009986;GO:0005886;GO:0016020;GO:0030425;GO:0034109;GO:0016021;GO:0010811;GO:0007166;GO:0007157;GO:0070372;GO:0042734;GO:0045773;GO:0071361;GO:0007160;GO:0033631;GO:0050808;GO:0098685;GO:0007411;GO:0009897;GO:0071549;GO:0050850;GO:0005768;GO:0019904;GO:0030182;GO:0005178;GO:0097066;GO:0044295;GO:0061564;GO:0016477;GO:0007159;GO:0071542;GO:0007413;GO:0031175;GO:0097069
Q10749	GO:0005576;GO:0008233;GO:0004222;GO:0090729;GO:0030195;GO:0008270
Q05793	GO:0060351;GO:0005604;GO:0007420;GO:0001958;GO:0005576;GO:0001525;GO:0031012;GO:0048738;GO:0005796;GO:0009888;GO:0008022;GO:0060548;GO:0062023;GO:1905907;GO:0005509;GO:0008104;GO:0048704;GO:0009887;GO:0002020;GO:0030198;GO:0006898;GO:0002062
Q5WWX7	GO:0009245;GO:0008915
Q1CVE5	GO:0042026;GO:0005737;GO:0051082;GO:0005524
A7ND08	GO:0003883;GO:0005524;GO:0046872;GO:0006541;GO:0044210
Q9P255	GO:0000978;GO:0005634;GO:0000981;GO:0006355;GO:0046872
P08686	GO:0020037;GO:0006704;GO:0005789;GO:0008395;GO:0016125;GO:0008202;GO:0005506;GO:0006694;GO:0004509;GO:0006705;GO:0005496
Q8KC74	GO:0002161;GO:0005737;GO:0004832;GO:0005524;GO:0006438
A1A195	GO:0015935;GO:0003735;GO:0019843;GO:0006412
Q2S0Q3	GO:0042026;GO:0005737;GO:0051082;GO:0005524
O57415	GO:0003700;GO:0000978;GO:0046872;GO:0000976;GO:0005634;GO:0001228;GO:0000122;GO:0006355;GO:0000977
Q9WTQ5	GO:1904469;GO:0005516;GO:0050804;GO:0007165;GO:0008179;GO:0010739;GO:0030159;GO:0032496;GO:0071356;GO:0005856;GO:0005737;GO:0051770;GO:0061870;GO:0051018;GO:0098685;GO:0043116;GO:0035733;GO:0071347;GO:0042535;GO:0070374;GO:0007193;GO:0010738;GO:0043025;GO:0005886;GO:0051602;GO:0005829;GO:0090036;GO:1900143
A2RA55	GO:0005730;GO:0003724;GO:0006364;GO:0005524;GO:0003723
A8FYV3	GO:0003887;GO:0005737;GO:0006281;GO:0000287;GO:0003684;GO:0006261
Q9PLV9	GO:0003852;GO:0009098
Q1L8F9	GO:0005765;GO:0061462;GO:0034198;GO:0140007;GO:0042149;GO:1904262
B0KD87	GO:0097367;GO:1901135
Q6IV72	GO:0006357;GO:0045892;GO:0001227;GO:0000790;GO:0000981;GO:0005634;GO:0005654;GO:0005737;GO:0000122;GO:0046872;GO:0000977
A1D9I5	GO:0005634;GO:0006281;GO:0008156;GO:0051321
P33610	GO:0051539;GO:0005658;GO:0006269;GO:0003677;GO:0046872
Q8DMD4	GO:0042026;GO:0005737;GO:0051082;GO:0005524
Q5F9G8	GO:0005737;GO:0006427;GO:0004821;GO:0005524
P61449	GO:0008964;GO:0015977;GO:0006107;GO:0006099;GO:0000287
Q3AYE3	GO:0006782;GO:0005737;GO:0004853
Q5ZIJ9	GO:0016567;GO:0005737;GO:0007219;GO:0008270;GO:0004842
B0B9F3	GO:0005737;GO:0030145;GO:0070006
G0SA60	GO:0005643;GO:1904263;GO:0000139;GO:0030127;GO:0090114;GO:0005198;GO:0051028;GO:0015031
Q21U51	GO:0005887
A8G7G2	GO:0006457;GO:0051082;GO:0016887;GO:0046983;GO:0008270;GO:0005524
B3EPD4	GO:0055129;GO:0004350;GO:0005737;GO:0050661
A5ABG4	GO:0005634;GO:0000981;GO:0003677;GO:0008270;GO:0019748
Q2NE45	GO:0031119;GO:0106029;GO:0000049
Q5A4G2	GO:0006351;GO:0005634;GO:0000981;GO:0035690;GO:0003677;GO:0008270;GO:0045944
P11569	GO:0051539;GO:0016829;GO:0019552;GO:0005737;GO:0046872
Q91AV1	GO:0019064;GO:0055036;GO:0019031;GO:0009405;GO:0075509;GO:0046813;GO:0016021;GO:0039654;GO:0044173
Q8D247	GO:0051539;GO:0016830;GO:0009229;GO:0009228;GO:0008270
B2UL96	GO:0006541;GO:0004359
D3ZCM9	GO:0007507;GO:0007368;GO:0005737;GO:0044458;GO:0070286
O83945	GO:0017150;GO:0000049;GO:0050660
Q21691	GO:0006404;GO:0016246;GO:0005634;GO:0005737;GO:0035197;GO:0031332;GO:0008355;GO:1900368
W3X7R6	GO:0042438;GO:0005524;GO:0017168
Q9QYP0	GO:0030509;GO:0005634;GO:0060972;GO:0035108;GO:0030326;GO:0005576;GO:0097155;GO:0097094;GO:0009888;GO:0060971;GO:0045879;GO:0060976;GO:0005509;GO:0048704;GO:0055113;GO:0009887;GO:0061371;GO:0071907;GO:0048842;GO:0007368;GO:0042074;GO:0003143;GO:0010468
Q92NL6	GO:0008360;GO:0009252;GO:0007049;GO:0051301;GO:0071555;GO:0005737;GO:0005524;GO:0008765;GO:0000287
B8GQ90	GO:0005737;GO:0008990
B6JPA7	GO:0042026;GO:0005737;GO:0051082;GO:0005524
Q9ZL21	GO:0009380;GO:0009432;GO:0003677;GO:0006289;GO:0005737;GO:0009381
Q64FN2	GO:0022627;GO:0003735;GO:0006412
O74208	GO:0008559;GO:0016887;GO:0005886;GO:0042493;GO:0005524;GO:0016021;GO:1990961
Q0CF68	GO:0006351;GO:0005634;GO:0000981;GO:0003677;GO:0008270
A1UAM8	GO:0010125;GO:0000287;GO:0102710;GO:0008375
Q74ZN9	GO:0005681;GO:0000386;GO:0008380;GO:0000398;GO:0046872;GO:0030628
Q96PC2	GO:0005634;GO:0032958;GO:0000832;GO:0052723;GO:0000831;GO:0000827;GO:0005737;GO:0006468;GO:0052724;GO:0005829;GO:0046488;GO:0016301;GO:0005524;GO:0000828;GO:0043647;GO:0046854
B2SJV3	GO:0005840;GO:0003735;GO:0006412
O14138	GO:0035243;GO:0005739
A1WCP8	GO:0004823;GO:0006429;GO:0002161;GO:0005737;GO:0005524
A1S4E2	GO:0005737;GO:0046872;GO:0000166;GO:0008253
B0TGS9	GO:0004479
P41685	GO:0005813;GO:0005739;GO:0005634;GO:0000981;GO:1990841;GO:0000733;GO:0006289;GO:0005737;GO:0005783;GO:2001244;GO:0006974;GO:0000978;GO:0005507;GO:0043065;GO:0043153;GO:0005524;GO:0016605;GO:0005759;GO:0007049;GO:0007569;GO:0005730;GO:0048512;GO:0045944;GO:0030308;GO:0097252;GO:0045892;GO:0051262;GO:0003677
B6HEJ5	GO:0006744;GO:0031314
Q68XM7	GO:0006351;GO:0003899;GO:0003677;GO:0008270;GO:0000287
Q1MIE9	GO:0003677;GO:0006351;GO:0032549;GO:0003899
Q8SSI8	GO:0005525;GO:0051301;GO:0007049
O13157	GO:0038023;GO:0007399;GO:0031225;GO:0016167;GO:0043235;GO:0009897
A1T8K5	GO:0005525;GO:0005524
A4SHL4	GO:0004851;GO:0043115;GO:0009236;GO:0032259;GO:0051266;GO:0051287;GO:0019354
Q09913	GO:0000256;GO:0005634;GO:0004037;GO:0005829;GO:0000050;GO:0006144
Q96ZH0	GO:0051539;GO:0016830;GO:0009229;GO:0009228;GO:0008270
Q12UP9	GO:0000049;GO:0006417;GO:0006412;GO:0003735;GO:0019843;GO:0015934
Q2IXI7	GO:0000287;GO:0042866;GO:0006107;GO:0008948
Q5R6S0	GO:1905344;GO:0047372;GO:0004620;GO:0006660;GO:0016021;GO:0052651
O43847	GO:0052548;GO:0004222;GO:0005739;GO:0120163;GO:0048408;GO:0009986;GO:0046872;GO:0005829;GO:0051044
Q91677	GO:0000976;GO:0005634;GO:0000981;GO:0048738;GO:0003677;GO:0008270;GO:0045893;GO:0045944
Q9ZUI0	GO:0004674;GO:0005886;GO:0005524;GO:0016021
Q4FR86	GO:0006189;GO:0004641;GO:0005524;GO:0005737
O46669	GO:0001518;GO:0034765;GO:0005248;GO:0019233;GO:0005244
A5VVT7	GO:0009014;GO:0009089;GO:0050897;GO:0008270;GO:0019877
Q93YW0	GO:0009507;GO:0010343;GO:0000304;GO:0042651
P37272	GO:0016117;GO:0009575;GO:0016767;GO:0004310;GO:0051996
Q1PBD1	GO:0005576;GO:0004222;GO:0090729;GO:0030574;GO:0046872
Q7TXK8	GO:0034081;GO:0008610;GO:0016491;GO:0071766;GO:0006633;GO:0004315;GO:0031177
P0CY36	GO:0032259;GO:0008168
Q6NUN9	GO:0003700;GO:0000978;GO:0046872;GO:0000976;GO:0006357;GO:0045892;GO:0001227;GO:0000790;GO:0005634;GO:0005737;GO:0000122;GO:1901216;GO:0031625;GO:0045944
P0CS82	GO:0006351;GO:0005634;GO:0000981;GO:0003677;GO:0008270
P53699	GO:0051301;GO:0007049;GO:0030435
Q88VM0	GO:0006457;GO:0051082;GO:0005524
O35134	GO:0003682;GO:0005634;GO:1904750;GO:0001054;GO:0003677;GO:0005654;GO:0005736;GO:0008270;GO:0009303
Q6HJF2	GO:0006428;GO:0004822;GO:0002161;GO:0000049;GO:0005737;GO:0005524;GO:0008270
B3R3C0	GO:0008712;GO:0050661;GO:0097171;GO:0005975
A9BCH5	GO:0006351;GO:0003899;GO:0003677;GO:0008270;GO:0000287
A4SMK2	GO:0006633;GO:0005737;GO:0043811;GO:0008654
Q08380	GO:0070062;GO:0005576;GO:0072562;GO:0002576;GO:0031089;GO:0006968;GO:0007165;GO:0007155;GO:0062023;GO:0016020;GO:0005615;GO:0005044
B8F3W8	GO:0051539;GO:0003861;GO:0009098;GO:0046872
Q48DP1	GO:0030170;GO:0005737;GO:0006782;GO:0042286;GO:0008483
D4B0F8	GO:0005576
P31629	GO:0003677;GO:0005654;GO:0046872
F7GSQ4	GO:0052906;GO:0005759;GO:0070901;GO:0009019;GO:0030488;GO:0005634;GO:0002939;GO:0008175;GO:0005737
B6I7K7	GO:0070205;GO:0009234
Q6BXI1	GO:0048208;GO:0006914;GO:0005789;GO:0000139;GO:0015031
Q6CCK2	GO:0003678;GO:0042162;GO:0071481;GO:0006303;GO:0006310;GO:0043564;GO:0005524;GO:0071480;GO:0000723;GO:0003684;GO:0000784
Q9DBS9	GO:0032934;GO:0015485;GO:0015248;GO:0008289;GO:0005789;GO:0031965;GO:0005886;GO:0016020;GO:0043231;GO:0097038;GO:0032433;GO:0005829
A0QBI3	GO:0004648;GO:0030170;GO:0005737;GO:0006564;GO:0008615
A7YWH3	GO:0051260
Q9PVE4	GO:0009755;GO:0000978;GO:0002154;GO:0042671;GO:0005634;GO:0043010;GO:0046549;GO:0048839;GO:0000122;GO:0070324;GO:0008270;GO:0006355;GO:0030154;GO:0045944;GO:0004879
Q47W03	GO:0008233;GO:0016887;GO:0009376;GO:0043335;GO:0005524
B6ERX5	GO:0019556;GO:0019557;GO:0005737;GO:0050480;GO:0008270;GO:0005506
B9KBV6	GO:0009073;GO:0005737;GO:0009423;GO:0003866
Q63921	GO:0001516;GO:0008217;GO:0045907;GO:0005737;GO:0007612;GO:0019233;GO:0051412;GO:0004601;GO:0004666;GO:0032811;GO:0006693;GO:0070542;GO:0097756;GO:0042127;GO:0043231;GO:0010700;GO:0035633;GO:0010243;GO:0005789;GO:0007613;GO:0006954;GO:0005635;GO:0007568;GO:0020037;GO:0045987;GO:0001750;GO:0046872;GO:0006979;GO:0051213;GO:0019371
Q6F0P3	GO:0015416;GO:0005886;GO:0016887;GO:0005524
A0A2H3CSA7	GO:0004497;GO:0016705;GO:0005506;GO:0016021;GO:0020037
Q0G9X2	GO:0006351;GO:0003899;GO:0003677;GO:0008270;GO:0009507
Q5ZJ43	GO:0008104;GO:0006893;GO:0000145;GO:0030426;GO:0006887;GO:0048471;GO:0015031
A7GT08	GO:0006457;GO:0051082;GO:0005524
P47177	GO:0005737;GO:0018580
G2WJ80	GO:0003677;GO:0006351;GO:0008270;GO:0005634;GO:0000981
Q9Z2H2	GO:0045666;GO:0019904;GO:0005634;GO:0009968;GO:0035556;GO:0005737;GO:0005886;GO:0005794;GO:0019898;GO:0032991;GO:0005829;GO:0043547;GO:0005096;GO:0007186
A3LX18	GO:0001732;GO:0071540;GO:0003743;GO:0016282;GO:0033290;GO:0071541;GO:0034399
A8ARJ1	GO:0004457;GO:0010181;GO:0005886;GO:0019516
Q6FCY1	GO:0030170;GO:0005737;GO:0006782;GO:0042286;GO:0008483
Q87A32	GO:0003677;GO:0006351;GO:0032549;GO:0003899
Q2T1B3	GO:0008534;GO:0006289;GO:0008270;GO:0140078;GO:0003684;GO:0006284
C5CKF4	GO:0006351;GO:0003899;GO:0003677;GO:0008270;GO:0000287
Q60420	GO:0005634;GO:0046982;GO:0045666;GO:0070888
A5WD44	GO:0005887
B1Y6E7	GO:0009014;GO:0009089;GO:0050897;GO:0008270;GO:0019877
Q0CZL5	GO:0032865;GO:0008289;GO:0000002;GO:0005789;GO:0006869;GO:0045040
A5F3F8	GO:0051539;GO:0002935;GO:0070040;GO:0000049;GO:0005737;GO:0046872;GO:0019843;GO:0070475
Q2RN77	GO:0003924;GO:0006400;GO:0005737;GO:0046872;GO:0005525
Q54QG5	GO:0016567;GO:0016740;GO:0008270
O31789	GO:0005886;GO:0016021
A0Q115	GO:0004479
Q63ZP1	GO:0071564;GO:0046872;GO:0007399
Q95KD7	
Q9GZ69	GO:0006937;GO:0042803
Q8NRY0	GO:0019288;GO:0016114;GO:0005524;GO:0050515
Q0P4W9	GO:0000978;GO:0006357;GO:0007399;GO:0005634;GO:0001228;GO:0046872;GO:0030154
Q4FQF6	GO:0008360;GO:0009252;GO:0007049;GO:0051301;GO:0019277;GO:0008760;GO:0005737;GO:0071555
C1A7K7	GO:0030170;GO:0005737;GO:0006782;GO:0042286;GO:0008483
A0A1L8F1M4	GO:0005737;GO:0005886;GO:0007275;GO:0030030;GO:0008270
B1JSZ4	GO:0019464;GO:0008483;GO:0004047
B7HH02	GO:0004834
Q9C6Y4	GO:0008360;GO:0040008;GO:0071555;GO:0005737;GO:0005886;GO:0007275;GO:0005856
Q0HZ28	GO:0019464;GO:0004375
B2VVF0	GO:0016887;GO:0045048;GO:0005783;GO:0046872;GO:0005524
O06069	GO:0051539;GO:0004160;GO:0009099;GO:0009097;GO:0046872
C8V212	GO:0005768;GO:0015031
B8CLM6	GO:0004834
Q9N1Q8	GO:0005829;GO:0005509
Q6DAN0	GO:0003677;GO:0006351;GO:0032549;GO:0003899
A8HTY8	GO:0003677;GO:0006351;GO:0032549;GO:0003899
D4AS12	GO:0009405;GO:0005576;GO:0004181;GO:0008270
Q9ULQ0	GO:0008360;GO:0005737;GO:0016477;GO:0007010;GO:0005829
Q6MG55	GO:0008474;GO:1905344;GO:0004620;GO:0047372;GO:0006660;GO:0016020;GO:0016021;GO:0052651
P0DOQ7	GO:0030430
Q91MF8	GO:0042025;GO:0005198;GO:0006260;GO:0016888;GO:0003677;GO:0005524;GO:0046872;GO:0004386;GO:0016779
A2AJK6	GO:0060173;GO:0007628;GO:0005634;GO:0040018;GO:1990841;GO:0060384;GO:0005654;GO:0001701;GO:0006364;GO:0021772;GO:0007512;GO:0000978;GO:0060021;GO:0060123;GO:0003226;GO:0048806;GO:0048771;GO:0043010;GO:0043584;GO:0050890;GO:0005524;GO:0035909;GO:0001501;GO:0050767;GO:0030540;GO:0005730;GO:0042048;GO:0003222;GO:0021553;GO:0042472;GO:0007605;GO:0060041;GO:0001568;GO:0021545;GO:0035116;GO:0035904;GO:0048752;GO:0036302;GO:0045944;GO:0008015;GO:0003678;GO:0010880;GO:0060411;GO:0048844;GO:0003007;GO:0060429;GO:0007417;GO:0006338;GO:0062009;GO:0009617;GO:0042471;GO:0060324;GO:0007626;GO:0001974;GO:0030217
P0C5D7	GO:0004721;GO:0046872;GO:0005737
A8EWT6	GO:0006457;GO:0051082;GO:0005524
B2IA68	GO:0003677;GO:0006351;GO:0032549;GO:0003899
P43870	GO:0009307;GO:0009036
B4RTX3	GO:0016879;GO:0008616;GO:0008270;GO:0005524
Q8BND5	GO:0006457;GO:0016242;GO:0030173;GO:0070062;GO:0016971;GO:0000139;GO:0045171;GO:0071949;GO:0003756;GO:0005794;GO:0085029;GO:0005783;GO:0005615;GO:0043231
Q5RDA4	GO:0005044;GO:0016020;GO:0005576;GO:0007155
Q0K815	GO:0042744;GO:0004096;GO:0046872;GO:0006979;GO:0020037
Q09YM8	GO:0005938;GO:0043197
C0ZAG9	GO:0006782;GO:0050661;GO:0008883
B0UWP6	GO:0005737;GO:0009088;GO:0005524;GO:0004413
C8ZDL9	GO:0006351;GO:0005634;GO:0000981;GO:0003677;GO:0008270
G0SB31	GO:0000160;GO:0003700;GO:0042802;GO:0005634;GO:0043565
Q8NHM5	GO:0007283;GO:0005634;GO:0021555;GO:0005654;GO:0000122;GO:0045322;GO:0032452;GO:2000178;GO:0021993;GO:0000978;GO:0048596;GO:0030307;GO:0021678;GO:0005694;GO:0019843;GO:0051864;GO:0005730;GO:0035518;GO:1902459;GO:0021592;GO:0030901;GO:0030900;GO:0043524;GO:0021670;GO:0003677;GO:0008270;GO:0030902;GO:0070544
Q7VUD3	GO:0009039;GO:0005737;GO:0016151;GO:0043419
Q8THJ9	GO:0003991;GO:0006526;GO:0034618;GO:0005737;GO:0005524;GO:0042450
A5DTK7	GO:0005759;GO:0006397;GO:0003724;GO:0008380;GO:0006417;GO:0005524;GO:0003723
Q9NY43	GO:1990837;GO:0006357;GO:0001764;GO:0030182;GO:0030516;GO:0000790;GO:0000981;GO:0005634;GO:0001228;GO:0045727;GO:0000977;GO:0001709
A1CAZ7	GO:0002143;GO:0018192;GO:0006777;GO:0061605;GO:0008641;GO:0004792;GO:0005524;GO:0046872;GO:0061604;GO:0005829
Q8C3K5	GO:0016021
O14160	GO:0005759;GO:0005739;GO:0006418;GO:0070185;GO:0002161;GO:0004832;GO:0005524;GO:0005829;GO:0006438
Q7YJX3	GO:0051539;GO:0016168;GO:0018298;GO:0015979;GO:0016021;GO:0009535;GO:0009522;GO:0000287;GO:0009055
B0UR84	GO:0006457;GO:0051082;GO:0005524
Q9UUQ6	GO:0016872;GO:0016117;GO:0045436;GO:0016767;GO:0046905;GO:0016021;GO:0004310;GO:0051996
Q8XJ01	GO:0009002;GO:0008360;GO:0009252;GO:0046677;GO:0008955;GO:0016021;GO:0071555;GO:0005886;GO:0008658
Q5EA95	GO:0005813;GO:0030992;GO:0042981;GO:0006915;GO:0006919;GO:0003677;GO:0042073;GO:0005794;GO:0005929;GO:0036064;GO:1905515
B0R6B1	GO:0006935;GO:0018298;GO:0007165;GO:0005886;GO:0016021;GO:0009881
Q03162	GO:0006511;GO:0007163;GO:0005737;GO:0046872;GO:1990304
P19254	GO:0042972;GO:0005975
P13782	GO:0030541
Q9ZHR4	GO:0006811;GO:0020037;GO:0006119;GO:0070469;GO:0005886;GO:0005506;GO:0016021;GO:0009055
Q5X0M2	GO:0005886;GO:0032977;GO:0015031;GO:0016021
Q3JBZ7	GO:0000049;GO:0005737;GO:0005524;GO:0004826;GO:0000287;GO:0006432
Q479U4	GO:0006457;GO:0051082;GO:0030288;GO:0050821;GO:0042277;GO:0043165;GO:0003755;GO:0060274
A0ZZH6	GO:0009018;GO:0044262
O88839	GO:0070062;GO:0046872;GO:0001953;GO:0060317;GO:0008584;GO:0017124;GO:0030336;GO:0007229;GO:0031514;GO:0001669;GO:0030308;GO:0004222;GO:0001525;GO:0008237;GO:0042246;GO:0005178;GO:0005912;GO:0007155;GO:0002418;GO:0009986;GO:0030574;GO:1990910;GO:1904628;GO:0016021;GO:0045087;GO:0005615;GO:1900121
P31744	GO:0005886;GO:0015628;GO:0046872;GO:0016021
B0JVE7	GO:0006094;GO:0006096;GO:0005737;GO:0004347
Q0SI56	GO:0005737;GO:0006526;GO:0004585;GO:0016597
Q9L6M9	GO:0008806
P38994	GO:0030866;GO:0031321;GO:0070273;GO:0005634;GO:0032266;GO:0005886;GO:0016308;GO:0005524;GO:0046854
B0U5X7	GO:0003677;GO:0006351;GO:0032549;GO:0003899
A7ZP82	GO:0070205;GO:0009234
Q1XDN5	GO:0003677;GO:0006351;GO:0009507;GO:0003899;GO:0032549
Q9JXG5	GO:0008964;GO:0006107;GO:0015977;GO:0006099;GO:0000287;GO:0005829
Q838S2	GO:0005576;GO:0000272;GO:0004568;GO:0006032;GO:0008061
Q91Y25	GO:0042147;GO:0005769;GO:0031901;GO:0071203;GO:0005886;GO:0005829;GO:0015031
P32948	GO:0016042;GO:0004806
Q6DR10	GO:0016413;GO:0005794;GO:0016021
Q39734	GO:0006090;GO:0015979;GO:0016301;GO:0005524;GO:0046872;GO:0009507;GO:0050242
Q6K739	GO:0009941;GO:0016021
A1B4E9	GO:0006457;GO:0051082;GO:0005524
P58802	GO:0042147;GO:0005085;GO:0030165;GO:0017137;GO:0045862;GO:0090630;GO:0097202;GO:0006886;GO:0005886;GO:0005902;GO:0005829;GO:0005096
Q6NNF2	GO:1903206;GO:0046058;GO:0006198;GO:0070374;GO:0007165;GO:0004115;GO:0004114;GO:0046872;GO:0007498
Q7VH74	GO:0000287;GO:0004659
Q25BN1	GO:0070578;GO:0030422;GO:0016442;GO:0046872;GO:0030423;GO:0003677;GO:0005737;GO:0004386;GO:0005524;GO:0031054;GO:0003723;GO:0004525
B7KHD0	GO:0004479
Q61QK6	GO:0005886;GO:0010314;GO:0009966
Q5NGK7	GO:0005886;GO:0006813;GO:0016021;GO:0008324
Q0AVM5	GO:0006083;GO:0019605;GO:0005737;GO:0008775;GO:0006084;GO:0019679;GO:0003986
Q0HEX2	GO:0019464;GO:0004375
B2TW49	GO:0070205;GO:0009234
B3A0P8	GO:0005576
Q61474	GO:0042802;GO:0005634;GO:0008266;GO:0003727;GO:0005737;GO:0005829;GO:0009725;GO:0005844
Q1JA83	GO:0006457;GO:0051082;GO:0005524
P14553	GO:0039694;GO:0004197;GO:0005198;GO:0003723;GO:0046718;GO:0072494;GO:0018144;GO:0044162;GO:0044193;GO:0039707;GO:0005524;GO:0016021;GO:0039545;GO:0005216;GO:0003724;GO:0039618;GO:0003968;GO:0044385;GO:0006351;GO:0051259;GO:0019062
A0KKH1	GO:0006633;GO:0005737;GO:0043811;GO:0008654
O66647	GO:0004828;GO:0016260;GO:0097056;GO:0006434;GO:0005737;GO:0005524
Q60739	GO:0000774;GO:0005739;GO:0005634;GO:0043066;GO:0005737;GO:0043525;GO:0016020;GO:0050821;GO:0051085;GO:0051087;GO:0005829;GO:0001933;GO:0070585;GO:0031072;GO:0010608;GO:0051219;GO:0031625;GO:0048471;GO:0043524;GO:0045944;GO:0030182;GO:0006915;GO:1905232;GO:0014040;GO:0110091;GO:2000672
B3R290	GO:0006541;GO:0003922;GO:0005524;GO:0016462
A7MJ43	GO:0003684;GO:0030983;GO:0005524;GO:0006298
Q9UKX3	GO:0006936;GO:0070062;GO:0030016;GO:0032982;GO:0005516;GO:0000146;GO:0009267;GO:0005859;GO:0005524;GO:0051015
A1R8A6	GO:0006782;GO:0050661;GO:0008883
A4JQH4	GO:0019380;GO:0071949;GO:0008688;GO:0019622
P27209	GO:0003723;GO:0039694;GO:0000166;GO:0003968
Q57776	
B3R7B8	GO:0009073;GO:0005737;GO:0009423;GO:0000166;GO:0046872;GO:0003856
Q6BMI2	GO:0005634;GO:0006336;GO:0007059
G3UYX5	GO:0005634;GO:0005737;GO:0001965;GO:0009968
Q6MBR6	GO:0042026;GO:0005737;GO:0051082;GO:0005524
B0KIT4	GO:0004457;GO:0010181;GO:0005886;GO:0019516
B0C6S1	GO:0006220;GO:0005737;GO:0004127;GO:0004592;GO:0015940;GO:0005524
O24241	GO:0046872;GO:0006695;GO:0033384;GO:0005737;GO:0045337;GO:0004161;GO:0004337
E1C231	GO:0072344;GO:0043023;GO:0061630;GO:0043161;GO:0008270;GO:0005829;GO:1990116;GO:1990112
Q29458	GO:0016042;GO:0004806;GO:0005576
A4JIR7	GO:0003991;GO:0005737;GO:0042450;GO:0005524
Q9VRN5	GO:0046628;GO:0046427;GO:0048621;GO:0060250;GO:2000648;GO:0003729;GO:0010608;GO:0048477;GO:0098724;GO:0008270;GO:0070935;GO:0003730;GO:0005829;GO:2000632;GO:0010494
P52028	GO:0003887;GO:0003677;GO:0006281;GO:0001882;GO:0006261
Q1EHB3	GO:0006508;GO:0004222;GO:0008237;GO:0071347;GO:0071773;GO:0071356;GO:0031012;GO:0051603;GO:0032331;GO:0009986;GO:0046872;GO:0030198
Q3ZCT1	GO:0000978;GO:0006357;GO:0005634;GO:0000981;GO:0005654;GO:0007275;GO:0046872;GO:0005829
A6LMP4	GO:0030170;GO:0008710;GO:0009102;GO:0008890
Q2RSR4	GO:0016773;GO:0097175;GO:0006040;GO:0016301;GO:0005524;GO:0009254;GO:0005975
Q12NB8	GO:0005737;GO:0009229;GO:0009228;GO:0016783
Q5FMX8	GO:0008998;GO:0004748;GO:0006260;GO:0000166;GO:0031419
Q12751	GO:0006606;GO:0005737;GO:0009306
C0MHL9	GO:0039694;GO:0004197;GO:0005198;GO:0003723;GO:0046718;GO:0039522;GO:0018144;GO:0044162;GO:0016020;GO:0039707;GO:0005524;GO:0005216;GO:0003724;GO:0039618;GO:0003968;GO:0044385;GO:0006351;GO:0051259;GO:0044196;GO:0046872;GO:0019062
Q54JA4	GO:0007155;GO:0016021
Q0WLC6	GO:0009507;GO:0048255
P44505	GO:0009088;GO:0050661;GO:0009089;GO:0005524;GO:0004412;GO:0004072;GO:0009090
A6TR79	GO:0003684;GO:0030983;GO:0005524;GO:0006298
Q28UX7	GO:0003677;GO:0006351;GO:0032549;GO:0003899
A2AJX4	GO:0005737;GO:0005794;GO:0042632;GO:0016021;GO:0030659;GO:0070858
A0L103	GO:0019464;GO:0004375
Q8ZNE9	GO:0070205;GO:0009234
Q2TA16	GO:0060285;GO:0005858;GO:0005930;GO:0031514;GO:0036064;GO:0003352;GO:0070286
Q6SW62	GO:0039708;GO:0042802;GO:0042025;GO:0030430;GO:0019076;GO:0004252
W6Q0S4	GO:0035835;GO:0016747
Q9UMZ3	GO:0004725;GO:0016021;GO:0045598;GO:0043235;GO:1990264
A5F4D2	GO:0051539;GO:0016830;GO:0009229;GO:0009228;GO:0008270
Q2S5Z8	GO:0042026;GO:0005737;GO:0051082;GO:0005524
Q5ZKV9	GO:0055037;GO:0015031;GO:0016020;GO:1990745;GO:0005829;GO:0000149;GO:0032456
P97717	GO:0043410;GO:0035265;GO:0005634;GO:0045907;GO:0004930;GO:0008542;GO:0005737;GO:0035024;GO:0046982;GO:0007512;GO:0055117;GO:0042593;GO:0007200;GO:0045819;GO:0071880;GO:0030315;GO:0001997;GO:0007267;GO:0005886;GO:0016020;GO:0016021;GO:0009725;GO:0005887;GO:0004937;GO:0001987;GO:0043278;GO:0031965;GO:0014704;GO:0048148;GO:0001996;GO:0150099;GO:0061049;GO:0048545;GO:0007204;GO:0005901;GO:0007626;GO:0001974;GO:0001975;GO:0045818
Q48RR3	GO:0006457;GO:0051082;GO:0005524
A2RCW6	GO:0006457;GO:0051082;GO:0005524
Q31708	GO:0005739;GO:0045903;GO:0015935;GO:0003735;GO:0019843
Q18CD7	GO:0005524;GO:0005737;GO:0006433;GO:0004827
Q979N9	GO:0030060;GO:0019752;GO:0006099;GO:0005975
Q49A92	
A6T701	GO:0009073;GO:0005737;GO:0009423;GO:0003866
A7A1D7	GO:0003677;GO:0006351;GO:0008270;GO:0005634;GO:0000981
Q316U7	GO:0006457;GO:0031072;GO:0051082;GO:0006260;GO:0009408;GO:0005737;GO:0008270;GO:0005524
P49884	GO:0042802;GO:0030331;GO:0042981;GO:0005634;GO:0019901;GO:0030518;GO:0034121;GO:0030520;GO:0008584;GO:0051117;GO:0000122;GO:0005794;GO:0008013;GO:0051000;GO:0048863;GO:0045893;GO:0007200;GO:0000978;GO:0006357;GO:0001223;GO:0043124;GO:0005886;GO:0060745;GO:0004879;GO:0060523;GO:0003682;GO:0034056;GO:0050727;GO:0045899;GO:0000790;GO:0051091;GO:0043565;GO:0060687;GO:0001547;GO:0045429;GO:0001093;GO:1903799;GO:0001226;GO:0071168;GO:0097550;GO:0048146;GO:0060750;GO:0060068;GO:0010863;GO:0030284;GO:0071391;GO:0008209;GO:0060527;GO:0001228;GO:0071392;GO:0060065;GO:0043433;GO:0008270;GO:0035327;GO:0007204;GO:0060749;GO:0002064;GO:0017025;GO:0005496
Q80VA0	GO:0046872;GO:0006493;GO:0004653;GO:0030246;GO:0000139;GO:0005794;GO:0016021
P13842	GO:0020002;GO:0044172;GO:0044163;GO:0039624;GO:0044168;GO:0016020;GO:0099008;GO:0039665;GO:0019062
P45549	GO:0008973;GO:0043094;GO:0009117;GO:0000287;GO:0005829
A8AID1	GO:0003723;GO:0005737;GO:0052915;GO:0070043
Q89UL7	GO:0005737;GO:0009092;GO:0009086;GO:0004414
B5BBA0	GO:0006635;GO:0005737;GO:0003988
Q9BEG5	GO:0005576;GO:1901222;GO:0005164;GO:0006955;GO:0005123;GO:0005886;GO:0005102;GO:0038177;GO:0016021;GO:0051092;GO:0030154;GO:0042475;GO:0005581;GO:1901224;GO:0019221
Q03330	GO:0006325;GO:0016573;GO:0010484;GO:0046695;GO:0005634;GO:0032968;GO:0006338;GO:0000775;GO:0070577;GO:0003713;GO:0140068;GO:0003712;GO:0000124;GO:0004402;GO:0001302;GO:0005671;GO:0005829
Q0K9V9	GO:0008784;GO:0030632;GO:0030170
Q62611	GO:1901653;GO:0050729;GO:0002826;GO:0043124;GO:0008285;GO:0016021;GO:0031012;GO:0061809;GO:0002114;GO:0009986;GO:0016020;GO:0090197;GO:0004908;GO:0002113;GO:0005615;GO:0032689;GO:0050135;GO:0043032;GO:0032754;GO:0009897
Q9CAD6	GO:0070330;GO:0006631;GO:0018685;GO:0005506;GO:0016021;GO:0020037
Q22070	GO:0046872;GO:0004435;GO:0035556;GO:0030431;GO:0009395;GO:0010634
Q1IFX3	GO:0003677;GO:0006351;GO:0032549;GO:0003899
B8D0C1	GO:0003924;GO:0003746;GO:0005737;GO:0005525
Q03RR1	GO:0000105;GO:0009086;GO:0004477;GO:0004488;GO:0006164;GO:0035999
A8EYA6	GO:0008360;GO:0009252;GO:0007049;GO:0051301;GO:0019277;GO:0008760;GO:0005737;GO:0071555
A0KBG7	GO:0003991;GO:0005737;GO:0042450;GO:0005524
Q88LF2	GO:0017150;GO:0010181;GO:0000049;GO:0050660
O46382	GO:0032012;GO:0016363;GO:0090284;GO:0005802;GO:0005730;GO:0000139;GO:0030532;GO:2000114;GO:0090303;GO:0034237;GO:0007030;GO:0010256;GO:0030837;GO:0005086;GO:0005829;GO:0048471;GO:0034260;GO:0015031
Q9JYK8	GO:0065002;GO:0006605;GO:0031522;GO:0015462;GO:0017038;GO:0005524;GO:0046872;GO:0043952;GO:0005829;GO:0005887
Q3AG69	GO:0043815;GO:0004644;GO:0005524;GO:0006189;GO:0000287
Q3BUL3	GO:0006094;GO:0006096;GO:0005737;GO:0004347
Q1Q9M0	GO:0006189;GO:0004641;GO:0005524;GO:0005737
Q5U3F2	GO:0005681;GO:0000386;GO:0008380;GO:0005737;GO:0016607;GO:0000398;GO:0046872;GO:0030628
Q9FQY8	GO:0032259;GO:0009809;GO:0046983;GO:0047763
Q42736	GO:0006090;GO:0015979;GO:0016301;GO:0005524;GO:0046872;GO:0009507;GO:0050242
Q6BY20	
Q68VX0	GO:0006065;GO:0003979;GO:0051287;GO:0000271
Q1AVZ9	GO:0004479
Q2JXF0	GO:0005737;GO:0006096;GO:0004618;GO:0005524
Q5LSU1	GO:0009245;GO:0008915
P55459	GO:0015074;GO:0003677;GO:0006310;GO:0044826;GO:0046718;GO:0075713
Q9FM96	GO:0042742;GO:0006491;GO:0009536;GO:0005783;GO:0017177
B4SBF6	GO:0051539;GO:0016830;GO:0009229;GO:0009228;GO:0008270
F1NWE3	GO:0048681;GO:0043395;GO:0030285;GO:0043204;GO:0048671;GO:0099061;GO:0008201;GO:0030426;GO:0004725;GO:0099560;GO:0005886;GO:0030517;GO:0042803;GO:0061000;GO:0035335;GO:0005887;GO:0030424;GO:0006470
Q73IG3	GO:0046961;GO:0045261;GO:0005886;GO:0005524;GO:0046933
P20507	GO:0042597;GO:0004089;GO:0008270
A1DLN3	GO:0048208;GO:0006914;GO:0005789;GO:0000139;GO:0015031
Q84R11	GO:0005509;GO:0015969;GO:0008728;GO:0016301;GO:0005524;GO:0005525;GO:0009507
Q5R059	GO:0006412;GO:0006464;GO:0016881;GO:0005524;GO:0046872
A1RFM0	GO:0006412;GO:0006464;GO:0016881;GO:0005524;GO:0046872
G0SCU5	GO:0051082;GO:0042149;GO:0005516;GO:0006450;GO:0016887;GO:0002181;GO:0000054;GO:0006364;GO:0005524;GO:0006415;GO:0005829;GO:0051083;GO:0006452;GO:0005844
A1WXK9	GO:0003684;GO:0030983;GO:0005524;GO:0006298
B2SFK1	GO:0003883;GO:0005524;GO:0046872;GO:0006541;GO:0044210
Q69ZN7	GO:0001778;GO:0007520;GO:0046872;GO:0033292;GO:0048747;GO:0030947;GO:0034605;GO:0006071;GO:0031965;GO:0005886;GO:0043231;GO:0061025;GO:0016021;GO:0031410;GO:0030659;GO:0005901;GO:0007009;GO:0005543
Q1MQP6	GO:0008759;GO:0009245;GO:0103117;GO:0046872
Q33C48	GO:0006351;GO:0003899;GO:0003677;GO:0008270;GO:0009507
B4E7Y8	GO:0003991;GO:0005737;GO:0042450;GO:0005524
P44038	GO:0045203;GO:0009306;GO:0097347
Q55FN5	GO:0005634;GO:0032041;GO:0005737;GO:0046872
C3PHK6	GO:0016992;GO:0051539;GO:0005737;GO:0102553;GO:0046872;GO:0102552;GO:0009249
A2BZ43	GO:0006457;GO:0051082;GO:0016887;GO:0046983;GO:0008270;GO:0005524
Q8BXA1	GO:0032580;GO:0005794;GO:0010008;GO:0016021
A0L678	GO:0006400;GO:0000049;GO:0005737;GO:0016783;GO:0005524
A0A0U2D9C5	GO:0000287;GO:0009507;GO:0016114;GO:0010333
A1Z7K9	GO:0004535;GO:0000932;GO:0006508;GO:0003676;GO:0005634;GO:0006397;GO:0031251;GO:0046872;GO:0010606;GO:0000289
A5VM68	GO:0006782;GO:0050661;GO:0008883
O97952	GO:0010628;GO:0003700;GO:0000976;GO:1903076;GO:0030521;GO:0042327;GO:0000790;GO:0005634;GO:0045720;GO:0008284;GO:0030522;GO:2001237;GO:0005737;GO:0051092;GO:0008270;GO:0008013;GO:0005497;GO:0045944;GO:0004879;GO:0005496
A8H3F7	GO:0009245;GO:0009029;GO:0005524
Q2KTI4	GO:0042744;GO:0004096;GO:0046872;GO:0006979;GO:0020037
A2BRG6	GO:0043815;GO:0004644;GO:0005524;GO:0006189;GO:0000287
Q9KAH8	GO:0000256;GO:0004038;GO:0008270;GO:0050897;GO:0006144
Q8C0S4	GO:0030991;GO:0007286;GO:0061512;GO:0035721;GO:0005929;GO:0030317
Q8BLG0	GO:0016573;GO:0044545;GO:0006357;GO:0043981;GO:0043996;GO:0071339;GO:0043995;GO:0046972;GO:0003677;GO:0005654;GO:0031965;GO:0043984;GO:0046872;GO:0000123;GO:0043982;GO:0005829
Q1M498	GO:0042744;GO:0004096;GO:0046872;GO:0006979;GO:0020037
C5DG70	GO:0031307;GO:0032865;GO:0000002;GO:1990456;GO:0045040;GO:0070096
Q7V2R8	GO:0005737;GO:0033819;GO:0102555;GO:0009249
P97443	GO:0007507;GO:0034968;GO:0045663;GO:0045892;GO:0005634;GO:0010831;GO:0006338;GO:0003714;GO:0003677;GO:0035914;GO:0005737;GO:0018024;GO:0046872
A7Z4J3	GO:0004479
B6DD14	GO:0090729;GO:0005576
Q96U88	GO:0034497;GO:0000045;GO:0034045;GO:0019898;GO:0000422;GO:0032266;GO:0000329;GO:0006497;GO:0010008;GO:0080025;GO:0005829;GO:0044804;GO:0015031
Q9JLV2	GO:0006511;GO:0016567;GO:0048820;GO:0031464;GO:0019902
O50323	GO:0042026;GO:0005737;GO:0051082;GO:0005524
A7MNQ9	GO:0030091;GO:0042597;GO:0043546;GO:0046872;GO:0016672
B0JKA1	GO:0009039;GO:0005737;GO:0016151;GO:0043419
Q7N6T6	GO:0042597;GO:0017038;GO:0007049;GO:0051301
A7H8E6	GO:0065002;GO:0006605;GO:0005737;GO:0005886;GO:0017038;GO:0005524;GO:0046872
B6UV92	GO:0016117;GO:0031969;GO:0016767;GO:0046905;GO:0004310;GO:0010287;GO:0051996
Q5KWZ5	GO:0003677;GO:0045892
O97960	GO:0010628;GO:0003700;GO:0000976;GO:1903076;GO:0030521;GO:0042327;GO:0000790;GO:0005634;GO:0045720;GO:0008284;GO:0030522;GO:2001237;GO:0005737;GO:0051092;GO:0008270;GO:0008013;GO:0005497;GO:0045944;GO:0004879;GO:0005496
Q837R9	GO:0009380;GO:0016887;GO:0009432;GO:0003677;GO:0006289;GO:0005737;GO:0009381;GO:0005524
Q9U9A3	GO:0004721;GO:0046872
Q9NPD3	GO:0005634;GO:0034475;GO:0005654;GO:0005737;GO:0006364;GO:0035925;GO:0030307;GO:0071051;GO:0000177;GO:0045006;GO:0005829;GO:0034427;GO:0043488;GO:0071044;GO:0000176;GO:0045111;GO:0005730;GO:0051607;GO:0043928;GO:0000178;GO:0000175;GO:0071028;GO:0016075;GO:0035327;GO:0000956;GO:0000460
P37562	GO:0004674;GO:0005524
Q3BVZ0	GO:0005840;GO:0003735;GO:0006412
Q61290	GO:0099626;GO:0008542;GO:0047485;GO:0019233;GO:0030317;GO:0042593;GO:0061178;GO:0034765;GO:0048265;GO:0022843;GO:0098982;GO:0005891;GO:0043204;GO:0048266;GO:0005509;GO:0070588;GO:0099055;GO:0090273;GO:0006816;GO:0098793;GO:0019226;GO:0005245;GO:0070509;GO:0002027;GO:0050877;GO:0001662;GO:0007268;GO:0042596;GO:0007626
A9MJE5	GO:0030170;GO:0008710;GO:0009102
Q07TX9	GO:0003991;GO:0005737;GO:0042450;GO:0005524
Q8FQE4	GO:0008878;GO:0005524;GO:0005978
Q87MI6	GO:0009014;GO:0009089;GO:0050897;GO:0008270;GO:0019877
Q6QT55	GO:0010628;GO:0003700;GO:0000976;GO:1903076;GO:0030521;GO:0042327;GO:0000790;GO:0005634;GO:0045720;GO:0008284;GO:0030522;GO:2001237;GO:0005737;GO:0051092;GO:0008270;GO:0008013;GO:0005497;GO:0045944;GO:0004879;GO:0005496
Q8IYM2	
Q9VIS1	GO:0005096;GO:0007264;GO:0031290
Q6LLL4	GO:0015974;GO:0015970;GO:0008894
Q8LPU4	GO:0000781;GO:0043967;GO:0000790;GO:0010485;GO:0006348;GO:0005737
Q4JW97	GO:0008360;GO:0009252;GO:0007049;GO:0004326;GO:0051301;GO:0071555;GO:0005737;GO:0005524;GO:0008764
A0JME2	GO:0005634;GO:0050821;GO:0090309;GO:0031647
A4YSI1	GO:0003677;GO:0006351;GO:0032549;GO:0003899
Q9UKI2	GO:0008360;GO:0017049;GO:0007266;GO:0031274;GO:0030838;GO:0007165;GO:0005737;GO:0005886;GO:0005519;GO:0005856;GO:0012505;GO:0005829;GO:0015629
A8A2D1	GO:0070205;GO:0009234
P82475	GO:0090729;GO:0008083;GO:0005576;GO:0016020
Q9NPC6	GO:0045214;GO:0003779;GO:0051373;GO:0007519;GO:0030017;GO:0000122;GO:0070885;GO:0030018;GO:0043503;GO:0015629;GO:0031433;GO:0030346
Q46LW7	GO:0006782;GO:0005737;GO:0004853
Q2SY18	GO:0008712;GO:0050661;GO:0097171;GO:0005975
Q61001	GO:0030155;GO:0005604;GO:0005201;GO:0001942;GO:0001755;GO:0007229;GO:0005610;GO:0030324;GO:0005576;GO:0098609;GO:0031012;GO:0043259;GO:0009888;GO:0001658;GO:0016331;GO:0034446;GO:0001822;GO:0031594;GO:0062023;GO:0042127;GO:0045995;GO:0030334;GO:0043083;GO:0001738;GO:0009887;GO:0007517;GO:0060271;GO:0007411;GO:0042475;GO:0072659;GO:0005178;GO:0048754;GO:0060445;GO:0016477;GO:0005615
I3V6A7	GO:0008171;GO:0009708;GO:0046983;GO:0032259;GO:0030777;GO:0008168;GO:0030762
W3X7K0	GO:0033215;GO:0005507;GO:0005576;GO:0033573;GO:0042438;GO:0009986;GO:0004322
Q5R6I2	GO:0045214;GO:0003779;GO:0007519;GO:0070885;GO:0000122;GO:0030018;GO:0043503;GO:0015629;GO:0031433
Q54QD1	GO:0006633;GO:0004315;GO:0016491
O58056	GO:0043815;GO:0004644;GO:0005524;GO:0006189;GO:0000287
O75820	GO:0000978;GO:0006357;GO:0005634;GO:0000981;GO:0046872
M1WG96	GO:0006633;GO:0004315
Q6KIH7	GO:0006457;GO:0051082;GO:0005524
A1W1X2	GO:0003852;GO:0009098
Q70Z35	GO:0048813;GO:0014065;GO:0005886;GO:0005829;GO:0005096;GO:0030676;GO:0007186;GO:0008344
Q6BL01	GO:0005739
O00451	GO:0038023;GO:0007399;GO:0000165;GO:0031225;GO:0031953;GO:0005886;GO:0016167;GO:0007411;GO:0019898;GO:0007169;GO:0043235;GO:0009897
P70206	GO:0060666;GO:0030334;GO:0008360;GO:1902287;GO:0002116;GO:0017154;GO:0043087;GO:0050772;GO:0005654;GO:0007162;GO:0005886;GO:0016020;GO:1990138;GO:0005829;GO:0014910;GO:0005887;GO:0097485
A7ZF27	GO:0003746;GO:0005737
P40028	GO:0017108;GO:0005634;GO:0031297;GO:0008821;GO:0008409;GO:0000400;GO:1904162;GO:0005737;GO:0006281;GO:0042803;GO:0000287;GO:0048256;GO:0006974
A1YEV9	GO:0000978;GO:0006357;GO:0005634;GO:0000981;GO:0046872
Q9Z6H4	GO:0006541;GO:0003922;GO:0005524;GO:0016462
Q11001	GO:0008237;GO:0004177;GO:0031225;GO:0005886;GO:0008270
Q9C718	GO:0000184;GO:0005634;GO:0003724;GO:0005737;GO:0006364;GO:0005524;GO:1990904;GO:0003723;GO:0005829
Q80U63	GO:0042802;GO:1904707;GO:0034497;GO:0005739;GO:0006986;GO:0046580;GO:0061734;GO:0043394;GO:0005737;GO:0005525;GO:0051020;GO:0048593;GO:0048662;GO:0016021;GO:0008053;GO:0005829;GO:0015630;GO:0001825;GO:0017016;GO:0005741;GO:0003924;GO:0120162;GO:0031625;GO:0031306;GO:1905461;GO:0006626;GO:0006915;GO:0007006;GO:0051646
Q1QDA0	GO:0000287;GO:0004170;GO:0006226;GO:0046081
Q5F4X3	GO:0006633;GO:0005737;GO:0043811;GO:0008654
O94509	GO:0030956;GO:0005759;GO:0005739;GO:0016787;GO:0050567;GO:0070681;GO:0005737;GO:0005524;GO:0032543
A4QLS3	GO:0006351;GO:0003899;GO:0003677;GO:0008270;GO:0009507
A6KZ38	GO:0004817;GO:0005737;GO:0005524;GO:0008270;GO:0006423
O42854	GO:0016176;GO:0042554;GO:0051286;GO:0048365;GO:0017024;GO:0030479;GO:0030036;GO:0005829;GO:0032153
Q69QJ7	GO:0009247;GO:0046509;GO:0031969
Q9JJ73	GO:0086103;GO:0038041;GO:0033138;GO:1903078;GO:0097647;GO:0010739;GO:0001921;GO:0031623;GO:1990410;GO:1904645;GO:0001525;GO:0010942;GO:0007189;GO:0009986;GO:0032870;GO:0005886;GO:1905665;GO:0007186;GO:0010628;GO:0150058;GO:0015026;GO:0006816;GO:0005764;GO:0001605;GO:1903143;GO:0072659;GO:0097643;GO:0070374;GO:0071392;GO:0006886;GO:0001664;GO:0043235;GO:0051897;GO:0015031
Q91Z83	GO:0042802;GO:0006941;GO:0006936;GO:0005516;GO:0046034;GO:0000146;GO:0005737;GO:0005859;GO:0030018;GO:0007512;GO:0032982;GO:0002026;GO:0005524;GO:0016459;GO:0014898;GO:0030016;GO:0016887;GO:0030898;GO:0003009;GO:0055010;GO:0030049;GO:0014883;GO:0002027;GO:0031449;GO:0060048;GO:0044877;GO:0014728;GO:0001725;GO:0030017;GO:0051015
Q5NYE5	GO:0006541;GO:0003922;GO:0005524;GO:0016462
Q09217	GO:0006376;GO:0005685;GO:0071004;GO:0003729
Q5Z0M4	GO:0004252;GO:0004176;GO:0005737
P31543	GO:0016887;GO:0005524
P55291	GO:0031594;GO:0005509;GO:0034332;GO:0070062;GO:0007155;GO:0007156;GO:0005886;GO:0005794;GO:0016021;GO:0016342;GO:0005901;GO:0045296;GO:0051149;GO:0098742
P35438	GO:0043576;GO:1903539;GO:0008021;GO:0030672;GO:1904315;GO:1905429;GO:0060079;GO:0035249;GO:0099507;GO:0043065;GO:0030425;GO:0008355;GO:0008344;GO:0043278;GO:0005262;GO:0043524;GO:0045471;GO:0001661;GO:0030426;GO:0098688;GO:0008306;GO:0042391;GO:0060179;GO:0001967;GO:0098839;GO:0043523;GO:0098978;GO:0055074;GO:1900149;GO:0048511;GO:0005102;GO:0097060;GO:0048169;GO:0006874;GO:0022843;GO:0005886;GO:0016020;GO:0051290;GO:0007611;GO:0021987;GO:0004972;GO:0043083;GO:0006816;GO:0001540;GO:0097553;GO:0043005;GO:0060076;GO:0006812;GO:0019902;GO:0044307;GO:0045944;GO:0050770;GO:0099061;GO:1903428;GO:0050905;GO:0007268;GO:0048814;GO:0045211;GO:0048167;GO:1902952;GO:0007612;GO:0035176;GO:0019233;GO:0010646;GO:0019899;GO:0060134;GO:0010942;GO:0065003;GO:0043195;GO:0022849;GO:0016594;GO:0009986;GO:0035235;GO:0005887;GO:0017146;GO:0043197;GO:0005509;GO:0010524;GO:0016595;GO:0021586;GO:0044877;GO:0099056;GO:0051963;GO:0015276;GO:0001975;GO:0005516;GO:0008542;GO:0005737;GO:0005783;GO:0098686;GO:0001964;GO:0045202;GO:0048168;GO:0042165;GO:0005261;GO:0032590;GO:0043025;GO:0004970;GO:0007616;GO:0007613;GO:0014069;GO:0038023;GO:2000463;GO:2001056;GO:0018964;GO:0035254
B2UFG8	GO:0102955;GO:0102094;GO:0009060;GO:0009234;GO:0032259;GO:0006744;GO:0043333;GO:0102027;GO:0043770
Q81R75	GO:0006428;GO:0004822;GO:0002161;GO:0000049;GO:0005737;GO:0005524;GO:0008270
P58355	GO:0033162;GO:0008506;GO:0042438;GO:0007601;GO:0016020;GO:0015770;GO:0016021;GO:0050896;GO:0048066
P14100	GO:0048101;GO:0005516;GO:0007165;GO:0043025;GO:0004114;GO:0046872;GO:0004117
Q5A2K0	GO:0005737
Q039J7	GO:0009380;GO:0009432;GO:0003677;GO:0006289;GO:0005737;GO:0009381
Q6AQX3	GO:0003723;GO:0005737;GO:0070929
Q1JFC8	GO:0006457;GO:0051082;GO:0005524
Q6K9C3	GO:0005634;GO:0045292;GO:0016607;GO:0008270;GO:0000398;GO:0003723;GO:0000381
P49744	GO:0042802;GO:0005604;GO:0006986;GO:0001968;GO:0005783;GO:0050731;GO:0034103;GO:0048771;GO:0031012;GO:0071603;GO:0031594;GO:0062023;GO:0048266;GO:0008083;GO:0005509;GO:0008201;GO:0016525;GO:0090023;GO:0005518;GO:0007399;GO:0005178;GO:0043237;GO:0051451;GO:0001938;GO:0005615;GO:0016529;GO:0048812;GO:0034976;GO:0051781
Q89273	GO:0039694;GO:0006351;GO:0018144;GO:0030430;GO:0004197;GO:0003968;GO:0003724;GO:0005524;GO:0003723;GO:0019028
Q692V3	GO:0005737
A0A348	
O60673	GO:0051539;GO:0005634;GO:0005730;GO:0090305;GO:0003887;GO:0000724;GO:0003677;GO:0005654;GO:0000166;GO:0046872;GO:0016035;GO:0042276;GO:0006261
Q3M712	GO:0009039;GO:0005737;GO:0016151;GO:0043419
B9LSY2	GO:0008829;GO:0006226;GO:0000166;GO:0006229
A1KQG0	GO:0006633;GO:0004315;GO:0016491;GO:0031177
A6BLY7	GO:0005198;GO:0005737;GO:0005882
Q56FG9	GO:0022627;GO:0003735;GO:0006412
O02658	GO:0004722;GO:0000003;GO:0007283;GO:0000790;GO:0005634;GO:0031143;GO:0031272;GO:0007060;GO:0005737;GO:0000785;GO:0046872;GO:0030154;GO:0018991;GO:0097723
Q80VA5	GO:0055037;GO:0033157;GO:0022011;GO:0005886;GO:1901184;GO:0031410;GO:0032287
A2SJF9	GO:0065002;GO:0006605;GO:0005737;GO:0005886;GO:0017038;GO:0005524;GO:0046872
B0K5G9	GO:0006351;GO:0003899;GO:0003677;GO:0008270;GO:0000287
Q8SQ23	GO:0006508;GO:0048008;GO:0031639;GO:0014909;GO:0005615;GO:0004252
O75665	GO:0042802;GO:0005813;GO:0005576;GO:0010389;GO:0060287;GO:0005634;GO:0016020;GO:0034451;GO:0005929;GO:0000086;GO:0005814;GO:0031514;GO:0005829;GO:0036064;GO:0060271;GO:0043014;GO:0043015;GO:0097711
Q9YDX6	GO:0046872;GO:0009060;GO:0070469;GO:0004129;GO:0022904;GO:0005886;GO:0016021;GO:0020037
P0A959	GO:0006523;GO:0046677;GO:0030170;GO:0004021;GO:0019272;GO:0030632;GO:0005737;GO:0008483;GO:0006974
B3CMJ8	GO:0050661;GO:0004324;GO:0050660
P11512	GO:0003677;GO:0006351;GO:0008270;GO:0003899
Q13EM6	GO:0042744;GO:0004096;GO:0046872;GO:0006979;GO:0020037
B6YT00	GO:0006072;GO:0019563;GO:0006071;GO:0005524;GO:0004370
A3CP17	GO:0003676;GO:0006430;GO:0005737;GO:0004824;GO:0005524;GO:0000287
P0ACQ4	GO:0000986;GO:0003700;GO:2000142;GO:0006355;GO:0006979;GO:0005829;GO:0051409;GO:0032993;GO:0006974
B5BCN7	GO:0070205;GO:0009234
Q2JES6	GO:0009039;GO:0005737;GO:0016151;GO:0043419
Q2Y9E0	GO:0005198;GO:0071973;GO:0009428;GO:0030288
Q8WW38	GO:0007507;GO:0001085;GO:0005634;GO:0005654;GO:0048568;GO:0001701;GO:0000122;GO:0005737;GO:0060412;GO:0030324;GO:2000020;GO:0045599;GO:0003148;GO:0060548;GO:0001570;GO:0008134;GO:0060045;GO:0000790;GO:0003221;GO:0003714;GO:0007506;GO:0030154;GO:0007596;GO:0045944;GO:0045892;GO:0003677;GO:0003713;GO:2000195;GO:0008270
Q1Q8N2	GO:0008360;GO:0009252;GO:0007049;GO:0051301;GO:0019277;GO:0008760;GO:0005737;GO:0071555
Q8GU83	GO:0042626;GO:0005524;GO:0016021
P16784	GO:0019068;GO:0042802;GO:0042025;GO:0019033;GO:0044177;GO:0039701
Q6SW85	GO:0019068;GO:0042802;GO:0042025;GO:0019033;GO:0044177;GO:0039701
O93988	GO:0006629;GO:0005737;GO:0005524;GO:0046872;GO:0003878
Q74BE1	GO:0042744;GO:0004096;GO:0070301;GO:0046872;GO:0005829;GO:0020037
Q9Z0L1	GO:0038036;GO:0005739;GO:0019222;GO:0004930;GO:0007189;GO:0005737;GO:0005886;GO:0005887
Q8W4I6	GO:1902326;GO:0009651;GO:0005739;GO:0016787;GO:0009741;GO:0009646;GO:0009416;GO:0009742;GO:0003729;GO:1901259;GO:0009570;GO:0032502;GO:0009658;GO:0006355;GO:0005525;GO:1904143;GO:0019843;GO:0009507
Q6DV88	GO:0039694;GO:0003725;GO:0039502;GO:0042025;GO:0019031;GO:0039564;GO:0004483;GO:0075512;GO:0005198;GO:0005525;GO:0005576;GO:0044220;GO:0004482;GO:0005524;GO:0016021;GO:0019028;GO:0003724;GO:0003968;GO:0039654;GO:0055036;GO:0046983;GO:0044167;GO:0046872;GO:0039520;GO:0019062;GO:0004252
Q6BSL1	GO:0043488;GO:0003729;GO:0005737;GO:0000166;GO:0015031
P10669	GO:0030510;GO:0032926;GO:0051798;GO:0038102;GO:0002244;GO:0000122;GO:0007275;GO:0048185;GO:0005615;GO:0030154
A0A0A2KMZ4	GO:0016491;GO:0071949
Q5RAD6	GO:0038023;GO:0005886;GO:0031225
Q223E4	GO:0043165;GO:0015920;GO:0010033;GO:0009279
Q60048	GO:0046686;GO:0046872;GO:0030001;GO:0005886;GO:0005524;GO:0016021;GO:0019829
Q14999	GO:0006511;GO:0005813;GO:0005737;GO:0005794;GO:0000226;GO:0016567;GO:0001890;GO:0006508;GO:0016032;GO:0007030;GO:0005829;GO:0043687;GO:0001570;GO:0036498;GO:0031625;GO:0048471;GO:0005680;GO:0000281;GO:0007088;GO:0031467;GO:0050775;GO:1990393;GO:0001837
Q97E62	GO:0055129;GO:0004350;GO:0005737;GO:0050661
A4QKI2	GO:0006351;GO:0003899;GO:0003677;GO:0008270;GO:0009507
Q2IQD6	GO:0019464;GO:0004375;GO:0009116
Q704Y3	GO:0042802;GO:1990090;GO:0045211;GO:0005739;GO:0009408;GO:0005516;GO:0071312;GO:0071356;GO:0015278;GO:0034220;GO:0000122;GO:1901594;GO:0019233;GO:0097603;GO:0010917;GO:0001774;GO:0045202;GO:0071502;GO:0031226;GO:0005261;GO:0051289;GO:0014047;GO:0043065;GO:0048265;GO:0034605;GO:0043025;GO:0035091;GO:0005886;GO:0016020;GO:0003085;GO:0005524;GO:0009268;GO:0010459;GO:0005829;GO:0016021;GO:0030425;GO:0048266;GO:0005887;GO:0050960;GO:0001659;GO:0008324;GO:0070588;GO:0001660;GO:0010243;GO:0014832;GO:0005216;GO:0006629;GO:0006816;GO:0005231;GO:0071345;GO:0004888;GO:0002024;GO:0051219;GO:0005262;GO:0043005;GO:0043434;GO:0002790;GO:0045429;GO:0050968;GO:0006812;GO:0009897;GO:0071318;GO:0050965;GO:0050954;GO:0060083;GO:0071468;GO:0005230;GO:0090212;GO:0032591;GO:0060454;GO:0046872;GO:0007204;GO:0015276;GO:0098703;GO:0017081
P62359	GO:0000105;GO:0005737
Q1QUG5	GO:0006094;GO:0006096;GO:0005737;GO:0004347
A0K7U1	GO:0003723;GO:0051539;GO:0070041;GO:0005506
Q94C77	GO:0010030;GO:0005886;GO:0009789;GO:0005524;GO:0016021;GO:0042631;GO:0006468
Q9ZD94	
P30573	GO:0030428;GO:0006038;GO:0004100;GO:0030448;GO:0009405;GO:0071260;GO:0071555;GO:0005886;GO:0016021;GO:1903561
P58745	GO:0005737;GO:0071424;GO:0070475
P56764	GO:0006351;GO:0003899;GO:0003677;GO:0009570;GO:0008270;GO:0042644;GO:0009507
Q04962	GO:0042730;GO:0005509;GO:0005615;GO:0007596;GO:0004252
Q04EE0	GO:0000774;GO:0006457;GO:0005737;GO:0042803;GO:0051087
Q8BQC8	GO:0006357;GO:0005634;GO:0000981;GO:0005654;GO:0046872;GO:0000977
A5E7U2	GO:0004128;GO:0005789;GO:0016021;GO:0003954;GO:0005741
Q88AK8	GO:0006281;GO:0006310;GO:0003911;GO:0006260
H6VLG5	GO:0000287;GO:0009507;GO:0016114;GO:0010333
Q54PF8	GO:0007166;GO:0016021;GO:0004888
O33367	GO:0046872;GO:0006265;GO:0003677;GO:0003918;GO:0005737;GO:0005694;GO:0005524;GO:0006261
Q944W2	GO:0015293;GO:0005985;GO:0005886;GO:0016021;GO:0008643
Q4KF90	GO:0004801;GO:0005737;GO:0006098;GO:0005975
Q9NR12	GO:0001503;GO:0007507;GO:0005925;GO:0003779;GO:0031941;GO:0046872;GO:0005912;GO:0051371;GO:0005654;GO:0001726;GO:0001725;GO:0045669;GO:0030036;GO:0061061;GO:0007411;GO:0030018;GO:0005829;GO:0015629;GO:0006898
P80476	GO:0005507;GO:0005344;GO:0016491;GO:0031404;GO:0005615
A9A043	GO:0051539;GO:0003861;GO:0009098;GO:0046872
G5EFD5	GO:0006508;GO:0004222;GO:0008237;GO:0045026;GO:0098609;GO:0006509;GO:0005886;GO:0016020;GO:0016021
C6E2B3	GO:0051539;GO:0051745;GO:0019288;GO:0050992;GO:0046872;GO:0016114
P04412	GO:0042802;GO:0043703;GO:0016330;GO:0070374;GO:0007391;GO:0001654;GO:0003015;GO:0007309;GO:0007477;GO:0009792;GO:0008071;GO:0035088;GO:0043066;GO:0007443;GO:0045572;GO:0048749;GO:0048149;GO:0009925;GO:0007479;GO:0010629;GO:0035277;GO:2000134;GO:0045198;GO:0007422;GO:0007431;GO:0005886;GO:0022008;GO:0046673;GO:0005524;GO:0007426;GO:0008586;GO:0030031;GO:0042675;GO:0008355;GO:0007173;GO:0005887;GO:0008406;GO:0007455;GO:0010628;GO:0035309;GO:0035159;GO:0002009;GO:0001742;GO:0007472;GO:0046530;GO:0007444;GO:0008284;GO:0090303;GO:1903688;GO:0007275;GO:0048865;GO:0035225;GO:0007169;GO:0035310;GO:0007298;GO:0004714;GO:0016333;GO:0030718;GO:0007390;GO:0033674;GO:0007474;GO:0007476;GO:0007367;GO:0009880;GO:0042327;GO:0046843;GO:0035149;GO:0061331;GO:0048546;GO:0016318;GO:0035160;GO:0043235;GO:2001234;GO:0007395;GO:0001751;GO:0005006;GO:0008340;GO:0030381;GO:0051781;GO:0007482
Q9PJY2	GO:0005576;GO:0016021;GO:0009279;GO:0005618
Q9SJK6	GO:0009506;GO:0016887;GO:0042626;GO:0005524;GO:0016021
A5UU33	GO:0006782;GO:0050661;GO:0015995;GO:0008883
B6EKL2	GO:0005737;GO:0004719;GO:0030091
A5W9B2	GO:0004457;GO:0010181;GO:0005886;GO:0019516
B4RW28	GO:0042744;GO:0004096;GO:0046872;GO:0006979;GO:0020037
Q9UHB4	GO:0010181;GO:0008219;GO:0036245;GO:0048471;GO:0045111;GO:0055114;GO:0016491;GO:0003958;GO:0050660;GO:0005654;GO:0005737;GO:0050661;GO:0005829;GO:0016709;GO:0016226
Q6ZPS2	GO:0046872;GO:0016887;GO:0047730;GO:0035499;GO:0005524;GO:0102102
Q3IL20	GO:0009014;GO:0009089;GO:0050897;GO:0008270;GO:0019877
C0R4T5	GO:0051539;GO:0051745;GO:0019288;GO:0050992;GO:0046872;GO:0016114
A0KNK7	GO:0003676;GO:0006430;GO:0005737;GO:0004824;GO:0005524;GO:0000287
Q9I9K0	GO:0001085;GO:0006357;GO:0005634;GO:0003677;GO:0046872
Q2W3F8	GO:0005737;GO:0016149
O54693	GO:0010467;GO:0001942;GO:0005123;GO:0005102;GO:0043123;GO:0060662;GO:0061153;GO:0090263;GO:0005576;GO:0005164;GO:0006955;GO:0060789;GO:0005886;GO:0038177;GO:0005887;GO:1901224;GO:0010628;GO:0005789;GO:0007160;GO:1901222;GO:0030154;GO:0042475;GO:0005581;GO:0019221;GO:0043588;GO:0051092;GO:0045177;GO:0043473;GO:0005811
Q7SH33	GO:0071004;GO:1903241;GO:0003676;GO:0005634;GO:1990447;GO:0003724;GO:0005524;GO:0000398;GO:1990446
P0C596	GO:0070373;GO:0033549;GO:0005634;GO:0008138;GO:0004725;GO:0005737;GO:0042692;GO:0006470
A9KKU0	GO:0006457;GO:0051082;GO:0005524
Q9W669	GO:0005634;GO:0030520;GO:0005496;GO:0071392;GO:0043565;GO:0008270;GO:0004879;GO:0030284
B2GCV0	GO:0005737;GO:0009088;GO:0005524;GO:0004413
B8JAC4	GO:0006096;GO:0005576;GO:0009986;GO:0000015;GO:0004634;GO:0000287
A4HFE4	GO:0017108;GO:0005739;GO:0006260;GO:0005730;GO:0043137;GO:0003677;GO:0005654;GO:0000287;GO:0006284;GO:0008409
Q6A051	GO:0005604;GO:0030246;GO:0009887;GO:0009888;GO:0016477;GO:0005886;GO:0034446;GO:0016021;GO:0007186
Q6A7Z2	GO:0009099;GO:0050661;GO:0009097;GO:0000287;GO:0004455
Q767F1	GO:0006718;GO:0035049;GO:0032259;GO:0019010
A1WCM8	GO:0006351;GO:0003899;GO:0003677;GO:0008270;GO:0000287
Q13F27	GO:0003991;GO:0005737;GO:0042450;GO:0005524
Q90670	GO:0004675;GO:0061550;GO:0046872;GO:1901389;GO:0048333;GO:0043525;GO:0009798;GO:0045178;GO:0008283;GO:0048185;GO:0005524;GO:0016021;GO:0032924
P0CN50	GO:0032436;GO:0001732;GO:0005634;GO:0006413;GO:0033290;GO:0003743;GO:0071540;GO:0005852;GO:0070196;GO:0016282;GO:0005829
Q2FIM4	GO:0003824
Q6ZQA6	GO:0032808;GO:0016021
B6YWL5	GO:0005737;GO:0006096;GO:0004618;GO:0005524
Q6BW46	GO:0016021
Q89AR5	GO:0004795;GO:0009088;GO:0030170
P39059	GO:0070062;GO:0005576;GO:0005201;GO:0001886;GO:0001525;GO:0007165;GO:0007155;GO:0016021;GO:0031012;GO:0030020;GO:0030574;GO:0005788;GO:0005582;GO:0062023;GO:0005615;GO:0030198
Q28DE0	GO:0044528;GO:0005739
A5A6I6	GO:0008199;GO:0034756;GO:0070371;GO:0045893;GO:0055037;GO:0030139;GO:0009925;GO:0007257;GO:0008198;GO:0045780;GO:0005886;GO:0048260;GO:0005770;GO:2000147;GO:0007015;GO:0005905;GO:0060395;GO:0006826;GO:0048471;GO:0005769;GO:0016324;GO:1990712;GO:0030316;GO:0006879;GO:0031232;GO:0034986;GO:1990459;GO:0071281;GO:0005615;GO:0019731
P12824	GO:0020002;GO:0019064;GO:0044175;GO:0055036;GO:0019031;GO:0098670;GO:0016021
C1A9T6	GO:0006082;GO:0008776;GO:0005737;GO:0005524;GO:0000287;GO:0006085
A0AHK7	GO:0006541;GO:0003922;GO:0005524;GO:0016462
P0CM24	GO:0006620;GO:0016887;GO:0045048;GO:0043529;GO:0005524;GO:0046872
Q0TJH0	GO:0046677;GO:0015562;GO:0008559;GO:0016887;GO:0005524;GO:0005887;GO:1990961
B5FBB1	GO:0006412;GO:0006464;GO:0016881;GO:0005524;GO:0046872
Q9L9C1	GO:0010124;GO:0047475;GO:0005524
A6LTM8	GO:0008616;GO:0016740;GO:0005737;GO:0016853
Q0RQS0	GO:0009039;GO:0005737;GO:0016151;GO:0043419
B4RQ17	GO:0009073;GO:0005737;GO:0009423;GO:0000166;GO:0046872;GO:0003856
P28977	GO:0019031;GO:0019048;GO:0055036;GO:0016021
P11047	GO:0043260;GO:0005604;GO:0005201;GO:0050679;GO:0005788;GO:0005576;GO:0065003;GO:0043259;GO:0009888;GO:0034446;GO:0031581;GO:0062023;GO:0043687;GO:0007492;GO:0070062;GO:0035633;GO:0005606;GO:0009887;GO:0022617;GO:0030198;GO:0007155;GO:0044267;GO:0016477;GO:0005615
P62644	GO:0006935;GO:0000156;GO:0008984;GO:0005737;GO:0018277;GO:0006482;GO:0050568
Q5E775	GO:0051539;GO:0002935;GO:0070040;GO:0000049;GO:0005737;GO:0046872;GO:0019843;GO:0070475
Q97Q56	GO:0009073;GO:0005737;GO:0009423;GO:0000166;GO:0046872;GO:0003856
P37899	GO:0005524
Q15935	GO:0006357;GO:0001227;GO:0000790;GO:0000981;GO:0000122;GO:0046872;GO:0000977
Q110D1	GO:0003677;GO:0046983;GO:0006351;GO:0003899
Q804Q5	GO:0000978;GO:0006357;GO:0045892;GO:0007399;GO:0005634;GO:0000981;GO:0021536;GO:0021854;GO:0007417;GO:0071679;GO:0008593;GO:0097150;GO:0021767;GO:0046872;GO:0030900;GO:0021954;GO:0021879
Q8EZ24	GO:0051539;GO:0008616;GO:0016840;GO:1904047;GO:0000287
B5ZMJ0	GO:0030956;GO:0016787;GO:0050567;GO:0005524;GO:0006412
A1W838	GO:0030170;GO:0008721;GO:0046416;GO:0016836
Q796Q6	GO:0003700;GO:0009058;GO:0030170;GO:0003677;GO:0008483;GO:1901605
A6L3G1	GO:0065002;GO:0006605;GO:0005737;GO:0005886;GO:0017038;GO:0005524;GO:0046872
P50140	GO:0002119;GO:0005759;GO:0006457;GO:0008134;GO:0045041;GO:0005743;GO:0007005;GO:0005739;GO:0008637;GO:0051087;GO:0005524;GO:0034514;GO:0042026;GO:0009792
P0DQF9	GO:0090729;GO:0005576
Q5FVG2	GO:0032525;GO:0007398;GO:0032091;GO:0003382;GO:0005654;GO:0001701;GO:0005856;GO:0071560;GO:0010634;GO:0070201;GO:0008092;GO:0048319;GO:0070986;GO:0005925;GO:0005912;GO:0051894;GO:0005886;GO:0007509;GO:0030036;GO:0007498;GO:0005829;GO:0007492;GO:0048318;GO:0003383;GO:0032587;GO:0048617;GO:0009826;GO:0031252;GO:0010608;GO:0022408;GO:0006931;GO:0001756;GO:0019904;GO:0048339;GO:0031032;GO:0000904;GO:0001954;GO:0032092;GO:0001839;GO:0001837
Q6AXX2	
Q5SGE0	GO:0003697;GO:0000961;GO:0005637;GO:0005634;GO:0005640;GO:0005739;GO:0005874;GO:0042645;GO:0048487;GO:0005654;GO:0005737;GO:0005856;GO:0070129;GO:0031625;GO:0003723;GO:0000794;GO:1990904;GO:0048471;GO:0051028
A0RMN5	GO:0052865;GO:0009228;GO:0008661;GO:0030976;GO:0000287;GO:0016114
Q9Z034	GO:0042025;GO:0006260;GO:0016888;GO:0018142;GO:0003677;GO:0003724;GO:0005524;GO:0046872;GO:0003723;GO:0016779
B2T1M4	GO:0030956;GO:0016787;GO:0050567;GO:0005524;GO:0006412
P39830	GO:0015299;GO:0005886;GO:0000166;GO:0016021;GO:0006813
P58267	GO:0045892;GO:0007399;GO:0000790;GO:0042393;GO:0005737;GO:0071565;GO:0003712;GO:0008270;GO:0045944
B6JLN1	GO:0000049;GO:0006424;GO:0005737;GO:0005524;GO:0004818
Q29552	GO:0004507;GO:0005743;GO:0006704;GO:0008203;GO:0071375;GO:0032342;GO:0034650;GO:0006700;GO:0047783;GO:0005506;GO:0020037
Q82WI9	GO:0051539;GO:0003861;GO:0009098;GO:0046872
Q3SLQ6	GO:0003677;GO:0006351;GO:0032549;GO:0003899
P0C595	GO:0070373;GO:0033549;GO:0005634;GO:0008138;GO:0004725;GO:0005737;GO:0042803;GO:0032991;GO:0042692;GO:0006470
A1A2Z2	GO:0000287;GO:0008966;GO:0005975
A8F9E6	GO:0000287;GO:0008966;GO:0005975
A2QCV4	GO:0005789;GO:0004128;GO:0005741;GO:0016021
Q1JQ97	GO:0005813;GO:0007286;GO:0071539;GO:0005634;GO:0001843;GO:0040018;GO:0001103;GO:0021756;GO:0045494;GO:0032465;GO:0048854;GO:1902855;GO:0035176;GO:0034451;GO:0005929;GO:0030674;GO:0005814;GO:0031514;GO:1903546;GO:0035845;GO:0060170;GO:0021766;GO:0001764;GO:0010629;GO:0016358;GO:0007608;GO:0001917;GO:0032391;GO:0046548;GO:0003085;GO:0005829;GO:1905515;GO:0021987;GO:0060296;GO:0038108;GO:0051457;GO:0021591;GO:0048487;GO:0045444;GO:0051492;GO:0000242;GO:0030837;GO:0034464;GO:0034454;GO:0036064;GO:0034260;GO:0043014;GO:0007098;GO:0034452;GO:0019216;GO:0000281;GO:0001750;GO:0060613;GO:0060324;GO:0045724;GO:0030534;GO:0015031
O06993	GO:0050082;GO:0030246;GO:0000025;GO:0004553;GO:0005975
Q049Y3	GO:0006096;GO:0005576;GO:0009986;GO:0000015;GO:0004634;GO:0000287
P0DM40	GO:0007520;GO:0002281;GO:0005509;GO:0030315;GO:0033292;GO:0002280;GO:0006906;GO:0061025;GO:0016021;GO:0031410;GO:0001778;GO:0005544;GO:0007009;GO:0050765
Q12EK9	GO:0008759;GO:0009245;GO:0103117;GO:0046872
P97879	GO:0045211;GO:0098978;GO:0045121;GO:0030159;GO:0035259;GO:0005102;GO:0055037;GO:0098887;GO:0016358;GO:0043025;GO:0005886;GO:0008022;GO:0030425;GO:0043204;GO:0008104;GO:0005789;GO:0043005;GO:0014069;GO:0150012;GO:0007399;GO:0098794;GO:0099003;GO:0015031
B8HLD2	GO:0006457;GO:0031072;GO:0051082;GO:0006260;GO:0009408;GO:0005737;GO:0008270;GO:0005524
A8MJX1	GO:0006223;GO:0044206;GO:0004845;GO:0005525;GO:0000287;GO:0009116
A6TW06	GO:0000287;GO:0008966;GO:0005975
Q6CZ25	GO:0016301;GO:0005524;GO:0005975
Q3IFM1	GO:0051539;GO:0019344;GO:0009337;GO:0000103;GO:0050661;GO:0070814;GO:0004783;GO:0046872;GO:0020037
Q83883	GO:0039694;GO:0006351;GO:0018144;GO:0004197;GO:0003968;GO:0003724;GO:0033644;GO:0005524;GO:0016021;GO:0003723
P59317	GO:0009016;GO:0030170;GO:0006526;GO:0005737;GO:0009089;GO:0003992
O73630	GO:0003700;GO:0005634;GO:0007165;GO:0003677;GO:0005737;GO:0048511
D1A4Q3	GO:0010125;GO:0000287;GO:0102710;GO:0008375
P17041	GO:1990837;GO:0000978;GO:0006357;GO:0005634;GO:0000981;GO:0046872
P96156	GO:0042597;GO:0005576;GO:0000272;GO:0008061;GO:0004553;GO:0030246;GO:0006032
P29108	GO:0006633;GO:0045300;GO:0046872;GO:0102786;GO:0009507
P47931	GO:0030509;GO:0030510;GO:0005634;GO:0038102;GO:0002244;GO:0000122;GO:0005737;GO:0008585;GO:0045596;GO:0032926;GO:0051798;GO:0007276;GO:0043395;GO:0001501;GO:0007275;GO:0048185;GO:0007389;GO:0043616;GO:0030154;GO:0042475;GO:0031069;GO:0005615
Q7PC87	GO:0042626;GO:0005886;GO:0005524;GO:0016021
E7F6D7	GO:0005789;GO:0019706;GO:0006612;GO:0005794;GO:0005783;GO:0016021;GO:0018230
Q47ZY2	GO:0016879;GO:0008616;GO:0008270;GO:0005524
Q6V9Y8	GO:0060976;GO:0005576;GO:0060828;GO:0045732;GO:0090263;GO:1905475;GO:2000050;GO:0042074;GO:0046658;GO:0045807;GO:0009986;GO:0016477;GO:0090090;GO:0062023;GO:0045879
Q5QMZ9	GO:0003677;GO:0008289;GO:0005634
B8IP71	GO:0006189;GO:0004641;GO:0005524;GO:0005737
Q8BG28	GO:0008376;GO:0006493;GO:0000139;GO:0005783;GO:0016021;GO:0006486;GO:0019276
Q8EJC1	GO:0018169;GO:0046872;GO:0016879;GO:0009432;GO:0005737;GO:0005524;GO:0006412;GO:0018410
Q5QXC3	GO:0042744;GO:0004096;GO:0046872;GO:0006979;GO:0020037
Q9U3X4	GO:0008177;GO:0005749;GO:0045335;GO:0000104;GO:0005739;GO:0016491;GO:0006099;GO:0046956;GO:0050660;GO:0006121;GO:0009055
Q2NE10	GO:0051539;GO:0004160;GO:0009099;GO:0009097;GO:0046872
P0CG33	GO:0005801;GO:0000137;GO:0007030;GO:0005794;GO:0032580
A0T0D7	GO:0006351;GO:0003899;GO:0032549;GO:0003677;GO:0009507
P87311	GO:0006511;GO:0007163;GO:0005634;GO:0046872;GO:0005829;GO:1990304;GO:0032153;GO:0044732
Q7ML80	GO:0003723;GO:0005737;GO:0016434
Q67UX0	GO:0016567;GO:0009637;GO:0019005;GO:0005634;GO:0018298;GO:0007623;GO:0005829;GO:0009881
Q94S37	GO:0046872;GO:0005743;GO:0008121;GO:0022904;GO:0016021;GO:0045275
Q06677	GO:0072583;GO:0031982;GO:0005789;GO:0032781;GO:0030276;GO:0043130;GO:0072318;GO:0005737;GO:0043231;GO:0005829;GO:0048309;GO:0006898
O29028	GO:0004834;GO:0030170
Q07DY4	GO:0005938;GO:0043197
P29588	GO:0051539;GO:0046872;GO:0006284;GO:0016798
Q67KB8	GO:0042026;GO:0005737;GO:0051082;GO:0005524
Q9CBX6	GO:0051539;GO:0016829;GO:0044689;GO:0046872
Q92838	GO:0010467;GO:0005123;GO:0005856;GO:0005102;GO:0043123;GO:0060662;GO:0061153;GO:0090263;GO:0005576;GO:0005164;GO:0006955;GO:0060789;GO:0005886;GO:0016020;GO:0038177;GO:0016021;GO:0043231;GO:0005887;GO:1901224;GO:0010628;GO:0005789;GO:0007160;GO:1901222;GO:0030154;GO:0042475;GO:0033209;GO:0005581;GO:0019221;GO:0051092;GO:0045177;GO:0043473;GO:0005811
Q9PTN2	GO:0005634;GO:0005499;GO:0055074;GO:0005737;GO:0000122;GO:0042632;GO:0006355;GO:0055088;GO:0000978;GO:1902098;GO:1902121;GO:0001947;GO:0004879;GO:0001503;GO:0008134;GO:0071425;GO:0006629;GO:0030154;GO:0045944;GO:0003146;GO:0006351;GO:0008270
A4WEJ5	GO:0009039;GO:0005737;GO:0016151;GO:0043419
P77211	GO:0060003;GO:0005507;GO:0015562;GO:0010273;GO:0046930;GO:0070207;GO:0019992;GO:0015288;GO:0006878;GO:0046688;GO:0010272;GO:0005375;GO:0018345;GO:0009279
A1RMG7	GO:0030170;GO:0005737;GO:0006782;GO:0042286;GO:0008483
Q39QC5	GO:0051539;GO:0000049;GO:0005737;GO:0016783;GO:0005524;GO:0000287;GO:0034227
P26358	GO:0071230;GO:1904707;GO:0051571;GO:0005634;GO:1990841;GO:0006306;GO:0016458;GO:0090309;GO:0005654;GO:0000122;GO:1905931;GO:0003723;GO:0009008;GO:0006325;GO:0010629;GO:0005721;GO:0008327;GO:0010628;GO:0051573;GO:0010216;GO:0007265;GO:0045814;GO:0003886;GO:0003677;GO:1905460;GO:0005657;GO:0008270;GO:0043045
Q3T113	GO:0030334;GO:0090559;GO:0043066;GO:0005737;GO:0005886;GO:0016021;GO:0042127
A7FPG0	GO:0003678;GO:0008408;GO:0000724;GO:0005524;GO:0003690
Q9Z0X1	GO:1902065;GO:0005739;GO:0005634;GO:0071949;GO:0005737;GO:0070301;GO:0070059;GO:0071732;GO:0016651;GO:0033108;GO:0010942;GO:0043525;GO:0043065;GO:0008637;GO:0004174;GO:0032981;GO:0005829;GO:0002931;GO:0005741;GO:0051402;GO:1902510;GO:0048471;GO:0090650;GO:0009636;GO:0045041;GO:0005743;GO:0030182;GO:0006915;GO:0055114;GO:0006919;GO:0046983;GO:0071392;GO:0003677;GO:0005758;GO:1904045;GO:0006979;GO:0016174
Q4P1U2	GO:0102265;GO:0017150;GO:0005634;GO:0050660;GO:0005737;GO:0046872
Q8C088	GO:0005509
D3Z987	GO:0003723;GO:0005737;GO:0042803;GO:0045171
Q6DC64	GO:0120048;GO:0005634;GO:0061157;GO:0006402;GO:0048024;GO:0120049;GO:0010608;GO:0005737;GO:0006556;GO:0035613;GO:0001734;GO:0052907;GO:0003723;GO:0080009;GO:0030629;GO:0070475
I3PLQ6	GO:0008171;GO:0046983;GO:0009820;GO:0032259;GO:0030777
Q07KN0	GO:0000049;GO:0005840;GO:0006412;GO:0003735;GO:0019843
P47160	GO:0005768;GO:0034498;GO:0032266;GO:0006895;GO:0030276;GO:0032511;GO:0071985;GO:0005886;GO:0005794;GO:0030036;GO:0043231;GO:0030125;GO:0080025;GO:0005829;GO:0006897;GO:0015031;GO:0005543
Q5KVS7	GO:0006094;GO:0006096;GO:0005737;GO:0004347
Q9Y9D9	GO:0004590;GO:0044205;GO:0006207
Q0KDH0	GO:0008712;GO:0050661;GO:0097171;GO:0005975
Q8PML8	GO:0009245;GO:0008915
O31186	GO:0004022;GO:0008270
P94017	GO:0072583;GO:0005576;GO:0032050;GO:0005905;GO:0006900;GO:0005546;GO:0030136;GO:0048268;GO:0005886;GO:0005794;GO:0006897;GO:0000149;GO:0005545
B6DD17	GO:0090729;GO:0005576
Q18990	GO:0002119;GO:0006807;GO:0046872;GO:0060465;GO:0019856;GO:1905905;GO:0004151;GO:0005737;GO:0006228;GO:0004070;GO:0005524;GO:0016597;GO:0006541;GO:0005829;GO:0044205;GO:0019240;GO:0006207;GO:0004088
B3WE47	GO:0009380;GO:0009432;GO:0003677;GO:0006289;GO:0005737;GO:0009381
Q177G4	GO:0006622;GO:0007601;GO:0006726;GO:0031409;GO:0050896
E9PYI1	GO:0000978;GO:0000976;GO:0006357;GO:0045892;GO:0060028;GO:0005634;GO:0000981;GO:0060669;GO:0022007;GO:0001222;GO:0001701;GO:0000122;GO:0046872;GO:0010646
B5XSX9	GO:0006402;GO:0006396;GO:0005737;GO:0004654;GO:0003723;GO:0000287
P09809	GO:1902995;GO:0018206;GO:0008289;GO:0018158;GO:0008203;GO:0034364;GO:0006869;GO:0050766;GO:0010875;GO:0001540;GO:0050821;GO:0042157;GO:0042277
Q89WI2	GO:0009328;GO:0000049;GO:0005524;GO:0004826;GO:0000287;GO:0006432
Q82JU0	GO:0008534;GO:0006289;GO:0008270;GO:0140078;GO:0003684;GO:0006284
Q03749	GO:0009405;GO:0090729;GO:0005102;GO:0030435
Q70E20	GO:0005509;GO:0005576;GO:0007160;GO:0005112
Q9NQX1	GO:0003700;GO:0000978;GO:0000976;GO:0045892;GO:0001227;GO:0000278;GO:0005634;GO:0016575;GO:0005730;GO:1990830;GO:0005654;GO:0016604;GO:0043565;GO:0000122;GO:0051567;GO:0070491;GO:0046872;GO:0000977;GO:0042054;GO:0010468
P23778	GO:0004721;GO:0046872
Q88938	GO:0020002;GO:0019064;GO:0055036;GO:0019031;GO:0016021;GO:0019062
Q8V736	GO:0039694;GO:0006351;GO:0018144;GO:0004197;GO:0003968;GO:0003724;GO:0005524;GO:0003723
P13552	GO:0003924;GO:0003746;GO:0005737;GO:0005525
Q8EEE1	GO:0005737;GO:0009229;GO:0009228;GO:0016783
Q6NWK2	GO:0035615;GO:0072583;GO:0016055;GO:0008289;GO:0016192;GO:0030122;GO:0006886;GO:0043231;GO:0031410;GO:0006897
P09435	GO:0006457;GO:0031072;GO:0051082;GO:0016192;GO:0005634;GO:0034620;GO:0006986;GO:0016887;GO:0044183;GO:0051787;GO:0006616;GO:0005737;GO:0005886;GO:0042026;GO:0051085;GO:0005524;GO:0005829;GO:0006515
O69687	GO:0008610;GO:0032259;GO:0005886;GO:0008168;GO:0005618
P76464	GO:0004866
Q1GGK7	GO:0006189;GO:0004641;GO:0005524;GO:0005737
C6DA44	GO:0048038;GO:0030964;GO:0005886;GO:0051287;GO:0008137
A0LV11	GO:0018339;GO:0051539;GO:0006400;GO:0005737;GO:0046872;GO:0103039
Q4PE51	GO:0010506;GO:0034198;GO:1990130;GO:0032007;GO:0097042;GO:0035556;GO:0005096
Q75HV1	GO:0005871;GO:0003777;GO:0008017;GO:0008574;GO:0005874;GO:0030705;GO:0016887;GO:0005524;GO:0007018
Q58CW6	GO:0003700;GO:0061400;GO:0071277;GO:0005634;GO:0003677;GO:0035865
Q39FQ4	GO:0003723;GO:0051539;GO:0070041;GO:0005506
P08117	GO:0004556;GO:0005509;GO:0103025;GO:0005975
C8WMP0	GO:0047043;GO:0008202
Q9QSP1	GO:0019031;GO:0055036;GO:0016021
Q8TDY8	GO:0005886;GO:0016021
Q495T6	GO:0046872;GO:0006508;GO:0004222;GO:0004175;GO:0016021;GO:0016020;GO:0005615
A2VDZ4	GO:0042802;GO:0005813;GO:0007099;GO:0000278;GO:0005634;GO:0098535;GO:0000922;GO:0005730;GO:0032465;GO:0005737;GO:0005524;GO:0005814;GO:0046601;GO:0005829;GO:0004674;GO:0006468;GO:0060707;GO:0001741;GO:0098536
F4J8R4	GO:0048364;GO:0010249;GO:0010102;GO:0005829;GO:0010038
C9XIS5	GO:0043722
Q2GKF4	GO:0004817;GO:0005737;GO:0005524;GO:0008270;GO:0006423
Q4V7M2	GO:0005509;GO:0005576;GO:0005783
A9X1A5	GO:0005923;GO:0003774;GO:0016459
Q6LT56	GO:0002098;GO:0016765
D5JAJ1	GO:0070469;GO:0016021;GO:0009916;GO:0102721;GO:0046872;GO:0032047
Q92IC9	GO:0051301;GO:0007049;GO:0003677;GO:0005737;GO:0007059;GO:0009037;GO:0006313
B2S5Z0	GO:0000287;GO:0000162;GO:0004048
Q0BNW4	GO:0009245;GO:0016410
Q9GKY7	GO:0010314;GO:0030314;GO:0045892;GO:0001227;GO:0005634;GO:0001046;GO:0033017;GO:0005546;GO:0032266;GO:0005547;GO:0070273;GO:0070300;GO:0001786;GO:0003677;GO:0000122;GO:0005886;GO:0007275;GO:0016021;GO:0080025
O05700	GO:0006457;GO:0051082;GO:0005524
A2RA63	GO:0005737;GO:0030435;GO:0046872
Q5ZKW2	GO:0008013
Q4FZF3	GO:0005634;GO:0030307;GO:0003724;GO:0044357;GO:0006364;GO:0005524;GO:0003723
A8FDH3	GO:0003684;GO:0030983;GO:0005524;GO:0006298
Q8WVE6	GO:0016021
P22102	GO:0021987;GO:0046872;GO:0070062;GO:0010033;GO:0010035;GO:0046084;GO:0004637;GO:0004644;GO:0003360;GO:0046654;GO:0021549;GO:0005524;GO:0006189;GO:0009168;GO:0005829;GO:0004641;GO:0006164;GO:0006544
B5XZ83	GO:0019556;GO:0019557;GO:0005737;GO:0050480;GO:0008270;GO:0005506
Q27884	GO:0004722;GO:0000082;GO:0046329;GO:0000278;GO:0005737;GO:0046872;GO:0006470
Q3IHR0	GO:0016655;GO:0006814
P67002	GO:0004049;GO:0000162;GO:0046872
Q9D964	GO:0007584;GO:0005743;GO:0010033;GO:0005739;GO:0007611;GO:0015068;GO:0120162;GO:0005758;GO:0046689;GO:0007275;GO:0043434;GO:0014889;GO:0006600;GO:0015067;GO:0006601
Q8N2I2	GO:0000977;GO:0000122;GO:0006357;GO:0046872;GO:0001227;GO:0000790;GO:0000981
P29141	GO:0005576;GO:0004252
P76339	GO:0000160;GO:0004672;GO:0005886;GO:0000155;GO:0005524;GO:0016021;GO:0006974
A8G3X5	GO:0004373;GO:0009011;GO:0033201;GO:0005978
Q20745	GO:0043495;GO:0005521;GO:0030334;GO:0006998;GO:0005637;GO:0007399;GO:0040011;GO:0007097;GO:0034993;GO:0040025;GO:0005856;GO:0005737;GO:0030473;GO:0005635;GO:0016021;GO:0009791;GO:0018991
Q9HKE5	GO:0009236;GO:0008168;GO:0046140;GO:0032259
Q61271	GO:0000082;GO:0001942;GO:0007165;GO:0001701;GO:0006355;GO:0038092;GO:0004674;GO:0006468;GO:0097191;GO:0010629;GO:0009986;GO:0005886;GO:0046777;GO:0005524;GO:0007498;GO:0005829;GO:0007166;GO:0005887;GO:0010628;GO:0048179;GO:1901165;GO:0009966;GO:0016361;GO:0046545;GO:0045648;GO:0048185;GO:0071363;GO:0034711;GO:0032927;GO:0019838;GO:0032924;GO:0030308;GO:0045944;GO:0010862;GO:0004675;GO:0046332;GO:0007399;GO:0007417;GO:0018107;GO:0046872;GO:0043235
Q9FVR6	GO:1901006;GO:0005634;GO:0009579;GO:0006979;GO:0003954;GO:0009507;GO:0010287
Q5Z5B2	GO:0003676;GO:0031047
Q2GZN9	GO:0005737
Q7VKT3	GO:0065002;GO:0006605;GO:0005737;GO:0005886;GO:0017038;GO:0005524;GO:0046872
Q87E11	GO:0004866;GO:0005886
A2BY17	GO:0015940;GO:0005737;GO:0046872;GO:0003864
O62650	GO:0030509;GO:0030510;GO:0005634;GO:0038102;GO:0002244;GO:0000122;GO:0005737;GO:0008585;GO:0045596;GO:0032926;GO:0051798;GO:0007276;GO:0001501;GO:0007275;GO:0048185;GO:0007389;GO:0043616;GO:0030154;GO:0042475;GO:0031069;GO:0005615
Q1LJ82	GO:0006457;GO:0031072;GO:0051082;GO:0006260;GO:0009408;GO:0005737;GO:0008270;GO:0005524
A1L1K8	GO:0015030;GO:0005634;GO:0006397;GO:0005730;GO:0032183;GO:0097504;GO:0071260;GO:0008380;GO:0005737;GO:0030017;GO:0005794;GO:0016607;GO:0016528;GO:0033120;GO:0003723;GO:0005829;GO:0043392;GO:0030578;GO:0045948;GO:0010494
P30418	GO:0009405;GO:0005737;GO:0018008;GO:0004379
Q4FQC7	GO:0006635;GO:0005737;GO:0003988
Q8K572	GO:0033314;GO:0031573;GO:0030896;GO:0005730;GO:0035861;GO:0000724;GO:0006289;GO:0044778;GO:0000723
A9N5A3	GO:0070205;GO:0009234
Q90339	GO:0030016;GO:0032982;GO:0005516;GO:0005524;GO:0051015;GO:0003774;GO:0016459
Q15637	GO:0042802;GO:0005681;GO:0033327;GO:0050810;GO:0005634;GO:0030238;GO:0030575;GO:0048662;GO:0045131;GO:0003714;GO:0000245;GO:0003729;GO:0005654;GO:0005840;GO:0000389;GO:0016604;GO:0000398;GO:0008270;GO:0003723;GO:0000381
Q7NXI3	GO:0006457;GO:0051082;GO:0005524
Q4PM31	GO:0022627;GO:0003735;GO:0006412
Q5SH02	GO:0055129;GO:0004350;GO:0005737;GO:0050661
B2S7N1	GO:0004823;GO:0006429;GO:0002161;GO:0005737;GO:0005524
O88181	GO:0003700;GO:1990837;GO:0045664;GO:0006357;GO:0001764;GO:0030182;GO:0007399;GO:0005634;GO:0030516;GO:0001228;GO:0045727;GO:0000977;GO:0001709;GO:0045944;GO:0045165
E1JIT7	GO:0099738;GO:0008017;GO:0035082;GO:0031115;GO:0044297;GO:0097305;GO:0000139;GO:0005886;GO:0005086;GO:0032014;GO:0001745;GO:0030424;GO:0005543
Q4WED7	GO:0032259;GO:0008171
Q3ZEE5	GO:0006914;GO:0043410;GO:0000932;GO:0005634;GO:0070534;GO:0051607;GO:0051092;GO:0008270;GO:0043123;GO:0045087;GO:0004842;GO:0002218;GO:0031664;GO:0038187
Q9J509	GO:0004674;GO:0005524
Q55085	GO:0006351;GO:0003899;GO:0003677;GO:0008270;GO:0000287
Q4VA44	GO:0000978;GO:0005634;GO:0000981;GO:0006355;GO:0046872
Q6P856	GO:0035615;GO:0072583;GO:0008289;GO:0016192;GO:0030122;GO:0006886;GO:0043231;GO:0031410;GO:0006897
P18247	GO:0039694;GO:0006351;GO:0018144;GO:0005198;GO:0004197;GO:0003968;GO:0008236;GO:0004386;GO:0005524;GO:0003723;GO:0019029
A0A384JQF5	GO:0009405;GO:0016491
Q640K1	GO:0043025;GO:0098794;GO:0030425;GO:0005829;GO:0031175
Q56872	GO:0042351;GO:0070401;GO:0008446;GO:0009243;GO:0019673
A0JMA6	GO:0039003;GO:0000978;GO:0042981;GO:0000976;GO:0006357;GO:1900218;GO:2000611;GO:0000790;GO:0000981;GO:0007367;GO:0039020;GO:0048856;GO:0005654;GO:0001655;GO:0048793;GO:0045893;GO:1900212
Q9M9Q9	GO:0005576;GO:0004601;GO:0042744;GO:0071456;GO:0046872;GO:0006979;GO:0020037
B0JSE0	GO:0003924;GO:0003746;GO:0005737;GO:0005525
O61365	GO:0035002;GO:0015081;GO:0005272;GO:0015280;GO:0006814;GO:0030104;GO:0035725;GO:0016021;GO:0005887
Q5RC07	GO:0007605;GO:0032421;GO:0005737;GO:0032426
A8LYN0	GO:0042026;GO:0005737;GO:0051082;GO:0005524
D4GQN5	GO:0051607;GO:0005737
A7M9B2	GO:0015031;GO:0009706;GO:0016021
Q9NQM4	GO:0005802;GO:0003341;GO:0036159;GO:0036158;GO:0005737;GO:0051087;GO:0045505;GO:0030317;GO:0070286
C5E4V5	GO:0030435;GO:0005739
A1YG26	GO:0005634;GO:0000978;GO:0046872;GO:0001228
Q8PW56	GO:0004152;GO:0004589;GO:0005737;GO:0044205;GO:0006207
Q64143	GO:0010628;GO:0046935;GO:0046854;GO:0043491;GO:0002042;GO:0001934;GO:0043551;GO:0008286;GO:0005942;GO:0001784
Q51NJ3	
P0DMC1	GO:0042802;GO:0032489;GO:0033344;GO:0051180;GO:0010804;GO:0010875;GO:0055091;GO:0007229;GO:0070653;GO:0042632;GO:0034366;GO:0051496;GO:0019899;GO:0010903;GO:0008211;GO:0045499;GO:0001932;GO:0018206;GO:0030139;GO:0050728;GO:0006695;GO:0060228;GO:0070508;GO:0043691;GO:0034375;GO:0070328;GO:0051346;GO:1900026;GO:0001935;GO:0050821;GO:0035025;GO:0042158;GO:0060354;GO:0030300;GO:0033700;GO:0007186;GO:1902995;GO:0015485;GO:0008035;GO:0031072;GO:0032691;GO:0001540;GO:0010873;GO:0019915;GO:0034115;GO:0034361;GO:0006656;GO:0034380;GO:0120020;GO:0043534;GO:0005543;GO:0018158;GO:0051345;GO:0050766;GO:0002719;GO:0034191;GO:0030325
Q8K3P4	GO:0042802;GO:0030855;GO:0005634;GO:0008266;GO:0003727;GO:0005737;GO:0003723;GO:0009725;GO:0005844
Q8X8V7	GO:0007155
Q9PUH8	GO:0102568;GO:0005509;GO:0004623;GO:0005576;GO:0090729;GO:0102567;GO:0016042;GO:0006644;GO:0050482
P34644	GO:0015813;GO:0006972;GO:0005313;GO:0030672;GO:0035249;GO:0006820;GO:1905852;GO:1902437;GO:0005326;GO:0005886;GO:0009612;GO:0016021;GO:0008344;GO:0050803;GO:0010035;GO:0098700;GO:0015501;GO:0060076;GO:0030285;GO:0022857;GO:0061096;GO:0043051
Q2YXZ4	GO:0008360;GO:0009252;GO:0016755;GO:0071555;GO:0005737
O23066	GO:0070330;GO:0006631;GO:0018685;GO:0006952;GO:0005506;GO:0016021;GO:0020037
P16397	GO:0005576;GO:0004252
Q1AT03	
P35705	GO:0042802;GO:0030099;GO:0007005;GO:0005739;GO:0051881;GO:0019901;GO:0034614;GO:0042744;GO:0043027;GO:0032496;GO:0005737;GO:0033673;GO:0045454;GO:0001893;GO:0008022;GO:0018171;GO:0005829;GO:0042542;GO:0005759;GO:0008379;GO:0008284;GO:0005769;GO:0034599;GO:0051092;GO:0032991
O49471	GO:0009870;GO:0061809;GO:0006952;GO:0005524;GO:0050135;GO:0043531
A6ZZ54	GO:0005634;GO:0003677;GO:0008033;GO:0005886;GO:0046872
B9M9G4	GO:0006541;GO:0003922;GO:0005524;GO:0016462
Q9IPJ6	GO:0019031;GO:0055036;GO:0016021
Q27889	GO:0004722;GO:0035220;GO:0045995;GO:0097720;GO:0007143;GO:0005516;GO:0005955;GO:0030431;GO:0005737;GO:0033192;GO:0004723;GO:0046872;GO:0051321;GO:0006470
G2JZ42	GO:0043190;GO:0022857
Q96G28	GO:0005634;GO:0047485;GO:0035869;GO:0005930;GO:0031514;GO:0097546
Q6GET9	GO:0004645;GO:0006206;GO:0046872;GO:0006213;GO:0016154
Q5ZLV4	GO:0016428;GO:0001510;GO:0005819;GO:0070062;GO:2000736;GO:0030488;GO:0005739;GO:0005634;GO:0010793;GO:0005730;GO:0036416;GO:0000049;GO:0005737;GO:0008168;GO:0062152;GO:0080009
A6TD24	GO:0003684;GO:0030983;GO:0005524;GO:0006298
B4T593	GO:0022900;GO:0005886;GO:0055085;GO:0016021
Q9NJ15	GO:0005576;GO:0005886;GO:0004252;GO:0016021
B3SRS1	GO:0003723;GO:0016032;GO:0006417;GO:0030430
Q119S1	GO:0042026;GO:0005737;GO:0051082;GO:0005524
A6UV17	GO:0003723;GO:0031119;GO:0106029
Q48883	GO:0005737;GO:0005524
Q4WBU0	GO:0030248;GO:0030245;GO:0005576;GO:0008810
B1LVH1	GO:0046961;GO:0045261;GO:0005886;GO:0005524;GO:0046933
B3QNE9	GO:0016992;GO:0051539;GO:0005737;GO:0102553;GO:0046872;GO:0102552;GO:0009249
Q9ZE33	GO:0051539;GO:0010181;GO:0048038;GO:0051287;GO:0046872;GO:0008137
A9W1A4	GO:0005737;GO:0016149
O43303	GO:0005813;GO:0007099;GO:0010389;GO:0051298;GO:1903723;GO:0032465;GO:0016579;GO:0045724;GO:0005929;GO:0000086;GO:0005814;GO:0032991;GO:0005829;GO:0097711;GO:0032053;GO:1902018
Q15124	GO:0016868;GO:0005925;GO:0014706;GO:0016010;GO:0009898;GO:0005912;GO:0007155;GO:0005975;GO:0030239;GO:0001725;GO:0014704;GO:0030055;GO:0043034;GO:0030018;GO:0005198;GO:0000287;GO:0006006;GO:0042383;GO:0005914;GO:0005829
P75579	GO:0046677;GO:0005840;GO:0006412;GO:0003735;GO:0019843
O07622	GO:0051537;GO:0016491;GO:0005737;GO:0016020;GO:0046872
Q07652	GO:0099626;GO:0008542;GO:0047485;GO:0008332;GO:0019233;GO:0030317;GO:0042593;GO:0061178;GO:0034765;GO:0048265;GO:0022843;GO:0098982;GO:0005891;GO:0043204;GO:0048266;GO:0005509;GO:0070588;GO:0099055;GO:0090273;GO:0006816;GO:0019226;GO:0005245;GO:0070509;GO:0002027;GO:0099056;GO:0050877;GO:0001662;GO:0007268;GO:0042596;GO:0007626
Q6MRK1	GO:0004828;GO:0016260;GO:0097056;GO:0006434;GO:0005737;GO:0005524
B3Q972	GO:0006457;GO:0051082;GO:0005524
Q18CP5	GO:0043722
P48968	GO:0051301;GO:0007049;GO:0005634;GO:0004725;GO:1902751
Q9P2M7	GO:0030054;GO:0003779;GO:0005886;GO:0005923;GO:0007179;GO:0045296;GO:0003774;GO:0016459
Q6PBE2	GO:0005634;GO:0000974;GO:0000398;GO:0071007;GO:0071013
P10183	GO:0003677;GO:0003700;GO:0005737;GO:0019439
Q569U0	GO:0016459;GO:0003779;GO:0005739;GO:0090140;GO:0016887;GO:0032465;GO:0005524;GO:0003774;GO:0005741
P19498	GO:0051539;GO:0050454;GO:0016151;GO:0050660
Q5N3T6	GO:0042026;GO:0005737;GO:0051082;GO:0005524
B0RXD3	GO:0042744;GO:0004096;GO:0046872;GO:0006979;GO:0020037
P23050	GO:0003700;GO:0006357;GO:0042025;GO:0005667;GO:0003677
Q95165	GO:0016324;GO:0034706;GO:0050891;GO:0050909;GO:0015280;GO:0035725;GO:0055078;GO:0050896;GO:0030659;GO:0005887
Q05280	GO:0016787
B2FMS2	GO:0002161;GO:0005737;GO:0004832;GO:0005524;GO:0006438
A9KE95	GO:0004834
Q5E743	GO:0006412;GO:0006464;GO:0016881;GO:0005524;GO:0046872
B6EH18	GO:0006412;GO:0006464;GO:0016881;GO:0005524;GO:0046872
P49063	GO:0005576;GO:0004650;GO:0005975;GO:0071555;GO:0047911;GO:0005618
Q89QW7	GO:0051539;GO:0051745;GO:0019288;GO:0050992;GO:0046872;GO:0016114
Q9JXR8	GO:0006633;GO:0005737;GO:0043811;GO:0008654
Q9WX71	GO:0030244;GO:0006011;GO:0009279
A5EKB0	GO:0006457;GO:0051301;GO:0007049;GO:0005737;GO:0003755;GO:0015031
A5GBB7	GO:0006281;GO:0006310
Q6NTZ6	GO:0046920;GO:0032580;GO:0006486;GO:0016021
A2T379	GO:0042773;GO:0048038;GO:0009535;GO:0016021;GO:0008137
B7H6M4	GO:0004151;GO:0044205;GO:0008270
Q55BD5	GO:0005737;GO:0008180
B9MH46	GO:0006351;GO:0003899;GO:0003677;GO:0008270;GO:0000287
P43406	GO:0034686;GO:0031994;GO:0050748;GO:0045785;GO:0038044;GO:0034684;GO:0031528;GO:0007229;GO:0005102;GO:0001968;GO:0050764;GO:0070371;GO:0071731;GO:0046718;GO:0097192;GO:2000536;GO:0038132;GO:0005925;GO:0042110;GO:0001525;GO:0010745;GO:0051209;GO:0009986;GO:1901388;GO:0005886;GO:0016020;GO:0031258;GO:0034446;GO:0009566;GO:0005829;GO:0033690;GO:0034685;GO:0060707;GO:0035867;GO:0001570;GO:0031589;GO:0070588;GO:0033627;GO:0032587;GO:0032369;GO:0034113;GO:0007160;GO:0006954;GO:0008284;GO:0008305;GO:0001568;GO:0032490;GO:0038027;GO:0043277;GO:0005245;GO:0002020;GO:0031527;GO:0030335;GO:0043542;GO:0010888;GO:0050840;GO:0009897;GO:0035987;GO:0035262;GO:0017134;GO:0050919;GO:0005178;GO:0048041;GO:0034683;GO:0035868;GO:0045124;GO:0007155;GO:2001237;GO:0045715;GO:0016477;GO:1990430;GO:0019960;GO:0046872;GO:0007204;GO:0050431
Q13E60	GO:0006457;GO:0051082;GO:0005524
P11939	GO:0035976;GO:0005634;GO:0000981;GO:0034614;GO:0005654;GO:0005783;GO:0007179;GO:0032993;GO:0000978;GO:0006357;GO:0071277;GO:0005829;GO:0031668;GO:0070412;GO:0035994;GO:0003682;GO:0060395;GO:0035914;GO:0000979;GO:0001102;GO:0007399;GO:0001228;GO:0042493;GO:0045672;GO:0071276
O35468	GO:0072078;GO:0072174;GO:0003339;GO:0007165;GO:0072046;GO:0061038;GO:0001701;GO:0005102;GO:0005109;GO:0045165;GO:0001932;GO:0016055;GO:0039706;GO:0060021;GO:0009786;GO:0001658;GO:0007267;GO:0072038;GO:0043085;GO:0001822;GO:0060071;GO:0072170;GO:0048018;GO:0009887;GO:0030539;GO:0005125;GO:0072181;GO:0048701;GO:1990851;GO:1905438;GO:0072164;GO:0060070;GO:0060993;GO:1902455;GO:0030182;GO:0072044;GO:1904948;GO:0048754;GO:0009267;GO:0035150;GO:0072003;GO:0005615
A7XV07	GO:0001817;GO:0050852;GO:0005102;GO:0016021;GO:0009897;GO:0050776
Q3MHE8	GO:0045047;GO:0003924;GO:0006605;GO:0005789;GO:0005785;GO:0005047;GO:0016020;GO:0005525;GO:0006614
B3PFU1	GO:0002098;GO:0016765
A3QAT3	GO:0042744;GO:0004096;GO:0046872;GO:0006979;GO:0020037
Q27589	GO:0004497;GO:0005789;GO:0016705;GO:0005506;GO:0020037
A4QL96	GO:0006351;GO:0003899;GO:0003677;GO:0008270;GO:0009507
P03594	GO:0006351;GO:0030430;GO:0016888;GO:0039690;GO:0003968;GO:0000166;GO:0003723
Q2LSF6	GO:0003924;GO:0006400;GO:0005737;GO:0046872;GO:0005525
A2RRU4	GO:0032934;GO:0045540;GO:0001666;GO:0019217;GO:0006955;GO:0005789;GO:0008203;GO:0032868;GO:0090110;GO:0000139;GO:0016021;GO:0012507;GO:0044877;GO:0032933;GO:0044255;GO:0042304;GO:0045542;GO:0007568;GO:0032991;GO:0043231
Q67653	GO:0006351;GO:0016787;GO:0003968;GO:0000166;GO:0003723
Q99JZ7	GO:0042059;GO:0043589;GO:0060428;GO:0032869;GO:0005634;GO:0019901;GO:0005737;GO:0071364;GO:0007175;GO:0031234;GO:0071474;GO:0042536;GO:0060426;GO:1903243;GO:0061469;GO:0005886;GO:0036120;GO:0019900;GO:0005829;GO:0031267;GO:0032691;GO:0017124;GO:0031098;GO:0071549;GO:0050732;GO:0070373;GO:0045616;GO:0032966;GO:0031953;GO:0048286
Q9XI90	GO:0003700;GO:0000976;GO:0005634;GO:0009751;GO:1900150;GO:0009723;GO:0003677;GO:0006952;GO:0043565;GO:1900425;GO:0046872;GO:0009753
B5XV49	GO:0003684;GO:0030983;GO:0005524;GO:0006298
B1KLC4	GO:0008933;GO:0016998;GO:0071555;GO:0016837;GO:0009279
Q9W6V2	GO:0031225;GO:0005886;GO:0007155
Q9ZUX7	GO:0006400;GO:0005739;GO:0052381;GO:0009824;GO:0005524;GO:0005829;GO:0009691
A4T2X3	GO:0042026;GO:0005737;GO:0051082;GO:0005524
P0CJ82	GO:0005886;GO:0006813;GO:0016021;GO:0008324
P24612	GO:0032589;GO:0007638;GO:0050976;GO:0015280;GO:0061096;GO:1905789;GO:0035725;GO:0009612;GO:0030424;GO:0005887;GO:1905792
Q39RG3	GO:0006281;GO:0006310
Q8EIQ6	GO:0019464;GO:0004375;GO:0030170;GO:0005960;GO:0016594;GO:0005829
A9KK93	GO:0045261;GO:0005886;GO:0005524;GO:0042777;GO:0046933
Q60CZ8	GO:0009626;GO:0005737;GO:0016020;GO:0005524;GO:0043531
B9MDV4	GO:0030170;GO:0000105;GO:0004400
Q8R5F8	GO:1900029;GO:0003779;GO:0016601;GO:0032587;GO:0042608;GO:0007266;GO:0035023;GO:0001726;GO:0005886;GO:0051015;GO:0032991;GO:0005829;GO:0030676
Q499Z4	GO:0006357;GO:0005634;GO:0000981;GO:0005654;GO:0043565;GO:0046872
B5E4P5	GO:0003678;GO:0008408;GO:0000724;GO:0005524;GO:0003690
Q7NZ33	GO:0006457;GO:0051082;GO:0016887;GO:0005524;GO:0016226
O88479	GO:0003700;GO:0006357;GO:0005634;GO:0005667;GO:0003677;GO:0005783;GO:0005829
Q7N9E5	GO:0009016;GO:0030170;GO:0006526;GO:0005737;GO:0009089;GO:0003992
Q6GEN7	GO:2001059;GO:0019512;GO:0009025;GO:0009024
A6LP75	GO:0019556;GO:0005737;GO:0016153;GO:0019557
E9Q286	GO:0015030;GO:0035327;GO:0031334;GO:0042795;GO:0045945;GO:0005654;GO:0016604;GO:0035363;GO:0042796;GO:0090316;GO:0030674;GO:0008023
B1LLL8	GO:0070205;GO:0009234
Q90115	GO:0055036;GO:0019031
Q62656	GO:0048814;GO:0045211;GO:0098978;GO:0007420;GO:0072534;GO:0008285;GO:0008542;GO:0031641;GO:1900149;GO:0002244;GO:0005737;GO:0030027;GO:0050731;GO:0035335;GO:0030424;GO:0010976;GO:0045202;GO:0021766;GO:0031226;GO:2001224;GO:0031012;GO:0048666;GO:0030175;GO:0043025;GO:0005886;GO:0016020;GO:0030425;GO:0007611;GO:0016791;GO:0007409;GO:0043197;GO:0032587;GO:0048714;GO:0004725;GO:1901216;GO:1900006;GO:0030335;GO:0043524;GO:0006470;GO:0048709;GO:0048146;GO:0017134;GO:0005178;GO:0099061;GO:0030426;GO:0070445;GO:0005615;GO:0007413;GO:0010812;GO:2000171
Q54JE1	GO:0007155;GO:0016021
Q52L45	GO:0005737;GO:0004867;GO:0005615
Q9SH71	GO:0042802;GO:0004672;GO:0005739;GO:0005886;GO:0005524;GO:0016021
O59719	GO:0070860;GO:0005634;GO:0001181;GO:0001163;GO:0001179;GO:0005829;GO:0006361;GO:0042790
Q9NXT0	GO:0000978;GO:0006357;GO:0005634;GO:0000981;GO:0046872
Q9A9W0	GO:0051539;GO:0046429;GO:0019288;GO:0005506;GO:0016114
Q38WK3	GO:0046961;GO:0045261;GO:0005886;GO:0005524;GO:0046933
P45353	GO:0000105;GO:0004636;GO:0004635;GO:0004399;GO:0005524;GO:0046872;GO:0051287
A4FQ08	GO:0010125;GO:0000287;GO:0102710;GO:0008375
Q0HA38	GO:0010628;GO:0021702;GO:0030991;GO:0060020;GO:0006357;GO:0021591;GO:0097499;GO:0007224;GO:0005737;GO:0005856;GO:0021549;GO:0005929;GO:0035721;GO:0061512;GO:1903999;GO:0030900;GO:0021798;GO:1905799;GO:0090263;GO:0008589
Q07IZ1	GO:0000287;GO:0008966;GO:0005975
Q5PB14	GO:0004817;GO:0005737;GO:0005524;GO:0008270;GO:0006423
P0C6V1	GO:0019082;GO:0039579;GO:0039502;GO:0039648;GO:0004843;GO:0019079;GO:0039520;GO:0004197;GO:0003727;GO:0033644;GO:0044220;GO:0039595;GO:0008270;GO:0016021;GO:0003968;GO:0039548;GO:0097264
Q96JH7	GO:0008234;GO:0016567;GO:0090168;GO:0004843;GO:0000278;GO:0005634;GO:0016320;GO:0035871;GO:0016579;GO:0005737;GO:0005788;GO:0071108;GO:1905634;GO:0005795;GO:0006974
Q7VDV6	GO:0006520;GO:0044205;GO:0016597;GO:0004070;GO:0006207
P34600	GO:0071004;GO:0005634;GO:0005685;GO:0045292;GO:0000398;GO:0003723
A6QPT6	GO:0000978;GO:0003682;GO:0006357;GO:0000981;GO:1900112;GO:0005730;GO:0005737;GO:0046872
Q7ZUL9	GO:0016567;GO:0005769;GO:0043951;GO:0005634;GO:0008333;GO:0061630;GO:0005737;GO:0005886;GO:0045744;GO:0046872;GO:0045879
Q9FJB5	GO:0006952;GO:0005886;GO:0043531;GO:0005524
Q32DS5	GO:0070205;GO:0009234
O66611	GO:0008270
Q8DS40	GO:0016114;GO:0005524;GO:0050515
Q9UPN4	GO:0005813;GO:0007283;GO:0071539;GO:0045171;GO:0034451;GO:0042803;GO:0097711;GO:0010824;GO:0043231;GO:0005829;GO:0015630;GO:0008284;GO:0035869;GO:0007275;GO:0060271;GO:0000086;GO:0030154;GO:0036064;GO:0001669;GO:0035735;GO:0010389;GO:0044877;GO:0090316
O75346	GO:0000978;GO:0006355;GO:0045892;GO:0046872;GO:0005634;GO:0000981
P0C6Y0	GO:0039694;GO:0039502;GO:0004197;GO:0003727;GO:0032259;GO:0004519;GO:0039648;GO:0004843;GO:0044220;GO:0039595;GO:0005524;GO:0016021;GO:0039644;GO:0019082;GO:0039579;GO:0033644;GO:0003724;GO:0003968;GO:0008168;GO:0044172;GO:0003678;GO:0006351;GO:0004527;GO:0008270;GO:0039520
Q96T68	GO:0070986;GO:0045892;GO:0051301;GO:0000278;GO:0005634;GO:0010629;GO:0090309;GO:0003677;GO:0005654;GO:0007059;GO:0046974;GO:0051567;GO:0070828;GO:0005694;GO:0008270;GO:0005829;GO:0001947
P51538	GO:0042573;GO:0070989;GO:0002933;GO:0043627;GO:0008210;GO:0008401;GO:0010043;GO:0101020;GO:0007608;GO:0071548;GO:0032355;GO:0010628;GO:0004497;GO:0050649;GO:0007565;GO:0005789;GO:0008395;GO:0045471;GO:0020037;GO:0070330;GO:0042737;GO:0016491;GO:0008202;GO:0005506;GO:0009822
O23300	GO:0080167;GO:0005634;GO:0006635;GO:0004300;GO:0009062;GO:0004165;GO:0005829
P76117	GO:0016740
Q9L6I1	GO:0000105;GO:0004399;GO:0051287;GO:0046872
Q98LC8	GO:0004828;GO:0016260;GO:0097056;GO:0006434;GO:0005737;GO:0005524
Q4IBS9	GO:0005768;GO:0015031
Q01771	GO:0006633;GO:0045300;GO:0046872;GO:0102786;GO:0009507
Q8YEA2	GO:0051539;GO:0006400;GO:0035596;GO:0005737;GO:0046872
A5GAY1	GO:0003677;GO:0006351;GO:0032549;GO:0003899
Q5QUD0	GO:0051539;GO:0016830;GO:0009229;GO:0009228;GO:0008270
Q90502	GO:0005882;GO:0005615
B5XHZ0	GO:0006457;GO:0051082;GO:0005524
P55746	GO:0019534
Q9YBS5	GO:0003689;GO:0005524;GO:0006260
B3PBR5	GO:0009317;GO:0016743;GO:0003989;GO:0006633;GO:0005524;GO:2001295
A9MXH1	GO:0005737;GO:0009088;GO:0005524;GO:0004413
Q83MX3	GO:0050518;GO:0019288;GO:0008685;GO:0046872;GO:0016114
Q9QZS7	GO:0042995;GO:0007519;GO:0000165;GO:0044062;GO:0045121;GO:0050839;GO:0036057;GO:0005911;GO:0030838;GO:0051393;GO:0030507;GO:0005925;GO:0098609;GO:0005886;GO:0016020;GO:0017022;GO:0016021;GO:0005887;GO:0007520;GO:0072015;GO:0019904;GO:0007155;GO:0007254;GO:0032836;GO:0032991;GO:0035418
Q9Y4A8	GO:0003700;GO:0000978;GO:0006366;GO:0000976;GO:0006357;GO:0001227;GO:0000790;GO:0000981;GO:0005634;GO:0005737;GO:0045893
Q1QUI7	
Q2NGH9	GO:0005737;GO:0009086;GO:0004414
Q8VEC3	GO:0031175;GO:0007613;GO:0004930;GO:0007189;GO:0005886;GO:0007416;GO:0032793;GO:0016021;GO:0007166
Q2YEM8	GO:0006914;GO:0043410;GO:0000932;GO:0005634;GO:0070534;GO:0051607;GO:0051092;GO:0008270;GO:0043123;GO:0045087;GO:0004842;GO:0002218;GO:0031664;GO:0038187
P60266	GO:0005576;GO:0090729;GO:0006952;GO:0009405;GO:0019871
Q1GSP1	GO:0005737;GO:0004045;GO:0006412
P20324	GO:0019069
O16999	GO:0005634;GO:0055120;GO:0005737;GO:0030017;GO:0008270;GO:0005783
Q8G5X7	GO:0003883;GO:0005524;GO:0046872;GO:0006541;GO:0044210
A3PIZ8	GO:0005737;GO:0004719;GO:0030091
P02563	GO:0042802;GO:0006941;GO:0006936;GO:0005739;GO:0009408;GO:0005516;GO:0008217;GO:0019901;GO:0046034;GO:0000146;GO:0030239;GO:0001701;GO:0005737;GO:0005859;GO:0030018;GO:0008016;GO:0007512;GO:0032982;GO:0002026;GO:0030048;GO:0043462;GO:0005524;GO:0016459;GO:0014898;GO:0045214;GO:0007522;GO:0030016;GO:0060420;GO:0016887;GO:0030898;GO:0055009;GO:1905243;GO:0055010;GO:0007568;GO:0048739;GO:0030049;GO:0002027;GO:0030899;GO:0060048;GO:0044877;GO:0001725;GO:0051015
A1V9I9	GO:0016787
A4WEX9	GO:0006402;GO:0006396;GO:0005737;GO:0004654;GO:0003723;GO:0000287
A4QJS3	GO:0006351;GO:0003899;GO:0003677;GO:0008270;GO:0009507
Q9K6Y0	GO:0009380;GO:0016887;GO:0009432;GO:0003677;GO:0006289;GO:0005737;GO:0009381;GO:0008270;GO:0005524
O74802	GO:0005840;GO:0006574;GO:0003860;GO:0005739
Q8WP15	GO:0004703;GO:0007165;GO:0007601;GO:0016020;GO:0046777;GO:0005524;GO:0050254
Q8TEL6	GO:0006511;GO:0016567;GO:0048820;GO:0070588;GO:0031464;GO:0005886;GO:0019902
Q9ERB0	GO:0005813;GO:0006887;GO:0016082;GO:0005654;GO:0005737;GO:0031410;GO:0020018;GO:0000139;GO:0005886;GO:0098693;GO:0005829;GO:0000421;GO:0097352;GO:0031201;GO:0019905;GO:0005484;GO:0016240;GO:0098793;GO:0031629;GO:0006906;GO:0060271;GO:0005776;GO:0015031
Q6YRM6	GO:0016757;GO:0016021
A7GWR8	GO:0003746;GO:0005737
Q9JL04	GO:0005819;GO:0005634;GO:0040038;GO:0042177;GO:0005737;GO:0043066;GO:2000781;GO:0005783;GO:0051758;GO:0006974;GO:0003779;GO:0016192;GO:0046907;GO:0048477;GO:0005886;GO:0005829;GO:0051295;GO:0008017;GO:0045010;GO:0005789;GO:0005730;GO:0051017;GO:0007275;GO:0005902;GO:0030659;GO:0048471;GO:0016344;GO:0071456;GO:0005938;GO:0005884;GO:0070649;GO:0015031
Q9PTU5	GO:0005634;GO:0030520;GO:0005496;GO:0071392;GO:0043565;GO:0008270;GO:0004879;GO:0030284
P17014	GO:1990837;GO:0000978;GO:0005813;GO:0006357;GO:0045892;GO:0005634;GO:0000981;GO:0005654;GO:0046872
Q96H55	GO:0007015;GO:0032027;GO:0016459;GO:0003779;GO:0031982;GO:0005739;GO:0090140;GO:0016887;GO:0030898;GO:0030050;GO:0000146;GO:0032465;GO:0034642;GO:0005737;GO:0060002;GO:0005524;GO:0051015;GO:0005829;GO:0015629;GO:0005741
P0A0A6	GO:0008360;GO:0046677;GO:0009252;GO:0016755;GO:0071555;GO:0005737
Q8TA94	GO:0006357;GO:0005634;GO:0000981;GO:0046872;GO:0000977
P37433	GO:0005886;GO:0000155;GO:0005524;GO:0016021
Q9BRR0	GO:0003700;GO:0000978;GO:0003682;GO:0006357;GO:0006914;GO:0007040;GO:0001227;GO:0005634;GO:0000981;GO:0010507;GO:0045892;GO:0003677;GO:0005654;GO:0005737;GO:0000122;GO:0043565;GO:2000773;GO:0046872;GO:0045893
A6VMY7	GO:0004107;GO:0009423;GO:0009073
B8A4W9	GO:0061053;GO:0005507;GO:0060021;GO:0021510;GO:1905590;GO:2000329;GO:0005634;GO:0006954;GO:0005737;GO:0016020;GO:0048703;GO:0001968;GO:0005615;GO:0005044;GO:0004720;GO:0030199;GO:0018057;GO:0030324;GO:2001046
Q7UFS3	GO:0016462;GO:0005524;GO:0006541;GO:0005829;GO:0003922;GO:0003921;GO:0006177
Q59928	GO:0030170;GO:0005737;GO:0006526;GO:0003992
Q21S32	GO:0005198;GO:0071973;GO:0009428;GO:0030288
A4QKS1	GO:0006351;GO:0003899;GO:0003677;GO:0008270;GO:0009507
B3WEQ7	GO:0006457;GO:0051082;GO:0005524
Q9R044	GO:0003094;GO:0042995;GO:0007519;GO:0000165;GO:0044062;GO:0045121;GO:0050839;GO:0036057;GO:0051393;GO:0005911;GO:0030838;GO:0030507;GO:0005925;GO:0098609;GO:0005886;GO:0016020;GO:0005887;GO:0007520;GO:0019904;GO:0007155;GO:0007254;GO:0032991
Q71F54	GO:0005078;GO:0046872;GO:0001764;GO:0006915;GO:0046330;GO:0043370;GO:0061630;GO:2001237;GO:0043066;GO:0030027;GO:0005794;GO:0043154;GO:0005829;GO:0048471;GO:0051865;GO:2000564
Q5FSL5	GO:0006457;GO:0051082;GO:0005524
Q9JLT0	GO:0007507;GO:0007097;GO:0000146;GO:0030239;GO:0001701;GO:0007512;GO:0055003;GO:0008360;GO:0055015;GO:0006930;GO:0030036;GO:0021678;GO:0005524;GO:0003279;GO:0005829;GO:0001778;GO:0007409;GO:0043197;GO:0060976;GO:0016887;GO:0030898;GO:0051017;GO:0008283;GO:0016460;GO:0097513;GO:0007411;GO:0035904;GO:0005844;GO:0050714;GO:0031032;GO:1905274;GO:0021680;GO:0030426;GO:0000281;GO:0001725;GO:0042802;GO:0070650;GO:0098978;GO:0007420;GO:0030496;GO:0005516;GO:0006887;GO:0005737;GO:0030027;GO:0050885;GO:0030424;GO:0005903;GO:0001764;GO:0030048;GO:0043025;GO:0048027;GO:0016459;GO:0098871;GO:0042641;GO:0060041;GO:0021592;GO:0043005;GO:0032154;GO:0021670;GO:0007155;GO:0005938;GO:0035613;GO:0051015;GO:0098974;GO:0031175;GO:0043531
P49741	GO:0003924;GO:0005874;GO:0007017;GO:0005737;GO:0005200;GO:0005525
B8LTU5	GO:0071630;GO:0005634;GO:0031144;GO:0005737;GO:0015031
Q008X6	GO:0008234;GO:0003678;GO:0006351;GO:0004527;GO:0016021;GO:0033644;GO:0003968;GO:0003724;GO:0032259;GO:0005524;GO:0004519;GO:0003723;GO:0008168;GO:0008270
Q5HU13	GO:0004823;GO:0006429;GO:0002161;GO:0005737;GO:0005524
O42631	GO:0006511;GO:0043935;GO:0007163;GO:0005737;GO:0046872;GO:1990304
Q6A662	GO:0006457;GO:0031072;GO:0051082;GO:0006260;GO:0009408;GO:0005737;GO:0008270;GO:0005524
B1L9M9	GO:0006082;GO:0008776;GO:0005737;GO:0005524;GO:0000287;GO:0006085
B5ZB41	GO:0005840;GO:0003735;GO:0019843;GO:0006412
B7GH89	GO:0051539;GO:0046429;GO:0019288;GO:0005506;GO:0016114
B7IF30	GO:0019556;GO:0005737;GO:0016153;GO:0019557
Q5R8D0	GO:0003978;GO:0006012;GO:0003974
Q01100	GO:0006457;GO:0051082;GO:0005524
Q1GKZ0	GO:0015416;GO:0005886;GO:0016887;GO:0005524
P66899	GO:0008838;GO:0009063;GO:0030170
Q0CQ54	GO:0005634;GO:0006355;GO:0006351;GO:0006325
Q057X7	GO:0006457;GO:0031072;GO:0051082;GO:0006260;GO:0009408;GO:0005737;GO:0008270;GO:0005524
Q54VW7	GO:0005737;GO:0005096;GO:0007165
Q8DKL4	GO:0006633;GO:0005737;GO:0004315;GO:0033818
B1YS44	GO:0006541;GO:0003922;GO:0005524;GO:0016462
Q309Z6	GO:0003700;GO:0001666;GO:1904115;GO:2000434;GO:0005634;GO:0019896;GO:0046982;GO:0061419;GO:0071456;GO:0043565;GO:0016607;GO:0035035;GO:0005829;GO:0045893;GO:0045944
O43347	GO:0042802;GO:0007399;GO:0005634;GO:0008266;GO:0005737;GO:0003723;GO:0005844
Q9R9W0	GO:0006635;GO:0005737;GO:0003988
Q9LMM1	GO:0070330;GO:0006631;GO:0018685;GO:0005506;GO:0016021;GO:0020037
Q9FG91	GO:0006952;GO:0043531;GO:0005524
B8PH83	GO:0005759;GO:0006526;GO:0103045;GO:0004358;GO:0004042
Q755T2	GO:0005935;GO:0005737;GO:0005934
P25017	GO:0050361;GO:0009851
P08045	GO:0003723;GO:0005737;GO:0046872;GO:0006355
O95639	GO:1990837;GO:0006369;GO:0031124;GO:0046778;GO:0098789;GO:0006406;GO:0005847;GO:0005654;GO:0000398;GO:0008270;GO:0003723;GO:0043231;GO:0006388
Q4R5G6	GO:0000978;GO:0005634;GO:0046983;GO:0001228;GO:0030154;GO:0021542
B0TW67	GO:0008360;GO:0009252;GO:0007049;GO:0051301;GO:0071555;GO:0005737;GO:0008763;GO:0005524
Q15149	GO:0005737;GO:0005198;GO:0003723;GO:0045296;GO:0005903;GO:0045104;GO:0042060;GO:0005925;GO:0003779;GO:0030056;GO:0005886;GO:0016020;GO:0016528;GO:0031581;GO:0005829;GO:0070062;GO:0045111;GO:0005200;GO:0042383;GO:0048471;GO:0030506;GO:0043034;GO:0008307
B7V023	GO:0030956;GO:0016787;GO:0050567;GO:0005524;GO:0006412
A0A0A2IDH4	GO:0006520;GO:0036469;GO:0030170
Q4UP19	GO:0005384;GO:0005886;GO:0016021
Q07R90	GO:0019464;GO:0004375
P59321	GO:0009016;GO:0030170;GO:0006526;GO:0005737;GO:0009089;GO:0003992
P58408	GO:0005737;GO:0016491;GO:0006144;GO:0000256
Q8QVL3	GO:0039615
Q6K765	GO:0005871;GO:0003777;GO:0008017;GO:0008574;GO:0005874;GO:0016887;GO:0005524;GO:0007018
C1CJT2	GO:0004139;GO:0005737;GO:0016052;GO:0009264;GO:0046386
B6EGU2	GO:0004165;GO:0006635;GO:0003857;GO:0004300;GO:0008692;GO:0036125
Q7TSY8	GO:0000777;GO:0000779;GO:0008104;GO:0051301;GO:2000711;GO:0007143;GO:0030892;GO:0045143;GO:0051754;GO:0000070;GO:0000775;GO:0000780;GO:0005654;GO:0016604;GO:0000776;GO:0051177;GO:0007140;GO:0010789
A4YRN0	GO:0008152;GO:0047388;GO:0008882;GO:0000820;GO:0005524;GO:0000287
Q3J281	GO:0006420;GO:0005737;GO:0004814;GO:0005524
Q8EKT0	GO:0003697;GO:0006260;GO:0009432;GO:0005737;GO:0005524;GO:0000731;GO:0006302
Q2HJA8	GO:0030433;GO:0016021
B5QV03	GO:0022900;GO:0005886;GO:0055085;GO:0016021
Q55EE0	GO:0019563;GO:0016829;GO:0004371;GO:0005524;GO:0050354;GO:0005829
B0CEZ1	GO:0042026;GO:0005737;GO:0051082;GO:0005524
Q21DT6	GO:0042744;GO:0004096;GO:0046872;GO:0006979;GO:0020037
B8ZUE2	GO:0006541;GO:0003922;GO:0005524;GO:0016462
P25303	GO:0031072;GO:0051082;GO:0030433;GO:0006986;GO:0005788;GO:0051087;GO:0005783;GO:0046872;GO:0034975;GO:0015031
C6E4R3	GO:0006351;GO:0003899;GO:0003677;GO:0008270;GO:0000287
Q9H0D6	GO:0042802;GO:0007283;GO:0005634;GO:0016070;GO:0005654;GO:0006364;GO:0003723;GO:0021766;GO:0006396;GO:0016020;GO:0006401;GO:0004518;GO:0006397;GO:0005730;GO:0000738;GO:0060041;GO:0016235;GO:0006353;GO:0004534;GO:0030182;GO:0000175;GO:0001147;GO:0046872;GO:0000956;GO:0008409
C5GE44	GO:0071630;GO:0005634;GO:0031144;GO:0005737;GO:0015031
P9WNQ2	GO:0005886;GO:0016021
A4T432	GO:0046835;GO:0005992;GO:0016301;GO:0005524;GO:0005978
P35556	GO:0005509;GO:0005576;GO:0005201;GO:0030023;GO:0031012;GO:0043010;GO:0060346;GO:0062023;GO:0045669;GO:0009653;GO:0030326;GO:0048048;GO:0035583;GO:0030501;GO:0030198;GO:0001527
Q89GV4	GO:0019556;GO:0019557;GO:0016153;GO:0006548;GO:0005737
Q07949	GO:0009651;GO:0071472;GO:0005886;GO:0061408;GO:0005829;GO:0004721;GO:0006470;GO:1904262
Q9D5P4	GO:0006382;GO:0003725;GO:0005634;GO:0008251;GO:0005730;GO:0006396;GO:0005737;GO:0003726
P29599	GO:0005576;GO:0030435;GO:0004252;GO:0046872
Q9SGZ5	GO:0009506;GO:0005739;GO:0005618;GO:0046556;GO:0009044;GO:0045493;GO:0031222;GO:0004553;GO:0048046;GO:0009507;GO:0009505
Q6AGY5	GO:0003677;GO:0006281;GO:0006310;GO:0046872
Q87VY5	GO:0030170;GO:0005737;GO:0006782;GO:0042286;GO:0008483
Q0VGY8	GO:0007520;GO:0097062;GO:0098978;GO:0043679;GO:0099175;GO:0008542;GO:0043025;GO:0099092;GO:0030425
Q3AJT9	GO:0006526;GO:0046983;GO:0005737;GO:0003942;GO:0051287
Q7MWV8	GO:0015940;GO:0005737;GO:0004592;GO:0005524
O33528	GO:0006457;GO:0051082;GO:0005524
Q4ZXH7	GO:0005737;GO:0030145;GO:0070006
Q1GRJ2	GO:0009014;GO:0009089;GO:0050897;GO:0008270;GO:0019877
Q5R9F0	GO:0003677;GO:0046872;GO:0005634;GO:0006355
Q3AU83	GO:0003676;GO:0008821;GO:0006281;GO:0006310;GO:0000287
P35740	GO:0020002;GO:0055036;GO:0052796;GO:0019031;GO:0046789;GO:0052795;GO:0016021;GO:0046718;GO:0052794;GO:0019062
Q4A7W4	GO:0009432;GO:0003677;GO:0006281;GO:0006310;GO:0005524;GO:0009378
J9VXM5	GO:0004100;GO:0016021;GO:0071555;GO:0005886;GO:0034221
P15306	GO:0005509;GO:0007565;GO:0050819;GO:0032496;GO:0004888;GO:0016327;GO:0009986;GO:0005886;GO:0005774;GO:0030195;GO:0005615;GO:0051591;GO:0007596;GO:0010165;GO:0005887
Q02TI3	GO:0005737;GO:0002949;GO:0005506;GO:0061711
Q3U6U5	GO:0005525;GO:0005737;GO:0043022;GO:0046872
Q9JTY8	GO:0006308;GO:0009318;GO:0008855;GO:0003676;GO:0005737
Q2PBM3	GO:1905887;GO:0016887;GO:0042626;GO:0005886;GO:0005524;GO:0016021
P47024	GO:0004190;GO:0015074;GO:0032197;GO:0008233;GO:0046872;GO:0005739;GO:0005634;GO:0003964;GO:0003887;GO:0003677;GO:0004523;GO:0006310;GO:0004540;GO:0000943;GO:0005524;GO:0003723
B4RV89	GO:0051539;GO:0046429;GO:0019288;GO:0005506;GO:0016114
Q5R4K9	GO:2000353;GO:0005768;GO:0004672;GO:0005634;GO:0035556;GO:0004698;GO:0016020;GO:0051092;GO:0005524;GO:0046872;GO:0005829;GO:0043524;GO:0034351;GO:0060252;GO:0010976
Q0HJ08	GO:0005737;GO:0009229;GO:0009228;GO:0016783
O81902	GO:0005634;GO:0016567;GO:0004842;GO:0005737
Q96T37	GO:0001510;GO:0005634;GO:0005654;GO:0060412;GO:0003723;GO:0045652;GO:0016032;GO:0003729;GO:0016607;GO:0000398;GO:0045638;GO:0007221;GO:0003676;GO:0031965;GO:0048536;GO:0036396;GO:0038163;GO:0001569;GO:0009048;GO:0000381;GO:0060674
O02776	GO:1990966;GO:0005634;GO:0006282;GO:0031056;GO:0005737;GO:0009225;GO:0006974;GO:0004649;GO:0005975
B0S9U5	GO:0008360;GO:0009252;GO:0071555;GO:0005737;GO:0008716;GO:0005524;GO:0046872
Q8N960	GO:0007098;GO:0005813;GO:0022027;GO:0030953;GO:0010825;GO:1904951;GO:0005737;GO:0022008;GO:0008022;GO:0005814;GO:0045724;GO:0021987;GO:1903724
Q881J7	GO:0018298;GO:0009405;GO:0000155;GO:0005524;GO:0009881
Q6GMK8	GO:0005525;GO:0004475;GO:0009298
B8N0E7	GO:0016491
C1ASZ8	GO:0019547;GO:0005737;GO:0004585;GO:0016597;GO:0019546
Q9EQC0	GO:0006012;GO:0005802;GO:0000139;GO:0006954;GO:0016021;GO:0042339;GO:0006044;GO:0006790;GO:0001517;GO:0045130;GO:0008146
A0A0B4I1J8	GO:0006633;GO:0016788;GO:0004315;GO:0031177
Q9CZA5	GO:0016605;GO:0030509;GO:0030374;GO:0003676;GO:0005634;GO:0032183;GO:0003713;GO:0016607;GO:0008270;GO:0045944
Q7NJ10	GO:0015886;GO:0005886;GO:0017004;GO:0016021;GO:0020037
P36896	GO:0000082;GO:0001942;GO:0007165;GO:0001701;GO:0006355;GO:0038092;GO:0004674;GO:0006468;GO:0097191;GO:0010629;GO:0009986;GO:0005886;GO:0046777;GO:0005524;GO:0005829;GO:0005887;GO:0048179;GO:1901165;GO:0016361;GO:0046545;GO:0045648;GO:0048185;GO:0007178;GO:0031625;GO:0071363;GO:0034711;GO:0032927;GO:0032924;GO:0030308;GO:0045944;GO:0010862;GO:0004675;GO:0046332;GO:0007399;GO:0007417;GO:0018107;GO:0046872;GO:0043235
P25555	GO:0003682;GO:0010494;GO:0000781;GO:0005634;GO:0071014;GO:0003729;GO:0016973;GO:0005737;GO:0071028;GO:1990904;GO:0000723;GO:0043047;GO:2000815;GO:0005829
B1KD28	GO:0055129;GO:0004349;GO:0005737;GO:0005524;GO:0003723
Q83B06	GO:0005829;GO:0008483;GO:0019464;GO:0004047
Q55692	GO:0047151;GO:0030488;GO:0030698;GO:0050660;GO:0002098;GO:0005829
P73820	GO:0008276;GO:0005737
A4RDI6	GO:0005737;GO:0070084;GO:0070006;GO:0046872
Q94HW2	GO:0004190;GO:0015074;GO:0046872;GO:0003676;GO:0003964;GO:0006310;GO:0004519
Q2HR83	GO:0019046
A5U9F2	GO:0005886;GO:0016021
Q5EBP3	GO:0001707;GO:0005925;GO:0035801;GO:0050810;GO:0007369;GO:0005654;GO:0005737;GO:0016020;GO:0005829
Q960E8	GO:0006366;GO:0005634;GO:0005675;GO:0001111;GO:0009411;GO:0006360;GO:0006289;GO:0000439;GO:0001113;GO:0006281;GO:0070816;GO:0006367
M1W270	GO:0016491
O84418	GO:0005576;GO:0005618;GO:0043130;GO:1903003;GO:0016021;GO:0009279
Q9NZ08	GO:0005138;GO:0004177;GO:0005151;GO:0008217;GO:0007165;GO:0070006;GO:0006509;GO:0005737;GO:0005788;GO:0005783;GO:0002474;GO:0005576;GO:0006508;GO:0001525;GO:0005886;GO:0016020;GO:0045088;GO:0016021;GO:0005829;GO:0043171;GO:0002250;GO:0070062;GO:0005789;GO:0045444;GO:0008235;GO:0009617;GO:0042277;GO:0008270;GO:0005615;GO:0019885;GO:0045766
Q9LRM2	GO:0005576
Q92XG8	GO:0042744;GO:0004096;GO:0046872;GO:0006979;GO:0020037
Q9X7C5	GO:0004049;GO:0000162;GO:0046872
P54651	GO:0006457;GO:0045335;GO:0051082;GO:0031012;GO:0034605;GO:0009986;GO:0005737;GO:0005886;GO:0050821;GO:0005524;GO:0032991;GO:0005829;GO:0048471;GO:0060176
P0A3X2	GO:0016706;GO:0031418;GO:0005506
Q0S3B9	GO:0042026;GO:0005737;GO:0051082;GO:0005524
A3NAI6	GO:0006457;GO:0051301;GO:0007049;GO:0005737;GO:0003755;GO:0015031
Q820I7	GO:0055129;GO:0004350;GO:0005737;GO:0050661
B4S3W2	GO:0006782;GO:0005737;GO:0004853
P13287	GO:0039525;GO:0042025;GO:0030430;GO:0039526;GO:0005524;GO:0004674
P14843	GO:0009073;GO:0005739;GO:0005634;GO:0005737;GO:0009423;GO:0003849
Q28W60	GO:0051539;GO:0003861;GO:0009098;GO:0046872
A0A0F6B8A2	GO:0035438;GO:0030244
Q5P086	GO:0006397;GO:0008033;GO:0005737;GO:0006364;GO:0016075;GO:0046872;GO:0019843;GO:0004525
Q0VTH3	GO:0043448;GO:0046872;GO:0006629;GO:0018685;GO:0005886;GO:0052869;GO:0016021
P14417	GO:0006869;GO:0004252
P56744	GO:0009058;GO:0045303;GO:0030170
Q61879	GO:0007507;GO:0007097;GO:0000146;GO:0030239;GO:0001701;GO:0007512;GO:0055003;GO:0008360;GO:0055015;GO:0006930;GO:0030036;GO:0021678;GO:0005524;GO:0003279;GO:0005829;GO:0001778;GO:0007409;GO:0043197;GO:0060976;GO:0016887;GO:0030898;GO:0051017;GO:0008283;GO:0016460;GO:0097513;GO:0007411;GO:0035904;GO:0005844;GO:0050714;GO:0031032;GO:1905274;GO:0021680;GO:0030426;GO:0000281;GO:0001725;GO:0042802;GO:0070650;GO:0098978;GO:0007420;GO:0030496;GO:0005516;GO:0006887;GO:0005737;GO:0030027;GO:0050885;GO:0030424;GO:0005903;GO:0001764;GO:0030048;GO:0043025;GO:0048027;GO:0016459;GO:0098871;GO:0042641;GO:0060041;GO:0021592;GO:0043005;GO:0032154;GO:0021670;GO:0098885;GO:0007155;GO:0005938;GO:0035613;GO:0051015;GO:0031175;GO:0043531
O54824	GO:0010628;GO:0090543;GO:0030595;GO:0050729;GO:0045080;GO:1902565;GO:0032755;GO:0062023;GO:0005125;GO:0042609;GO:0005886;GO:0016607;GO:0032730;GO:0005615;GO:0051924;GO:0005829;GO:0032735;GO:0050930;GO:0019221
Q0AE43	GO:0005737;GO:0006427;GO:0004821;GO:0005524
Q9AMC5	GO:0000287;GO:0016984;GO:0015977
A9MJB7	GO:0070205;GO:0009234
Q66KG5	GO:0005525;GO:0004475;GO:0009298
P04937	GO:0042802;GO:1904646;GO:0007507;GO:0033622;GO:0005604;GO:0005201;GO:0016504;GO:0010039;GO:0043394;GO:0071288;GO:0043066;GO:2001202;GO:0071560;GO:0007229;GO:0005102;GO:0050921;GO:0051384;GO:1904237;GO:0019899;GO:0014823;GO:0001932;GO:0008360;GO:0042060;GO:0001525;GO:0071773;GO:0005577;GO:0031012;GO:1901166;GO:1904385;GO:0008022;GO:0034446;GO:0036120;GO:0051087;GO:0062023;GO:0070527;GO:0002931;GO:0007161;GO:0010628;GO:0070372;GO:0001503;GO:0045773;GO:0070062;GO:0010193;GO:0071222;GO:0006953;GO:0051702;GO:0097718;GO:0007160;GO:0008201;GO:0071380;GO:0072378;GO:0008284;GO:0035924;GO:0071333;GO:0002020;GO:0007044;GO:0030335;GO:0045340;GO:0030198;GO:0048146;GO:0035987;GO:0016324;GO:0071347;GO:0007399;GO:0005178;GO:0032966;GO:0007155;GO:0001775;GO:0005793;GO:0009611;GO:0042493;GO:0005615;GO:0008347;GO:0018149;GO:0010468
B0SHG0	GO:0006094;GO:0000287;GO:0005737;GO:0042132
D4A7U2	GO:0051090;GO:0003700;GO:0000978;GO:0061400;GO:0071277;GO:0001652;GO:0005634;GO:0001228;GO:0003677;GO:0035865;GO:0045944
A7GIL4	GO:0006094;GO:0006096;GO:0005737;GO:0004347
Q17528	GO:0005254;GO:0034707;GO:0005886
Q1DXS8	GO:0005634;GO:0036265;GO:0030488
B3EAE7	GO:0005525;GO:0003924;GO:0005737;GO:0003743
A2YTP9	GO:0009247;GO:0046509;GO:0031969
O85709	GO:0008728;GO:0016301;GO:0015970;GO:0005524;GO:0017000;GO:0005525
B3NSW1	GO:0051539;GO:0003678;GO:0006260;GO:0005634;GO:0003677;GO:0006281;GO:0006310;GO:0010569;GO:0005524;GO:0046872;GO:0000723
Q23977	GO:0036335;GO:0046844;GO:0009408;GO:0019901;GO:0007391;GO:0033500;GO:0004674;GO:0030424;GO:0045893;GO:0007561;GO:0042060;GO:0034769;GO:0043652;GO:0048675;GO:0051491;GO:0070328;GO:0048666;GO:0030707;GO:0032233;GO:0004712;GO:0010508;GO:0005524;GO:0046330;GO:0046528;GO:0005829;GO:0046529;GO:0071243;GO:0010628;GO:0005078;GO:0048010;GO:0004672;GO:0048803;GO:0004713;GO:0019731;GO:1903688;GO:0007411;GO:0033209;GO:0010592;GO:0046843;GO:0007254;GO:0061057;GO:0007395;GO:0008340;GO:0030381;GO:0008545;GO:0035006;GO:0071276
A3PRX7	GO:0050112;GO:0019310
B7KLH9	GO:0000774;GO:0006457;GO:0005737;GO:0042803;GO:0051087
Q9FK54	
Q9V4P1	GO:0000915;GO:0005634;GO:0017049;GO:0032465;GO:0005737;GO:0007279;GO:0030726;GO:0003779;GO:0048477;GO:0017022;GO:0007112;GO:0008104;GO:0008017;GO:0045172;GO:0070938;GO:0045035;GO:0031106;GO:0007423;GO:0043063;GO:0007009;GO:0032154;GO:0035323;GO:0000281;GO:0005826;GO:0007349;GO:0051015;GO:0008356;GO:0032189
B1IB13	GO:0004139;GO:0005737;GO:0016052;GO:0009264;GO:0046386
Q5R4C4	GO:0005634;GO:0004721
P62045	GO:0005634;GO:0043565;GO:0005737;GO:0005856;GO:0008270;GO:0004879
Q746S4	GO:0051539;GO:0048038;GO:0005886;GO:0005506;GO:0051287;GO:0008137;GO:0042774
Q87013	GO:0042025;GO:0006260;GO:0016888;GO:0018142;GO:0003677;GO:0003724;GO:0005524;GO:0046872;GO:0003723;GO:0016779
Q161I4	GO:0005737;GO:0004045;GO:0006412
Q1I7D5	GO:0006635;GO:0005737;GO:0003988
Q47GZ8	GO:0006457;GO:0005737;GO:0051082;GO:0005524
Q69ZA1	GO:0030332;GO:0005634;GO:0019901;GO:0030097;GO:0005794;GO:0006468;GO:0032968;GO:0006368;GO:0016607;GO:0005524;GO:0005694;GO:0005829;GO:2000737;GO:0002945;GO:0004693;GO:0000790;GO:0008353;GO:0008024;GO:0000380;GO:0070816;GO:0045944;GO:0000307;GO:0019908
Q2FSC3	GO:0044686;GO:0019295;GO:0030170
P35557	GO:0005739;GO:0032869;GO:0005654;GO:0042593;GO:0006096;GO:0051594;GO:0005536;GO:0032024;GO:0044320;GO:0005524;GO:0005829;GO:0050796;GO:0045721;GO:0045725;GO:0006739;GO:0043266;GO:0051156;GO:0061621;GO:0019158;GO:0070509;GO:0008865;GO:0006110;GO:0001678;GO:0004340
Q9M1G8	GO:0005829
Q8VD31	GO:0005789;GO:0000139;GO:0002590;GO:0005886;GO:0023024;GO:0005783;GO:0016021;GO:0002502
Q725W7	GO:0016787
A9ADU8	GO:0008712;GO:0050661;GO:0097171;GO:0005975
D4A631	GO:0090284;GO:0005802;GO:0005654;GO:0010256;GO:0032012;GO:0016363;GO:0000139;GO:0034237;GO:0007030;GO:0017022;GO:0005829;GO:0043547;GO:0005085;GO:0005730;GO:0030532;GO:2000114;GO:0090303;GO:0030837;GO:0005086;GO:0048471;GO:0034260;GO:0031175;GO:0051897;GO:0015031
Q93PJ4	GO:0009039;GO:0005737;GO:0016151;GO:0043419
P51944	GO:0000079;GO:0005813;GO:0016567;GO:0001890;GO:0030054;GO:0019005;GO:0044772;GO:0005634;GO:0010826;GO:0051301;GO:0000320;GO:0005737;GO:0031146;GO:0005814;GO:0000307;GO:0016538
B6J6T1	GO:0009245;GO:0009029;GO:0005524
B1YA45	GO:0004817;GO:0005737;GO:0005524;GO:0008270;GO:0006423
Q4ZMG3	GO:0008803
Q9AMJ8	GO:0042026;GO:0005737;GO:0051082;GO:0005524
Q6Y5M6	GO:0005759;GO:0004222;GO:0006627;GO:0046872
Q8ZLB5	GO:0030244;GO:0008233;GO:0035438
Q55163	GO:0004479;GO:0071951;GO:0005829
Q01989	GO:0007291;GO:0007283;GO:0042995;GO:0007297;GO:0005516;GO:0007391;GO:0045217;GO:0000146;GO:0055057;GO:0005737;GO:0032956;GO:0045167;GO:0015629;GO:0030317;GO:0008363;GO:0031476;GO:0007560;GO:0030139;GO:0003779;GO:0051647;GO:0045921;GO:0030048;GO:0005875;GO:0030050;GO:0070865;GO:0032880;GO:0005886;GO:0006997;GO:0016020;GO:0005524;GO:0019749;GO:0030036;GO:0005829;GO:0070864;GO:0045175;GO:0007015;GO:0007552;GO:0008104;GO:0008017;GO:0045172;GO:0016887;GO:0030898;GO:0070856;GO:0005902;GO:0007051;GO:0032970;GO:0007298;GO:0047497;GO:0032027;GO:0016333;GO:0031982;GO:0045178;GO:0030426;GO:0005938;GO:0016461;GO:0040001;GO:0051015;GO:0032991;GO:0006897;GO:0030589
B2RZ17	GO:0005737
B2K3G1	GO:1905887;GO:0016887;GO:0042626;GO:0005886;GO:0005524;GO:0016021
A6ZPZ1	
Q63EC6	GO:0004834
Q753Y3	GO:0051731;GO:0030874;GO:0005634;GO:0006396;GO:0000448;GO:0006364;GO:0005524;GO:0006363
Q81JF6	GO:0006633;GO:0005737;GO:0004315;GO:0033818
Q53EP0	GO:0003723;GO:0016021
A1V4X2	GO:0006457;GO:0051301;GO:0007049;GO:0005737;GO:0003755;GO:0015031
Q96ED9	GO:0042802;GO:0007032;GO:0005813;GO:0007040;GO:0008017;GO:0031122;GO:0005874;GO:0070695;GO:0030705;GO:0008333;GO:0005737;GO:0043231;GO:0045022;GO:0005829;GO:0006897;GO:0051959;GO:0015031
A9M6N0	GO:0009073;GO:0005737;GO:0009423;GO:0003866
Q9ZU90	GO:0016567;GO:0009793
B1JUG2	GO:0009014;GO:0009089;GO:0050897;GO:0008270;GO:0019877
A6TM76	GO:0004834
B0RNP9	GO:0016992;GO:0051539;GO:0005737;GO:0102553;GO:0046872;GO:0102552;GO:0009249
P60882	GO:0030509;GO:0005634;GO:0060972;GO:0035108;GO:0030326;GO:0097155;GO:0097094;GO:0009888;GO:0060971;GO:0016021;GO:0045879;GO:0060976;GO:0005509;GO:0048704;GO:0055113;GO:0009887;GO:0061371;GO:0071907;GO:0048842;GO:0007368;GO:0042074;GO:0003143;GO:0010468
A1DEK3	GO:0042732;GO:0005737;GO:0005998;GO:0005524;GO:0004856
B1IEN0	GO:0003678;GO:0008408;GO:0000724;GO:0005524;GO:0003690
Q5F5M1	GO:0006457;GO:0031072;GO:0051082;GO:0006260;GO:0009408;GO:0005737;GO:0008270;GO:0005524
Q8FTN1	GO:0005737;GO:0006526;GO:0004585;GO:0016597
Q86119	GO:0039694;GO:0006351;GO:0018144;GO:0030430;GO:0004197;GO:0003968;GO:0003724;GO:0005524;GO:0003723;GO:0019028
Q3B127	GO:0008360;GO:0009252;GO:0007049;GO:0051301;GO:0071555;GO:0005737;GO:0005524;GO:0008764
Q8NVC9	GO:2001059;GO:0019512;GO:0009025;GO:0009024
Q9S840	GO:0003700;GO:0000976;GO:0005634;GO:0006355;GO:0048653;GO:0046872;GO:0048510;GO:0090356
C5BQD1	GO:0008840;GO:0005737;GO:0009089;GO:0019877
C4Z9S1	GO:0006223;GO:0044206;GO:0004845;GO:0005525;GO:0000287;GO:0009116
Q1AXT9	GO:0015415;GO:0016887;GO:0005886;GO:0005315;GO:0005524
C4L9Z0	GO:0017108;GO:0030955;GO:0003677;GO:0000287;GO:0033567
A0KKK9	GO:0004152;GO:0005737;GO:0005886;GO:0044205;GO:0006207
H9T8G4	GO:0009405;GO:0090729;GO:0004540;GO:0004519
O65195	GO:0006021;GO:0008654;GO:0004512;GO:0005737
A6SJ85	GO:0006914;GO:0010008;GO:0005774;GO:0034045;GO:0015031
Q7VBL3	GO:0006782;GO:0005737;GO:0004853
Q55404	GO:0046872;GO:0016208;GO:0003987;GO:0005524;GO:0019427
Q95235	GO:0005509;GO:0050901;GO:0016339;GO:0070492;GO:0005887
B1XK17	GO:0047151;GO:0005737;GO:0030698;GO:0050660
P56273	GO:0016567;GO:0005730;GO:0005654;GO:0043066;GO:0005737;GO:0000122;GO:0046872;GO:0016740;GO:0071157
Q5ZRC3	
Q6ZHZ1	GO:0046524;GO:0005986;GO:0016157
A4QCG9	GO:0004648;GO:0030170;GO:0005737;GO:0006564;GO:0008615
Q0BUK0	GO:0051539;GO:0046429;GO:0019288;GO:0005506;GO:0016114
P0CN36	GO:0072659
B9WFG1	GO:0009073;GO:0004765;GO:0003866;GO:0003855;GO:0005737;GO:0009423;GO:0005524;GO:0046872;GO:0003856;GO:0004764
B6J7I2	GO:0004834
P22338	GO:0039694;GO:0003725;GO:0039502;GO:0042025;GO:0019031;GO:0039564;GO:0004483;GO:0075512;GO:0005198;GO:0005576;GO:0044220;GO:0004482;GO:0005524;GO:0016021;GO:0019028;GO:0003724;GO:0003968;GO:0039654;GO:0055036;GO:0046983;GO:0039563;GO:0044167;GO:0046872;GO:0039520;GO:0019062;GO:0004252
B5FIE8	GO:0022900;GO:0005886;GO:0055085;GO:0016021
Q0CUU1	GO:0005789;GO:0000139;GO:0030127;GO:0006886;GO:0090114;GO:0008270
Q8T7E0	GO:0006457;GO:0051082;GO:0008201;GO:0005783;GO:0005524
P15624	GO:0004826;GO:0009328;GO:0005737;GO:0005524;GO:0003723;GO:0000287;GO:0006432
Q9CAP8	GO:0102391;GO:0005739;GO:0006631;GO:0009536;GO:0016020;GO:0005783;GO:0005524;GO:0004467;GO:0009507;GO:0003996;GO:0009941
Q61329	GO:0005739;GO:0005634;GO:0007420;GO:0045785;GO:0005737;GO:0000122;GO:0045893;GO:0019899;GO:0032922;GO:0000978;GO:0045664;GO:0000976;GO:1904059;GO:0001227;GO:0005667;GO:0007517;GO:0045944;GO:0045663;GO:0071559;GO:0045662;GO:0016604;GO:0008270
Q0V8T0	GO:0016021
E9PAV3	GO:0051082;GO:0005634;GO:0005854;GO:0003677;GO:0005737;GO:0006612
Q4JCM0	GO:0050661;GO:0004324;GO:0050660
B9M9F3	GO:0004823;GO:0006429;GO:0002161;GO:0005737;GO:0005524
P07522	GO:0043410;GO:0002092;GO:2000008;GO:0046425;GO:0050731;GO:0070371;GO:0045893;GO:0090263;GO:0043406;GO:0001525;GO:0051223;GO:0005088;GO:0018108;GO:1902966;GO:0005886;GO:0001822;GO:0016021;GO:0021940;GO:0090370;GO:0007173;GO:0010800;GO:2000060;GO:0010628;GO:0008083;GO:0005509;GO:0070062;GO:0045740;GO:0005154;GO:1900127;GO:2000573;GO:0045741;GO:0008284;GO:0035556;GO:0050708;GO:0030335;GO:0043388;GO:0061098;GO:0048146;GO:0090279;GO:0000187;GO:0045840;GO:0042327;GO:0051048;GO:0070374;GO:0048754;GO:0005615;GO:0050730;GO:0060749;GO:0000186
Q88T35	GO:0006094;GO:0006096;GO:0046538
Q9FH50	GO:0003723;GO:0005739
B8ZPL4	GO:0004367;GO:0046167;GO:0005975;GO:0009331;GO:0006650;GO:0046168;GO:0051287;GO:0008654
Q8BKT8	GO:0007098;GO:0005819;GO:0005813;GO:0031996;GO:0051011;GO:0051225;GO:0005874;GO:0051301;GO:0070652;GO:0005737
Q47JK6	GO:0009073;GO:0005737;GO:0009423;GO:0000166;GO:0046872;GO:0003856
Q6RX08	GO:0045211;GO:0005516;GO:0071312;GO:0015278;GO:1901594;GO:0031226;GO:0051289;GO:0034605;GO:0035091;GO:0005524;GO:0016021;GO:0005887;GO:0070588;GO:0005231;GO:0004888;GO:0071318;GO:0071468;GO:0005230;GO:0032591;GO:0046872;GO:0098703
P18335	GO:0009016;GO:0042802;GO:0030170;GO:0005737;GO:0033359;GO:0042450;GO:0003992
A6UC30	GO:0006807;GO:0005737;GO:0016151
Q6PA79	GO:0005524;GO:0044211;GO:0044206;GO:0004849
Q96L91	GO:0003682;GO:0043968;GO:0043967;GO:1990405;GO:0003677;GO:0005654;GO:0035267;GO:0004386;GO:0016607;GO:0005524;GO:0000812
A1VEW5	GO:0006220;GO:0005737;GO:0004127;GO:0005524
Q1IUW9	GO:0030145;GO:0005737;GO:0019569;GO:0008733
Q8NSS4	GO:0005737;GO:0002949;GO:0005506;GO:0061711
P43507	GO:0005764;GO:0004197;GO:0051603;GO:0045087;GO:0005615
Q6LLF0	GO:0004801;GO:0005737;GO:0006098;GO:0005975
B3DWT5	GO:0050567;GO:0005524;GO:0006412
Q4UYT2	GO:0016992;GO:0051539;GO:0005737;GO:0102553;GO:0046872;GO:0102552;GO:0009249
B4S0H8	GO:0006526;GO:0046983;GO:0005737;GO:0003942;GO:0051287
Q8R5C8	GO:0046329;GO:0042393;GO:0005634;GO:0043124;GO:0003714;GO:0005654;GO:0034243;GO:2001237;GO:0051607;GO:0005694;GO:0008270;GO:0035064;GO:0003690;GO:0006325
Q5NMK1	GO:0004823;GO:0006429;GO:0002161;GO:0005737;GO:0005524
P46241	GO:0004817;GO:0005737;GO:0005524;GO:0008270;GO:0006423
Q9GQN0	GO:0005634;GO:0008536;GO:0005049;GO:0005737;GO:0005643;GO:0006611
A5WBF8	GO:0006457;GO:0031072;GO:0051082;GO:0006260;GO:0009408;GO:0005737;GO:0008270;GO:0005524
Q9BYC8	GO:0005743;GO:0005739;GO:0005762;GO:0070125;GO:0006412;GO:0003723;GO:0005761;GO:0003735;GO:0070126
Q1LKJ2	GO:0022857;GO:0009877;GO:0016887;GO:0005886;GO:0005524
Q133T5	GO:0005737;GO:0009229;GO:0009228;GO:0016783
A0A3S7WQS5	GO:0097056;GO:0000049;GO:0016785;GO:0005737;GO:0006412
B1HVD8	GO:0006782;GO:0050661;GO:0008883
Q6PDK2	GO:0042393;GO:0005654;GO:0001701;GO:0043627;GO:0097692;GO:0044648;GO:0048477;GO:0044666;GO:0006342;GO:0080182;GO:0000976;GO:0008284;GO:0042800;GO:0051568;GO:0045944;GO:0001555;GO:0001228;GO:0003713;GO:0035097;GO:0033148;GO:0046872;GO:0010468
A3PFE5	GO:0006457;GO:0051082;GO:0016887;GO:0046983;GO:0008270;GO:0005524
Q42615	GO:0008289;GO:0006869
Q84F16	GO:0043722
P35442	GO:0005509;GO:0005576;GO:0005604;GO:0031091;GO:0008201;GO:0007155;GO:0062023;GO:0051965;GO:0016525
Q8BMA3	GO:0070373;GO:2000651;GO:0016324;GO:0033137;GO:0005737;GO:0010765
A5PJC7	GO:0005886;GO:0016021
B0U4I5	GO:0070038;GO:0005737
P03963	GO:0004049;GO:0000162;GO:0046872
B2RPV6	GO:0062023;GO:0005509;GO:0007596
A0T100	GO:0003924;GO:0006414;GO:0005739;GO:0003746;GO:0070125;GO:0005525;GO:0009507
Q92SS9	GO:0000049;GO:0005737;GO:0005524;GO:0004826;GO:0000287;GO:0006432
Q10234	GO:0005739;GO:0005763;GO:0032543;GO:0006412;GO:0003723;GO:0003735
B9M384	GO:0033362;GO:0010285;GO:0030170
Q0BE45	GO:0006541;GO:0003922;GO:0005524;GO:0016462
Q42669	GO:0047780;GO:0003994;GO:0051539;GO:0006097;GO:0005737;GO:0046872
A0RDG3	GO:0006428;GO:0004822;GO:0002161;GO:0000049;GO:0005737;GO:0005524;GO:0008270
Q9LXF2	GO:1900865;GO:0009507
Q8U3M7	GO:0043815;GO:0004644;GO:0005524;GO:0006189;GO:0000287
P30373	GO:0006357;GO:0001227;GO:0000790;GO:0000981;GO:0000122;GO:0046872;GO:0000977
Q8YMG7	GO:0030170;GO:0000105;GO:0004400
Q0V9N0	
Q9K0L8	GO:0005829;GO:0008483;GO:0019464;GO:0004047
Q9PGG4	GO:0070038;GO:0005737
G5EFQ0	GO:0043052;GO:0044306;GO:0004672;GO:0046872;GO:0016048;GO:0007165;GO:0016021;GO:0035556;GO:0005886;GO:0007168;GO:0001653;GO:0005524;GO:0005929;GO:0005525;GO:0031528;GO:0040040;GO:0004383;GO:0006182
Q2VZV4	GO:0051539;GO:0003861;GO:0009098;GO:0046872
Q6CKU5	GO:0001401;GO:0032865;GO:0031307;GO:0000002;GO:1990456;GO:0051654;GO:0045040;GO:0070096;GO:0015914
Q2W2I1	GO:0003677;GO:0006351;GO:0032549;GO:0003899
Q2RQI0	GO:0006419;GO:0000049;GO:0005737;GO:0004813;GO:0005524;GO:0008270
Q03132	GO:0033068;GO:0016491;GO:0006633;GO:0004315;GO:0047879;GO:0031177
Q66612	GO:0046872;GO:0042025;GO:0016485;GO:0019069;GO:0019073;GO:0005524;GO:0019076
Q14151	GO:0042802;GO:0050684;GO:0070062;GO:0060765;GO:0006357;GO:0005634;GO:0005654;GO:0016604;GO:0005737;GO:0043565;GO:0060008;GO:0003723;GO:0043231
A6H148	GO:0004479
Q99MX1	GO:0006511;GO:0000082;GO:0004843;GO:0005634;GO:0004197;GO:0016579;GO:0005829
A0RPY7	GO:0006281;GO:0046872;GO:0003911;GO:0006260
Q3A4F1	GO:0003684;GO:0030983;GO:0005524;GO:0006298
P33388	GO:0015473;GO:0009297;GO:0016021;GO:0009279
D3ZXD8	GO:0016021
B5X570	GO:0003677;GO:0003700;GO:0005634;GO:0016021
Q2P6C9	GO:0009073;GO:0005737;GO:0009423;GO:0000166;GO:0046872;GO:0003856
Q03989	GO:0042802;GO:0046966;GO:0008134;GO:0030331;GO:0000976;GO:0006357;GO:0045892;GO:0050681;GO:0005634;GO:0071391;GO:0005730;GO:0003714;GO:0003677;GO:0005654;GO:0043565;GO:0000122;GO:0003723;GO:0046965;GO:0045087
Q6PFG8	GO:1990837;GO:0000978;GO:0006357;GO:0030182;GO:0005634;GO:0000981;GO:0046983;GO:0021522;GO:0000122;GO:0021520;GO:0097476;GO:0010468
Q8BXG3	GO:0005813;GO:0030992;GO:0042981;GO:0006915;GO:0001843;GO:0007224;GO:0006919;GO:0060972;GO:0032391;GO:0003677;GO:0042073;GO:0005794;GO:0005929;GO:0005930;GO:0044458;GO:0036064;GO:0001947;GO:0044292;GO:0050680;GO:1905515
B8JE34	GO:0046933;GO:0005524;GO:0042777
P06834	GO:0046872;GO:0047896;GO:0015945;GO:0005777
A2AFS3	GO:0005765;GO:0000045;GO:0005789;GO:2000786;GO:0009267;GO:0005886;GO:0005794;GO:0044090;GO:0005887;GO:0031902
B0CI45	GO:0009073;GO:0005737;GO:0009423;GO:0003866
A7GHK2	GO:0003924;GO:0005737;GO:0005525;GO:0000287;GO:0042254
A4D263	
Q5VY43	GO:0016020;GO:0043654;GO:0001891;GO:0016021
O74308	GO:0060257;GO:0000978;GO:0036349;GO:0000790;GO:0000981;GO:0005634;GO:0000122;GO:0008270;GO:0051321
B4NXB9	
Q5MQC6	GO:0003723;GO:0019013;GO:0044172;GO:0044177
P02564	GO:0042802;GO:0006941;GO:0006936;GO:0005516;GO:0046034;GO:0000146;GO:0005737;GO:0005859;GO:0030018;GO:0007512;GO:0032982;GO:0002026;GO:1904385;GO:0005524;GO:0016459;GO:0014898;GO:0030016;GO:0016887;GO:0030898;GO:1905243;GO:0003009;GO:0055010;GO:0007568;GO:0014883;GO:0030049;GO:0002027;GO:0031449;GO:0060048;GO:0044877;GO:0014728;GO:0001725;GO:0030017;GO:0051015
P76161	GO:0003677;GO:0031564
Q0VRD0	GO:0043815;GO:0004644;GO:0005524;GO:0006189;GO:0000287
Q2RWC5	GO:0000034;GO:0043103;GO:0009117;GO:0008270;GO:0006146
A1D3P4	GO:0003723;GO:0006397;GO:0000002;GO:0031305
Q5LGL5	GO:0065002;GO:0006605;GO:0005737;GO:0005886;GO:0017038;GO:0005524;GO:0046872
F1M707	GO:0042742;GO:0042554;GO:0070946;GO:1900745;GO:0034614;GO:0006968;GO:0032266;GO:0043020;GO:0001909;GO:0005737;GO:0014068;GO:0005794;GO:0002679;GO:0045893;GO:0045986;GO:0016175;GO:0005791;GO:0006801;GO:0070947;GO:0043025;GO:0035091;GO:0005886;GO:0006612;GO:0016020;GO:0030425;GO:0043325;GO:0046330;GO:0005829;GO:0016176;GO:0006954;GO:0045741;GO:0008283;GO:0017124;GO:0050665;GO:0001878;GO:0019898;GO:0050832;GO:0050830;GO:0006915;GO:0009617;GO:0045730;GO:0006691;GO:0071276
Q0SRC4	GO:0004139;GO:0005737;GO:0016052;GO:0009264;GO:0046386
P57855	GO:0004640;GO:0000162;GO:0004425
Q4FNM9	GO:0005525;GO:0003924;GO:0005737;GO:0003743
Q5RAM9	GO:0003677;GO:0005634;GO:0046872
P91420	GO:0004722;GO:0000003;GO:0007283;GO:0000790;GO:0005634;GO:0031143;GO:0031272;GO:0007060;GO:0005737;GO:0000785;GO:0046872;GO:0030154;GO:0018991;GO:0097723
Q2P7G5	GO:0002161;GO:0005737;GO:0004832;GO:0005524;GO:0006438
P48059	GO:0019901;GO:0005737;GO:0045216;GO:0071560;GO:0005911;GO:0005925;GO:0098609;GO:1900026;GO:0034329;GO:0051894;GO:0005886;GO:0005829;GO:0010811;GO:0043547;GO:1901224;GO:2001046;GO:0010628;GO:0007569;GO:0048471;GO:0033209;GO:0045892;GO:0045184;GO:0008270
Q99JW4	GO:0007163;GO:0019901;GO:2000346;GO:0043066;GO:0005737;GO:0045216;GO:0005911;GO:2000178;GO:0005925;GO:0098609;GO:1900026;GO:0051894;GO:0005886;GO:0010811;GO:0043547;GO:1901224;GO:0043009;GO:2001046;GO:0010628;GO:0007160;GO:0048471;GO:0033209;GO:0050680;GO:0045892;GO:0045184;GO:0044877;GO:0008270;GO:0032991
P39107	GO:0005801;GO:0000137;GO:0005789;GO:0097502;GO:0000136;GO:0006487;GO:0000032;GO:0005783
A5VKB2	GO:0004342;GO:0019262;GO:0006044;GO:0005975
Q91321	GO:0005212
Q2HJ74	GO:0005743;GO:0005739;GO:0015068;GO:0120162;GO:0005758;GO:0007275;GO:0014889;GO:0007611;GO:0015067;GO:0006601
A2Q8L1	GO:0005789;GO:0000139;GO:0030127;GO:0006886;GO:0090114;GO:0008270
B7M5U6	GO:0070205;GO:0009234
Q8EYK9	GO:0009236;GO:0009163;GO:0008939
A5VQR4	GO:0000287;GO:0000162;GO:0004048
Q1MHJ5	GO:0030956;GO:0016787;GO:0050567;GO:0005524;GO:0006412
Q3T1H5	GO:0003697;GO:0016605;GO:0004518;GO:0036317;GO:0005634;GO:0005730;GO:0048666;GO:0070260;GO:0005654;GO:0005737;GO:0030145;GO:0000287;GO:0006302
B8NY85	GO:0032259;GO:0008171
B6HNK3	GO:0016491;GO:0032259;GO:0016746;GO:0008168;GO:0031177
A1ZBE8	GO:0005768;GO:0005802;GO:0000139;GO:0006895;GO:0005829;GO:0015031
Q1LFZ8	GO:0016887;GO:0015439;GO:0005886;GO:0017004;GO:0005524
B1MEP9	GO:0032259;GO:0008168
Q89I86	GO:0019464;GO:0004375;GO:0030170;GO:0005960;GO:0016594;GO:0005829
Q0I3D1	GO:0016879;GO:0005737;GO:0006400;GO:0005524
Q05319	GO:0035220;GO:0006508;GO:0051017;GO:0007010;GO:0005886;GO:0016021;GO:0004252
A4QBU0	GO:0042026;GO:0005737;GO:0051082;GO:0005524
Q693B1	GO:0042802;GO:0016567;GO:0045666;GO:0007049;GO:0040008;GO:0051260;GO:0007406;GO:0005737;GO:0016740;GO:0045879
C0RYV1	GO:0005743;GO:0016021
Q9VK07	GO:0045746;GO:0035493;GO:0005768;GO:0048260;GO:0040008;GO:0048803;GO:0000323;GO:0008285;GO:0007219;GO:0060575;GO:0016322;GO:0000149
O95256	GO:0045092;GO:0045954;GO:0006955;GO:0006954;GO:0061809;GO:0042008;GO:0008283;GO:0035655;GO:0070301;GO:0005886;GO:0032609;GO:0032635;GO:0035744;GO:0050135;GO:0051092;GO:0042119
Q01W89	GO:0003924;GO:0003746;GO:0005737;GO:0005525
Q819S1	GO:0004151;GO:0044205;GO:0008270
Q6FLE2	GO:0051438;GO:0006915;GO:0005634;GO:0034605;GO:0044255;GO:0120174;GO:0004252
B7K4A4	GO:0005737;GO:0030145;GO:0070006
A9ZSZ2	GO:0046872;GO:0007283;GO:0005737;GO:0007275;GO:0004519;GO:0003723;GO:0030154;GO:0031047;GO:0051321
P07674	GO:0003677;GO:0032991;GO:0042802;GO:0045892
Q9LTX9	GO:0006457;GO:0046686;GO:0051082;GO:0045036;GO:0009408;GO:0009579;GO:0009536;GO:0009570;GO:0005524;GO:0048046;GO:0009507;GO:0009941;GO:0009532
Q5PRC7	GO:0003697;GO:0070876;GO:0005634;GO:0000724;GO:0003677;GO:0006281;GO:0007093;GO:0010212;GO:0000784;GO:0006974
Q920B0	GO:0090162;GO:0005912;GO:0001726;GO:0005737;GO:0005856;GO:0005923
Q4ZUD2	GO:0009039;GO:0005737;GO:0016151;GO:0043419
Q6P1H6	GO:0042326;GO:0051721;GO:0051301;GO:0007417;GO:0007084;GO:0030176;GO:0043066;GO:0005783;GO:0035307
P10244	GO:1990837;GO:0000978;GO:0006357;GO:0000278;GO:0000981;GO:0005634;GO:0043525;GO:1990830;GO:0001228;GO:0005654;GO:0031523;GO:0051726;GO:0090307;GO:0006355;GO:0045944
A4FZX1	GO:0004820;GO:0006426;GO:0046983;GO:0005737;GO:0005524
A0LIJ0	GO:0005840;GO:0003735;GO:0019843;GO:0006412
P30725	GO:0006457;GO:0031072;GO:0051082;GO:0006260;GO:0009408;GO:0005737;GO:0008270;GO:0005524
A0AVI2	GO:0007520;GO:0002281;GO:0005509;GO:0030315;GO:0033292;GO:0002280;GO:0006906;GO:0061025;GO:0016021;GO:0031410;GO:0001778;GO:0005544;GO:0007009;GO:0050765
B8GPC3	GO:0030060;GO:0019752;GO:0006099;GO:0005975
Q1RHD1	GO:0006351;GO:0003899;GO:0003677;GO:0008270;GO:0000287
Q6LTW8	GO:0009014;GO:0009089;GO:0050897;GO:0008270;GO:0019877
Q8EAP2	GO:0006090;GO:0046872;GO:0004471;GO:0008948;GO:0016615;GO:0005829;GO:0006108;GO:0051287;GO:0004470
Q55080	GO:0004497;GO:0004601;GO:0005737;GO:0016705;GO:0005506;GO:0020037
A7MVK1	GO:0019556;GO:0005737;GO:0016153;GO:0019557
Q9WUP1	GO:0086103;GO:0038041;GO:0033138;GO:1903078;GO:0097647;GO:0010739;GO:0001921;GO:0031623;GO:1990410;GO:1904645;GO:0001525;GO:0010942;GO:0007189;GO:0009986;GO:0032870;GO:0005886;GO:1905665;GO:0007186;GO:0010628;GO:0150058;GO:0015026;GO:0006816;GO:0005764;GO:0001605;GO:1903143;GO:0072659;GO:0097643;GO:0070374;GO:0071392;GO:0006886;GO:0043235;GO:0051897;GO:0015031
Q88VM1	GO:0006457;GO:0031072;GO:0051082;GO:0006260;GO:0009408;GO:0005737;GO:0008270;GO:0005524
Q0VQC0	GO:0005886;GO:0004222;GO:0008270;GO:0016021
B4LX81	GO:0060213;GO:0043186;GO:0006342;GO:0007283;GO:0003676;GO:0005634;GO:0008298;GO:0030423;GO:0030720;GO:0046843;GO:0000335;GO:0030717;GO:0003724;GO:0007076;GO:0007294;GO:0001556;GO:0009949;GO:0009951;GO:0005524;GO:0007317
Q800G8	GO:0044327;GO:0045211;GO:0005634;GO:0005737;GO:0005525;GO:0031410;GO:0030424;GO:0003374;GO:0031623;GO:0045202;GO:0000266;GO:0098884;GO:0048285;GO:0005886;GO:0016020;GO:0015630;GO:0043197;GO:0003924;GO:0008017;GO:0050803;GO:0009615;GO:0098793;GO:0098844;GO:0014069;GO:0061025;GO:0031966;GO:0016185
Q6KZF9	GO:0016879;GO:0008270;GO:0005524
P57723	GO:0043488;GO:0006977;GO:0003730;GO:0005634;GO:0003729;GO:0003677;GO:0005737;GO:0051252;GO:0048025;GO:0003723;GO:0005829;GO:0010468
O95359	GO:0005815;GO:0008283;GO:0005654;GO:0007052;GO:0005737;GO:0005886;GO:0005829;GO:0035257;GO:0021987;GO:0000226
Q81GG4	GO:0004834;GO:0005829;GO:0000162
Q8F1M1	GO:0030955;GO:0071805;GO:0008556;GO:0005886;GO:0005887
A9I0N5	GO:0005525;GO:0005524
Q23523	GO:0016592;GO:0006357;GO:0003712;GO:0070847
Q80YN4	GO:0005576;GO:0007565;GO:0003050;GO:0008217;GO:0004175;GO:0016486;GO:0035813;GO:0009986;GO:0005044;GO:0031410;GO:0005887;GO:0004252
Q7ZWU5	GO:0034497;GO:0000045;GO:0034045;GO:0032266;GO:0009267;GO:0080025;GO:0005829
O43151	GO:0001939;GO:0080182;GO:0006493;GO:0005634;GO:0001940;GO:0044727;GO:0070989;GO:0005737;GO:0005694;GO:0008270;GO:0080111;GO:0070579;GO:0045944;GO:0006211;GO:0008327
A6QIT6	GO:0009229;GO:0009228;GO:0004417;GO:0005524;GO:0000287
Q2N9M9	GO:0009317;GO:0003989;GO:0016743;GO:0006633;GO:0008270;GO:0005524;GO:2001295
P32837	GO:0015847;GO:0015812;GO:0055085;GO:0015489;GO:0000329;GO:0016021;GO:0015495
A0A1U9YI06	GO:0003677;GO:0000981;GO:0005634;GO:0008270
Q92125	GO:0005509;GO:0005544
Q8QHL3	GO:0005021;GO:0004714;GO:0005576;GO:0001525;GO:0005768;GO:0006935;GO:0033674;GO:0048010;GO:0002244;GO:0016477;GO:0007275;GO:0005524;GO:0007169;GO:0043235;GO:0045766;GO:0005887
Q9NVP4	GO:0046872
Q5RFD3	GO:0042802;GO:0007049;GO:0006915;GO:0002039;GO:0008537;GO:2001237;GO:0005654;GO:0061136;GO:0061133;GO:0005829;GO:0097371
Q15TZ2	GO:0005737;GO:0009117;GO:0047429
Q2KXU5	GO:0008701;GO:0019439;GO:0030145
C0MGY6	GO:0003678;GO:0008408;GO:0000724;GO:0005524;GO:0003690
A0KVI4	GO:0006260;GO:0003677;GO:0006281;GO:0046872;GO:0003911
P68962	GO:0042025;GO:0019028;GO:0031423
P00782	GO:0042730;GO:0005576;GO:0006508;GO:0030435;GO:0046872;GO:0004252
P39997	GO:0035529;GO:0004551;GO:0004528;GO:0009141;GO:0005783;GO:0016021;GO:0047429;GO:0036218;GO:0017111
A6UN73	GO:0003677;GO:0003678;GO:0006281;GO:0005524
A9AJQ9	GO:0006457;GO:0051301;GO:0007049;GO:0005737;GO:0003755;GO:0015031
Q9RKS2	GO:0000287;GO:0005737;GO:0015940;GO:0003864
Q9M2L4	GO:0042742;GO:0046872;GO:0005516;GO:0019829;GO:0016021;GO:0043069;GO:0005886;GO:0005388;GO:0005774;GO:0005524;GO:0005794;GO:0009705;GO:0043231;GO:0055081;GO:0009507;GO:0005773
B0K0Q1	GO:0006419;GO:0000049;GO:0005737;GO:0004813;GO:0005524;GO:0008270
Q8TUM3	GO:0006420;GO:0005737;GO:0004814;GO:0005524
Q58088	GO:0006596;GO:0016765
P41575	GO:0019521;GO:0006098;GO:0050661;GO:0004616
P07300	GO:0003678;GO:0046872;GO:0042025;GO:0006260;GO:0039526;GO:0039592;GO:0003677;GO:0039645;GO:0005524;GO:0004519;GO:0039693
A0RB65	GO:0004834
B0TZC0	GO:0051539;GO:0004160;GO:0009099;GO:0009097;GO:0046872
P10039	GO:0062023;GO:0007155;GO:0005102;GO:0005615
E8MF12	GO:0016301;GO:0016773;GO:0005524;GO:0005975
O96785	GO:0035282;GO:0040034;GO:0005634;GO:0000981;GO:0003677;GO:0046872
Q5ZLY2	GO:0004416;GO:0019243;GO:0046872
Q2M218	GO:0000978;GO:0006357;GO:0005634;GO:0000981;GO:0046872
Q08DI0	GO:0000978;GO:0006357;GO:0030182;GO:0005634;GO:0000981;GO:0046983;GO:0001228;GO:0021542
P76578	GO:0031362;GO:0010951;GO:0004866;GO:0005615
Q0KF31	GO:0005737;GO:0009229;GO:0009228;GO:0016783
Q1H396	GO:0003677;GO:0045892
Q60662	GO:0008104;GO:0044458;GO:0097225;GO:0045184;GO:0097228;GO:0097229;GO:0005737;GO:0051018;GO:0005929;GO:0030018;GO:0007178;GO:0031514;GO:0030317;GO:0035686;GO:0048471;GO:0097224
Q2FK44	GO:0006006;GO:0005737;GO:0008861
A0A0B4FLB2	GO:0006633;GO:0016788;GO:0004315;GO:0031177
Q2VJ42	GO:0038023;GO:0006909;GO:0007160;GO:0045121;GO:1904996;GO:0008305;GO:0016020;GO:0007229;GO:0046872;GO:0071404;GO:0031623
P28345	GO:0005782;GO:0009514;GO:0006097;GO:0004474;GO:0006099;GO:0005737
P40137	GO:0046872;GO:0006171;GO:0035556;GO:0005886;GO:0005524;GO:0016021;GO:0004016
Q86117	GO:0039694;GO:0006351;GO:0018144;GO:0030430;GO:0004197;GO:0003968;GO:0003724;GO:0005524;GO:0003723;GO:0019028
Q6MEF3	GO:0003924;GO:0003746;GO:0043022;GO:0005886;GO:0045727;GO:0005525
Q9LXQ7	
A1KUX1	GO:0065002;GO:0006605;GO:0005737;GO:0005886;GO:0017038;GO:0005524;GO:0046872
Q96K78	GO:0004930;GO:0007189;GO:0016021;GO:0007166;GO:0005887;GO:0007186
Q2M3X9	GO:0006357;GO:0001227;GO:0000790;GO:0000981;GO:0000122;GO:0046872;GO:0000977
P42384	GO:0042026;GO:0005737;GO:0051082;GO:0005524
P04628	GO:0042770;GO:1903204;GO:0060348;GO:1904953;GO:0090344;GO:0043066;GO:0016015;GO:0001934;GO:0005737;GO:0005788;GO:0036520;GO:2000059;GO:0005109;GO:0033278;GO:0045893;GO:0045165;GO:0005576;GO:0016055;GO:0045599;GO:0030666;GO:0048664;GO:0030514;GO:0005796;GO:0070365;GO:0009986;GO:0001658;GO:0005886;GO:0007267;GO:0060061;GO:0071375;GO:0007520;GO:0021551;GO:0060071;GO:0070062;GO:0071425;GO:0021797;GO:0021536;GO:0021527;GO:0048018;GO:0051091;GO:1904954;GO:0008284;GO:0042472;GO:0005125;GO:0030579;GO:0022408;GO:0030512;GO:0030901;GO:0043568;GO:1904886;GO:0022004;GO:0021588;GO:0010592;GO:0045944;GO:0060070;GO:0000578;GO:0048146;GO:0019904;GO:0030182;GO:0033077;GO:1990403;GO:0031100;GO:0061184;GO:0009611;GO:0005615;GO:0010812;GO:0045747
Q14703	GO:0007040;GO:0045540;GO:0006508;GO:0060627;GO:0008203;GO:0005789;GO:0000139;GO:0044267;GO:0006606;GO:0036500;GO:0005788;GO:0005794;GO:0030968;GO:0016021;GO:0005795;GO:0043687;GO:0034976;GO:0031293;GO:0004252
O35855	GO:0009081;GO:0010817;GO:0004084;GO:0009099;GO:0006550;GO:0052654;GO:0005739;GO:0005634;GO:0052655;GO:1990830;GO:0006551;GO:0005737;GO:0006573;GO:0052656;GO:0009098;GO:0006549;GO:0009083
A4WBM7	GO:0002098;GO:1904047;GO:0016743
Q7Z442	GO:0005509;GO:0050982;GO:0030246;GO:0016020;GO:0005262;GO:0016021
Q8CWA4	GO:0006811;GO:0015562;GO:0070207;GO:0046930;GO:0019992;GO:0015288;GO:0018345;GO:0009279
A0Q5D7	GO:0006420;GO:0005737;GO:0004814;GO:0005524
B0S101	GO:0004823;GO:0006429;GO:0002161;GO:0005737;GO:0005524
Q3K5E7	GO:0006281;GO:0003911;GO:0006260
A5F5Z2	GO:0006412;GO:0006464;GO:0016881;GO:0005524;GO:0046872
O57382	GO:0005509;GO:0005576;GO:0004222;GO:0007275;GO:0008270;GO:0030154
Q0CKU4	GO:0006914;GO:0032120;GO:0030259;GO:0016906;GO:0016126;GO:0102205;GO:0102202;GO:0034045;GO:0102203;GO:0015031;GO:0005975
B2V6V0	GO:0000049;GO:0005737;GO:0005524;GO:0004826;GO:0000287;GO:0006432
Q5HZA1	GO:0003779;GO:0001843;GO:0007266;GO:0072542;GO:0061386;GO:0005737;GO:0030027;GO:0001755;GO:0008157;GO:0030036;GO:0043085;GO:0051726;GO:0048484;GO:2001045
Q6L2V8	GO:0006541;GO:0009236;GO:0042242;GO:0005524
P97874	GO:0030332;GO:0005737;GO:0005794;GO:2000179;GO:0004674;GO:0072583;GO:0005925;GO:0061436;GO:0030276;GO:0007030;GO:0005524;GO:0043231;GO:0005829;GO:0048853;GO:0007049;GO:0090160;GO:0035622;GO:0048471;GO:0072659;GO:0007029;GO:0006898;GO:0031982;GO:1905224;GO:0072318;GO:0048468;GO:0034067;GO:0010977;GO:0009913
B4UDM8	GO:0006096;GO:0005576;GO:0009986;GO:0000015;GO:0004634;GO:0000287
Q9BSK4	GO:0006511;GO:0016567;GO:0050728;GO:0051438;GO:0031867;GO:0005829;GO:0043687;GO:0000151
A4IZF4	GO:0006420;GO:0005737;GO:0004814;GO:0005524
P0CN37	GO:0072659
B6YVS9	GO:0006265;GO:0003677;GO:0003918;GO:0005524;GO:0006268
P46367	GO:0006067;GO:0006090;GO:0005739;GO:0004030;GO:0042645;GO:0006740;GO:0019413;GO:0004029
Q9XTA5	GO:0003700;GO:0001666;GO:1904115;GO:2000434;GO:0005634;GO:0019896;GO:0046982;GO:0061419;GO:0071456;GO:0043565;GO:0016607;GO:0010575;GO:0035035;GO:0005829;GO:0045893;GO:0045944
Q8UDM3	GO:0008360;GO:0009252;GO:0007049;GO:0051301;GO:0071555;GO:0005737;GO:0005524;GO:0008765;GO:0000287
Q39W76	GO:0009099;GO:0050661;GO:0009097;GO:0000287;GO:0004455
C3MAA3	GO:0030956;GO:0016787;GO:0050567;GO:0005524;GO:0006412
Q7LKX0	GO:0102337;GO:0030148;GO:0009922;GO:0005634;GO:0005789;GO:0034625;GO:0030176;GO:0019368;GO:0031965;GO:0102756;GO:0019367;GO:0102338;GO:0042761;GO:0005829;GO:0034626;GO:0102336
Q2RMV4	GO:0005737;GO:0004045;GO:0006412
Q27421	GO:0007015;GO:0015629;GO:0051015
A4FNI7	GO:0065002;GO:0006605;GO:0005737;GO:0005886;GO:0017038;GO:0005524
Q9SJI7	GO:0071493;GO:0005737;GO:0016042;GO:0008970;GO:0005829;GO:0009650
Q92782	GO:1990837;GO:0045892;GO:0007399;GO:0000790;GO:0006915;GO:0042393;GO:0005737;GO:0071565;GO:0003712;GO:0008270;GO:0045944
P15684	GO:0070062;GO:0006508;GO:0001525;GO:0004177;GO:0008217;GO:0007165;GO:0016021;GO:0035814;GO:0070006;GO:0005737;GO:0005886;GO:0005793;GO:0031526;GO:0008270;GO:0005615;GO:0042277;GO:0030154;GO:0043171;GO:0009897
C5DJH6	GO:0005634;GO:0005737;GO:0005816
Q54SH7	GO:0005886;GO:0004930;GO:0016021
Q9A3H4	GO:0042597;GO:0017038;GO:0007049;GO:0051301
P15360	GO:0003677;GO:0003700;GO:0045892;GO:0006071
Q2YV73	GO:0071555;GO:0047349;GO:1902012;GO:0008299
Q1GZD3	GO:0004107;GO:0009423;GO:0009073
P11799	GO:0004672;GO:0032154;GO:0005516;GO:0001725;GO:0004687;GO:0005737;GO:0030027;GO:0005524;GO:0046872;GO:0005829;GO:0006939;GO:0014820
C6DGZ4	GO:0004834
Q7VRX7	GO:0006260;GO:0003677;GO:0006281;GO:0046872;GO:0003911
Q1IZI7	GO:0003746;GO:0005737
B8FP03	GO:0006189;GO:0004641;GO:0005524;GO:0005737
Q6N9K0	GO:0051539;GO:0036070;GO:0046872;GO:0019685;GO:0005524;GO:0016730;GO:0016636
A6UWT0	GO:0004817;GO:0005737;GO:0005524;GO:0008270;GO:0006423
B7V4G6	GO:0005737;GO:0002949;GO:0005506;GO:0061711
O08550	GO:0080182;GO:0001541;GO:0005634;GO:0007613;GO:0016458;GO:0042800;GO:0045322;GO:0051569;GO:0051568;GO:0045893;GO:0097692;GO:0034968;GO:0009994;GO:0030728;GO:0044648;GO:0035097;GO:0008270
A4VNR4	GO:0003677;GO:0004386;GO:0005524;GO:0006355
A2BTN8	GO:0006457;GO:0051082;GO:0016887;GO:0046983;GO:0008270;GO:0005524
Q92254	GO:0016853;GO:0005789;GO:0006696;GO:0005783;GO:0016021
Q5SII2	GO:0001510;GO:0005737;GO:0006364;GO:0003723;GO:0008168
P53517	GO:0015473;GO:0009297;GO:0016021;GO:0009279
P34616	GO:0030054;GO:0005509;GO:0045138;GO:0005604;GO:0034769;GO:0007155;GO:0007156;GO:0005737;GO:0005886;GO:0016331;GO:0005198;GO:0016323;GO:0005887
Q5REF1	GO:0003677;GO:0046872;GO:0005634;GO:0006355
A1T352	GO:0042026;GO:0005737;GO:0051082;GO:0005524
P19172	GO:0002221;GO:0005576;GO:0009651;GO:0000272;GO:0008422;GO:0009409;GO:0004568;GO:0006032;GO:0009642;GO:0009611;GO:0003796;GO:0005615;GO:0042631
P27427	GO:0019031;GO:0019048;GO:0055036;GO:0016021
P33206	GO:0003700;GO:0008134;GO:0045892;GO:0019904;GO:0007399;GO:0005634;GO:0003677;GO:0043565;GO:0006355;GO:0030154
Q2FK15	GO:0071555;GO:0047349;GO:1902012;GO:0008299
Q6F230	GO:0004817;GO:0005737;GO:0005524;GO:0008270;GO:0006423
B4UH38	GO:0046933;GO:0005524;GO:0042777
Q2IH17	GO:0051539;GO:0004160;GO:0009099;GO:0009097;GO:0046872
Q6LVB3	GO:0006412;GO:0016740;GO:0003735;GO:0019843;GO:0015934
Q1PE68	
O26747	GO:0009231;GO:0016811;GO:0008198;GO:0052645
Q00105	
Q4G366	GO:0006457;GO:0051082;GO:0009507;GO:0005524
Q8RGR2	GO:0009380;GO:0016887;GO:0009432;GO:0003677;GO:0006289;GO:0005737;GO:0009381;GO:0005524
Q8KA87	GO:0005737;GO:0016887;GO:0005524
B0US05	GO:0008233;GO:0016887;GO:0009376;GO:0043335;GO:0005524
B1IA52	GO:0006457;GO:0051082;GO:0005524
P12567	GO:0055036;GO:0033644;GO:0019031;GO:0046789;GO:0016021;GO:0046718;GO:0019062
Q9MA93	GO:0016491
B0TBY2	GO:1901891;GO:0000902;GO:0000917
E1WTB4	GO:0005886;GO:0006813;GO:0016021;GO:0008324
Q8IXS2	GO:0060285;GO:0005858;GO:0060271;GO:0005930;GO:0031514;GO:0036064;GO:0003352;GO:0070286
B2SKP5	GO:0009073;GO:0005737;GO:0009423;GO:0000166;GO:0046872;GO:0003856
Q3TX08	GO:0005634;GO:0000049;GO:0046872;GO:0002940;GO:0004809
Q4R3D6	GO:0005634;GO:0008270
Q5PSV9	GO:0042802;GO:0070975;GO:0005925;GO:0007049;GO:0005634;GO:0005654;GO:0016604;GO:0006281;GO:0008022;GO:0005694
Q8BR90	GO:0005654;GO:0005829
Q3MCR5	GO:0016841;GO:0051539;GO:0016765;GO:0005506
Q3SG64	GO:0070038;GO:0005737
A8GV25	GO:0006351;GO:0003899;GO:0003677;GO:0008270;GO:0000287
Q9CU65	GO:0016605;GO:0031624;GO:0008270
Q65TN4	GO:0008616;GO:0005737;GO:0033739;GO:0046857
P57775	GO:0006511;GO:0002053;GO:0016055;GO:0042733;GO:0019005;GO:0000209;GO:0030326;GO:0031146;GO:0005829;GO:0043687;GO:0000151;GO:0051216
Q5BE04	GO:0060303;GO:1990707;GO:0031508;GO:1902377;GO:1990678;GO:0005634;GO:0006282;GO:0071572;GO:0006348;GO:1990679;GO:1990414;GO:0000122;GO:0031934;GO:0046872;GO:0017136;GO:0016740;GO:0070403;GO:0031618;GO:0006974
Q6FTW5	GO:1905533;GO:0010515;GO:0046695;GO:0043993;GO:0000790;GO:2000617;GO:0032968;GO:0006338;GO:0036408;GO:0043992;GO:0000775;GO:0070577;GO:0140068;GO:0003712;GO:0000124;GO:0007131;GO:0005829;GO:0001302;GO:0005671
B3R5V3	GO:0006744;GO:0008694;GO:0005886;GO:0046872
Q5E9T7	GO:0042995;GO:0006915;GO:0043981;GO:0043966;GO:0005737;GO:0005856;GO:0005694;GO:0046872;GO:0000123;GO:0043983;GO:0043982
A9M0X2	GO:0065002;GO:0006605;GO:0005737;GO:0005886;GO:0017038;GO:0005524;GO:0046872
E1B7L7	GO:0005634
B2IMB5	GO:0006457;GO:0051082;GO:0005524
A2CAC6	GO:0051539;GO:0004160;GO:0009099;GO:0009097;GO:0046872
Q92176	GO:0030595;GO:0098978;GO:0032796;GO:0001845;GO:0030027;GO:0043548;GO:0042803;GO:0005911;GO:0030424;GO:0051279;GO:0031339;GO:0043029;GO:0008360;GO:0061502;GO:0001891;GO:0001772;GO:0008022;GO:0005829;GO:0030864;GO:0031589;GO:0007015;GO:0048873;GO:0006816;GO:0038180;GO:0030335;GO:0043524;GO:0005769;GO:0032036;GO:0003785;GO:0043320;GO:0050918;GO:0051126;GO:0071353;GO:0005884;GO:0016477;GO:0042102;GO:0030670;GO:0051015;GO:0032991
A5VXP0	GO:0003677;GO:0006351;GO:0032549;GO:0003899
P47046	GO:0005933;GO:0006312;GO:0071944;GO:0016021;GO:0000324
P13784	GO:0003677;GO:0015074;GO:0006310
A1AXA3	GO:0009245;GO:0009029;GO:0005524
Q9U405	GO:0003700;GO:0006357;GO:0005634;GO:0007143;GO:0045143;GO:0007343;GO:0000987;GO:0007349;GO:0008270;GO:0007279;GO:0045944
P04426	GO:0030509;GO:0042770;GO:1903204;GO:0060348;GO:0007165;GO:0090344;GO:0043066;GO:0001934;GO:0005737;GO:0005788;GO:0005102;GO:0036520;GO:0006355;GO:2000059;GO:0005109;GO:0033278;GO:0045893;GO:0045165;GO:0045596;GO:0005576;GO:0016055;GO:0045599;GO:0048664;GO:0030514;GO:0070365;GO:0009986;GO:0001658;GO:0007267;GO:0022008;GO:0060061;GO:0014902;GO:1990909;GO:0071375;GO:0007520;GO:0021551;GO:0071425;GO:0021797;GO:0021536;GO:0021527;GO:0048018;GO:0048663;GO:0051091;GO:1904954;GO:0008284;GO:0009887;GO:0005125;GO:0030579;GO:0022408;GO:0021549;GO:0030512;GO:0030901;GO:0030917;GO:0042472;GO:0022004;GO:0043568;GO:0021588;GO:0010592;GO:0045944;GO:0060070;GO:0000578;GO:0048146;GO:0019904;GO:0030182;GO:0033077;GO:1990403;GO:0031100;GO:1904948;GO:0061184;GO:0009611;GO:0071542;GO:0005615;GO:0022037;GO:0010812;GO:0045747
Q9ET78	GO:0007204;GO:0010314;GO:0030314;GO:0005634;GO:0033017;GO:0032266;GO:0055074;GO:0000122;GO:0030018;GO:0005886;GO:0016020;GO:0016021;GO:0080025;GO:0001227;GO:0005789;GO:0001046;GO:0005546;GO:0005547;GO:0001786;GO:0007275;GO:0045892;GO:0070273;GO:0070300;GO:0003677;GO:0055024;GO:0060316;GO:0016529
Q5M7W5	GO:0008017;GO:0051301;GO:0051294;GO:0005874;GO:1902856;GO:0007052;GO:0005930;GO:0043005;GO:0072686;GO:0051012;GO:0014069;GO:0031175;GO:0030424;GO:0000226
B7ID00	GO:0006457;GO:0051082;GO:0005524
Q897L3	GO:0048472;GO:0015420;GO:0009236;GO:0005886;GO:0016021
Q3A0G9	GO:0003924;GO:0005737;GO:0042274;GO:0046872;GO:0005525;GO:0019843
Q3U7R1	GO:0042802;GO:0005509;GO:0061817;GO:0006869;GO:0030176;GO:0035091;GO:0005783;GO:0031234;GO:0008429;GO:0031227;GO:0005544;GO:0031210
B2SDQ4	GO:0006420;GO:0005737;GO:0004814;GO:0005524
Q64XF8	GO:0065002;GO:0006605;GO:0005737;GO:0005886;GO:0017038;GO:0005524;GO:0046872
Q5SLW9	GO:0006457;GO:0031072;GO:0051082;GO:0006260;GO:0009408;GO:0005737;GO:0008270;GO:0005524
Q0HK31	GO:0006260;GO:0003677;GO:0006281;GO:0046872;GO:0003911
C5M6K8	GO:0003924;GO:0005759;GO:0005743;GO:0097177;GO:0045727;GO:0006412;GO:0005525
Q4G3A5	GO:0006351;GO:0003899;GO:0003677;GO:0008270;GO:0009507
P0CAP5	GO:0003677;GO:0005634
Q8Z418	GO:0042597;GO:0004222;GO:0046872
Q5JHQ3	GO:0006430;GO:0000049;GO:0005737;GO:0004824;GO:0005524;GO:0046872
Q05650	GO:0006807;GO:0005737;GO:0005524;GO:0046872;GO:0004356
Q6FV75	GO:0043495;GO:0043541;GO:0030176;GO:0004577;GO:0031965;GO:0006488
B5BA33	GO:0015420;GO:0016887;GO:0005886;GO:0005524
Q65GR3	GO:0005737;GO:0006427;GO:0004821;GO:0005524
Q3UVV9	
Q9YB79	GO:0050567;GO:0005524;GO:0006412
A5GF91	GO:0006402;GO:0006396;GO:0005737;GO:0004654;GO:0003723;GO:0000287
A7MGX5	GO:0003723;GO:0008033;GO:0005737;GO:0008173
O00098	GO:0005759;GO:0005739;GO:0006101;GO:0006099;GO:0004108;GO:0005975
A8PVM6	GO:0002143;GO:0000049;GO:0032447;GO:0002098;GO:0002144;GO:0005829;GO:0016779;GO:0034227
P28840	GO:0042802;GO:0005802;GO:0016485;GO:0032496;GO:0070555;GO:0030141;GO:0051384;GO:0016540;GO:0006508;GO:0009749;GO:0005791;GO:0016486;GO:0043025;GO:0051592;GO:0016020;GO:0022008;GO:0030425;GO:0051087;GO:0070542;GO:0043204;GO:0048678;GO:0030133;GO:0043043;GO:0010035;GO:0043278;GO:0034774;GO:0014070;GO:0031667;GO:0043005;GO:0043434;GO:0031016;GO:0048471;GO:0010157;GO:0050714;GO:0021983;GO:0043679;GO:0043559;GO:0004175;GO:0044877;GO:0042493;GO:0005615;GO:0004252
O18759	GO:1902995;GO:0008289;GO:0008203;GO:0034364;GO:0006869;GO:0050766;GO:0010875;GO:0050821;GO:0042157
Q5WVS0	GO:0003676;GO:0006430;GO:0005737;GO:0004824;GO:0005524;GO:0000287
B0Y9G4	GO:0030248;GO:0030245;GO:0005576;GO:0008810
A8M7V7	GO:0004521;GO:0006402;GO:0005886;GO:0016021;GO:0003723
Q6AX80	GO:0047710;GO:0030194;GO:0016021;GO:0005886;GO:0046872;GO:0007596
Q6EI12	GO:0016117;GO:0016767;GO:0046905;GO:0004310;GO:0010287;GO:0051996
O29388	GO:0051539;GO:0009113;GO:0004044;GO:0006189;GO:0006541;GO:0000287;GO:0009116
Q9GT24	GO:0042802;GO:0005813;GO:0051225;GO:0051301;GO:0018105;GO:1905342;GO:0010825;GO:0005737;GO:0005814;GO:0004674;GO:0016048;GO:0051298;GO:0090268;GO:0045977;GO:0010824;GO:1903436;GO:0005524;GO:0008104;GO:0004672;GO:0000003;GO:0009794;GO:0034613;GO:0007099;GO:0090169;GO:0000278;GO:1904779;GO:1905832;GO:0051726;GO:0009792
Q4K503	GO:0000162;GO:0004425
Q8V3T6	GO:0003723;GO:0039694;GO:0000166;GO:0003968
O08775	GO:0030054;GO:0043410;GO:0001945;GO:0038033;GO:2000352;GO:0030513;GO:0038085;GO:0002244;GO:0043066;GO:1901532;GO:0045165;GO:0090050;GO:0001666;GO:0008360;GO:0061042;GO:0010629;GO:0043491;GO:0051894;GO:0097755;GO:0009986;GO:0005524;GO:0045766;GO:0005887;GO:0003416;GO:0048010;GO:0071944;GO:0038083;GO:0035924;GO:0051770;GO:0007275;GO:0007568;GO:0043524;GO:0019838;GO:0050850;GO:0005769;GO:0003157;GO:0005768;GO:0001569;GO:0005178;GO:0070374;GO:0050769;GO:0016477;GO:0001938;GO:0043235;GO:0048170;GO:0050927;GO:0042802;GO:1903010;GO:0005634;GO:0035162;GO:0048469;GO:0050679;GO:0045121;GO:0030097;GO:0008584;GO:0055074;GO:0030212;GO:0001934;GO:0014068;GO:0005737;GO:0005794;GO:0005783;GO:0070371;GO:0045296;GO:0048597;GO:0030324;GO:2001214;GO:0036324;GO:0090141;GO:0018108;GO:0043025;GO:0005886;GO:0046777;GO:1904881;GO:0001570;GO:0003158;GO:0002053;GO:0005021;GO:0001541;GO:0002042;GO:0004713;GO:0008284;GO:0051901;GO:0070482;GO:0010595;GO:0035584;GO:0043005;GO:0007169;GO:0030335;GO:0045446;GO:0009897;GO:0004714;GO:0043536;GO:0033674;GO:0016239;GO:0043129;GO:0032008;GO:0048754;GO:0038084;GO:0042493;GO:0048286;GO:0007204;GO:0048812;GO:0097443
B8ZTI5	GO:0004613;GO:0006094;GO:0005737;GO:0030145;GO:0005525
Q9JLJ2	GO:0042802;GO:0042136;GO:0005739;GO:0047105;GO:0051289;GO:0055114;GO:0009437;GO:0045329;GO:0016620;GO:0043176;GO:0004029;GO:0043878;GO:0051287;GO:0005829;GO:0019145;GO:0006081
Q8U1P9	GO:0006196;GO:0015977;GO:0016984;GO:0016491;GO:0000287
P28344	GO:0005782;GO:0009514;GO:0006097;GO:0005777;GO:0004474;GO:0006099;GO:0015976;GO:0005737;GO:0009062;GO:0045733
A1VK48	GO:0008320;GO:0005887;GO:0043953;GO:0033281
B2KE25	GO:0004373;GO:0009011;GO:0033201;GO:0005978
A5F769	GO:0051539;GO:0005737;GO:0008987;GO:0046872;GO:0009435
P75075	
P06442	GO:0005216;GO:0051259;GO:0039618;GO:0016020;GO:0039707;GO:0005198;GO:0046718;GO:0072494;GO:0019062;GO:0044385
B1HM47	GO:0006223;GO:0044206;GO:0004845;GO:0005525;GO:0000287;GO:0009116
G5EGK8	GO:0005813;GO:0007084;GO:0007100;GO:0044295;GO:0043025;GO:0007052;GO:0005737;GO:0017151;GO:0018985;GO:0051229;GO:0000159;GO:0046872;GO:0051299;GO:0004721;GO:0043204;GO:0030424
A7MJG4	GO:0009380;GO:0009432;GO:0003677;GO:0006289;GO:0005737;GO:0009381
B1ING9	GO:0006094;GO:0006096;GO:0005737;GO:0004347
Q4UNE0	GO:0016021;GO:0009279
A1SST4	GO:0002098;GO:0016765
Q7SB97	GO:0042147;GO:0005768;GO:0032266;GO:0016020;GO:0006623;GO:0005829
O55012	GO:0042802;GO:0045211;GO:0150093;GO:1900244;GO:0005634;GO:0006900;GO:0050750;GO:0030097;GO:0050772;GO:0016188;GO:0005794;GO:0008021;GO:0097753;GO:0090647;GO:0045893;GO:0031623;GO:0045202;GO:0072583;GO:0098894;GO:0016192;GO:0032050;GO:0010629;GO:1903861;GO:0051223;GO:2000331;GO:0030276;GO:0043025;GO:0009986;GO:0032880;GO:0005886;GO:0048156;GO:0048268;GO:0097494;GO:1900242;GO:0016197;GO:1902963;GO:0007611;GO:0043547;GO:0007409;GO:1902803;GO:0042734;GO:1902961;GO:0048813;GO:0000149;GO:0097418;GO:0055072;GO:0005905;GO:1903077;GO:0005546;GO:0031224;GO:2000809;GO:0017124;GO:1902959;GO:0048488;GO:0098685;GO:0006897;GO:0043005;GO:1901216;GO:0014069;GO:0035459;GO:0006898;GO:0005769;GO:0005768;GO:0017137;GO:0031982;GO:0048261;GO:1905224;GO:0098688;GO:0030136;GO:0098794;GO:1902004;GO:2000009;GO:0016185;GO:0030100;GO:0005545;GO:0070381
Q55BX3	
Q4WAY8	GO:1900790;GO:0005634;GO:0000981;GO:0003677;GO:1900851;GO:0008270;GO:1902092;GO:1902086
P80202	GO:0000082;GO:0001942;GO:0007165;GO:0001701;GO:0006355;GO:0038092;GO:0004674;GO:0006468;GO:0097191;GO:0010629;GO:0009986;GO:0005886;GO:0046777;GO:0005524;GO:0005829;GO:0005887;GO:0010628;GO:0048179;GO:1901165;GO:0009966;GO:0016361;GO:0046545;GO:0045648;GO:0048185;GO:0071363;GO:0034711;GO:0032927;GO:0019838;GO:0032924;GO:0030308;GO:0045944;GO:0010862;GO:0004675;GO:0046332;GO:0007399;GO:0007417;GO:0018107;GO:0046872;GO:0043235
O07019	GO:0000160;GO:0005737;GO:0003677;GO:0006355
I1WGR6	GO:0008712;GO:0050661;GO:0097171;GO:0005975
P43735	GO:0031072;GO:0051082;GO:0006260;GO:0009408;GO:0005737;GO:0051085;GO:0008270;GO:0005524;GO:0042026
Q6NBN1	GO:0004152;GO:0005737;GO:0005886;GO:0044205;GO:0006207
O14901	GO:0003700;GO:0000978;GO:1990837;GO:0000976;GO:0005925;GO:0006357;GO:0006915;GO:0000790;GO:0000981;GO:0005634;GO:0043065;GO:0008285;GO:0005654;GO:0016604;GO:0000122;GO:0046872;GO:0005829;GO:0000083;GO:1901653
Q5PQN7	GO:0010212;GO:0008013
M1V1V5	GO:0006000;GO:0020037;GO:0016614;GO:0005886;GO:0005506;GO:0016021;GO:0009055
O74878	GO:0004377;GO:0006490;GO:0005789;GO:0006487;GO:0005783;GO:0016021;GO:0006488
Q4K5I6	GO:0030170;GO:0005737;GO:0006782;GO:0042286;GO:0008483
Q5UQT5	GO:0019012
Q99466	GO:0005634;GO:0030097;GO:0005112;GO:0005654;GO:0000122;GO:0045893;GO:0045596;GO:0005576;GO:0042060;GO:0001886;GO:0000139;GO:0001944;GO:0009986;GO:0005886;GO:0005829;GO:0060354;GO:0001709;GO:0005887;GO:0007221;GO:0005509;GO:2000048;GO:0005789;GO:0030154;GO:0001763;GO:0038023;GO:0045602;GO:0045747;GO:0001569;GO:0035278;GO:0030879;GO:0006367;GO:0001837
Q6C187	GO:0005681;GO:0005634;GO:0045131;GO:0003729;GO:0000398;GO:0008270;GO:0000381
Q9H0D2	GO:0006357;GO:0007283;GO:0045892;GO:0005634;GO:0016575;GO:0005667;GO:0003714;GO:0000118;GO:0007275;GO:0046872;GO:0030154
Q6P3W7	GO:0021860;GO:0004672;GO:2000286;GO:0007420;GO:0008333;GO:0002092;GO:0030136;GO:0005794;GO:0005102;GO:0005524;GO:0010008;GO:0090090;GO:2000370;GO:0048471
P43123	GO:0005634;GO:0006048;GO:0005737;GO:0003977
A1DEH0	GO:0045490;GO:0047490;GO:0005576;GO:0071555
P94669	GO:0009039;GO:0005737;GO:0016151;GO:0043419
P96117	GO:0016887;GO:0006829;GO:0005524
A3MTQ5	GO:0004809;GO:0000049
Q5TB80	GO:0005813;GO:0005819;GO:0005634;GO:0005879;GO:0060271;GO:0097711;GO:0005814;GO:0005829
B7I0F3	GO:0004834
Q1R0B9	GO:0055129;GO:0004349;GO:0005737;GO:0005524;GO:0003723
Q39123	GO:0003700;GO:0010072;GO:0008289;GO:0009733;GO:0045597;GO:0005634;GO:0010067;GO:0008284;GO:0003677;GO:0010014;GO:0030154;GO:0010089
Q89J69	GO:0000027;GO:0022625;GO:0070180;GO:0005840;GO:0006412;GO:0003735;GO:0019843;GO:0015934
P9WPI2	GO:0005737;GO:0016887;GO:0005524
P17240	GO:0005198;GO:0030430;GO:0019013;GO:0003723;GO:0019029
Q5R634	GO:0005789;GO:0016021
Q5JFN8	GO:0043815;GO:0004644;GO:0005524;GO:0006189;GO:0000287;GO:0005829
A4WDU5	GO:0003684;GO:0030983;GO:0005524;GO:0006298
Q0JMY1	GO:0070212;GO:0003950;GO:0005634;GO:0005730;GO:1990404;GO:0006302
Q5U2N4	GO:0016605;GO:0018105;GO:0005634;GO:0005516;GO:0030097;GO:0009931;GO:0035556;GO:0005737;GO:0006417;GO:0046777;GO:0005524;GO:0046872;GO:0071243;GO:0004674;GO:0006468;GO:0097192
P9WKF6	GO:0047091
Q9Z327	GO:1905355;GO:0003779;GO:0098978;GO:0005634;GO:0008542;GO:0099170;GO:0032233;GO:0001725;GO:0051492;GO:0098685;GO:0005923;GO:0030018;GO:0098886;GO:0099588;GO:0005829;GO:0015629;GO:0043204;GO:0014069;GO:0048169;GO:0097444
A0L3L7	GO:0030170;GO:0008710;GO:0009102
A7HNA3	GO:0042026;GO:0005737;GO:0051082;GO:0005524
Q2Y7P9	GO:0016645;GO:0004808;GO:0050660;GO:0005737;GO:0002097
A1W9K6	GO:0030798;GO:0005737;GO:0032259
O76064	GO:0006511;GO:0042802;GO:0070936;GO:0007286;GO:0033522;GO:0051301;GO:0042393;GO:0005634;GO:0030496;GO:0005654;GO:0042803;GO:0004842;GO:0010212;GO:0034244;GO:0051865;GO:0006974;GO:0016567;GO:0033523;GO:0016032;GO:0035093;GO:0061630;GO:0070534;GO:0005829;GO:0000151;GO:0003682;GO:0007049;GO:0043486;GO:0043130;GO:0006303;GO:0031625;GO:0045739;GO:0036297;GO:0045190;GO:0000781;GO:0035861;GO:0008270;GO:0070535;GO:0006302
P11976	GO:0005198;GO:0031154;GO:0031012;GO:0030198
I1WVY3	GO:0004521;GO:0005576;GO:0030430;GO:0004549;GO:0090729;GO:0000049;GO:0009405;GO:0016021
Q5T7N3	GO:0005737;GO:0005856;GO:0030837;GO:0005829;GO:0015630
Q07167	GO:0005509
B5ZWQ2	GO:0006457;GO:0051082;GO:0005524
Q6AY57	GO:0034497;GO:0000045;GO:0010314;GO:0034045;GO:0000407;GO:0000422;GO:0032266;GO:0061739;GO:0005654;GO:0009267;GO:0098792;GO:0005776;GO:0006497;GO:0019898;GO:0032991;GO:0005829;GO:0080025;GO:0044804
B0KK60	GO:0003677;GO:0006351;GO:0032549;GO:0003899
Q8JJX1	GO:0008234;GO:0020002;GO:0006370;GO:0006351;GO:0039694;GO:0042025;GO:0044176;GO:0046872;GO:0005525;GO:0044162;GO:0003968;GO:0003724;GO:0004651;GO:0016020;GO:0008174;GO:0005524;GO:0039523;GO:0003723;GO:0004652
Q9Z507	GO:0009380;GO:0016887;GO:0009432;GO:0003677;GO:0006289;GO:0005737;GO:0009381;GO:0008270;GO:0005524
Q3IKJ0	GO:0003723;GO:0005737;GO:0016434
O29352	GO:0008840;GO:0005737;GO:0009089;GO:0019877
Q6NJ37	GO:0042026;GO:0005737;GO:0051082;GO:0005524
Q9H7D0	GO:0005085;GO:0007264;GO:1904694;GO:1900026;GO:0010634;GO:1904754;GO:0005737;GO:0005886;GO:0016477;GO:0005829;GO:0005096
Q80950	GO:0003678;GO:0042025;GO:0006260;GO:0003677;GO:0005524
P56271	GO:0005509;GO:0005576;GO:0004556;GO:0103025;GO:0016052
Q9BRP7	GO:0070475;GO:0005737;GO:0070042
B8HW50	GO:0009039;GO:0005737;GO:0016151;GO:0043419
A8G4K9	GO:0009039;GO:0005737;GO:0016151;GO:0043419
P57352	GO:0000270;GO:0008933;GO:0016829;GO:0071555;GO:0016020
Q3KH79	GO:0003684;GO:0030983;GO:0005524;GO:0006298
A0JPB4	GO:0003700;GO:0000978;GO:0006357;GO:0000790;GO:0046872
A4IN50	GO:0006097;GO:0004474;GO:0006099;GO:0005737;GO:0046872
Q6GL87	GO:0006886;GO:0090630;GO:0005096;GO:0017137
Q8VZ56	GO:0005509;GO:0005576;GO:0004556;GO:0009737;GO:0103025;GO:0009739;GO:0048046;GO:0005975
P31792	GO:0015074;GO:0003676;GO:0003964;GO:0003887;GO:0004523;GO:0006310;GO:0044826;GO:0046718;GO:0075713
Q8D795	GO:0016631;GO:0004318;GO:0051287;GO:0006633
A5F677	GO:0005198;GO:0071973;GO:0009428;GO:0030288
Q9H0B3	GO:0005634;GO:0005739
A4QNL8	GO:0003723;GO:0006364;GO:0008173;GO:0005739
Q3ANQ3	GO:0003924;GO:0006400;GO:0005737;GO:0046872;GO:0005525
Q6DJP7	GO:0003723;GO:0006397;GO:0005847;GO:0008270
Q9BEA0	GO:0008083;GO:0005509;GO:0045740;GO:0046425;GO:0016021;GO:0043388
O69395	GO:0030655;GO:0046677;GO:0008800
Q8TBZ5	GO:0000978;GO:0046872;GO:0005634;GO:0000981;GO:0044794;GO:0044791;GO:0006355
A1D4S4	GO:0005789;GO:0000139;GO:0030127;GO:0006886;GO:0090114;GO:0008270
Q6PG95	GO:0003677;GO:0003682;GO:0005634
P13497	GO:0042802;GO:0001502;GO:0005794;GO:0005576;GO:0006508;GO:0004222;GO:0008237;GO:0008083;GO:0001503;GO:0001501;GO:0005509;GO:0061036;GO:0022617;GO:0005125;GO:0007275;GO:0034380;GO:0030154;GO:0008233;GO:0031982;GO:0008270;GO:0005615
Q9FZ42	GO:0008106;GO:0055114;GO:0009507
Q9ZNE0	GO:0051539;GO:0003861;GO:0046872;GO:0004409;GO:0009098;GO:0019878
Q6N3F3	GO:0019746;GO:0016491
A7I809	GO:0005737;GO:0006741;GO:0019674;GO:0005524;GO:0046872;GO:0003951
Q1LIA8	GO:0000105;GO:0005737;GO:0004424
Q8RUN1	GO:0046872;GO:0005516;GO:0005388;GO:0005524;GO:0016021;GO:0043231;GO:0019829
B5FCY9	GO:0008360;GO:0009252;GO:0000902;GO:0009103;GO:0006048;GO:0003977;GO:0071555;GO:0005737;GO:0000287;GO:0009245;GO:0019134
Q64464	GO:0010628;GO:0070330;GO:0004497;GO:0008401;GO:0042573;GO:0050649;GO:0005789;GO:0008395;GO:0101020;GO:0008202;GO:0070989;GO:0101021;GO:0002933;GO:0005506;GO:0008210;GO:0020037
Q3JUI6	GO:0016887;GO:0005886;GO:0005524;GO:0016021;GO:0034040
P0CE06	GO:0000028;GO:0000049;GO:0003729;GO:0005840;GO:0006412;GO:0022627;GO:0003735;GO:0019843
B4RLF4	GO:0003991;GO:0005737;GO:0042450;GO:0005524
Q8L9Y3	GO:0042802;GO:0003700;GO:0009736;GO:0005634;GO:0000156;GO:0003677
Q9FLV9	GO:0008308;GO:0006821;GO:0009651;GO:0009414;GO:0006873;GO:0005886;GO:0016021
Q9Y6C2	GO:0042802;GO:0034668;GO:0030948;GO:0098640;GO:1904027;GO:0005576;GO:0010629;GO:0030023;GO:0062023;GO:0010811;GO:0010628;GO:0070062;GO:0060394;GO:0007160;GO:0030512;GO:0050866;GO:0005581;GO:0016525;GO:0070373;GO:0032966;GO:0007155;GO:1990971;GO:0016477;GO:1901203;GO:1905522;GO:0048251;GO:0003180;GO:0005615
Q5WF00	
A5IUY1	GO:2001059;GO:0019512;GO:0009025;GO:0009024
Q57195	GO:0005829;GO:0008705;GO:0031419;GO:0046872
C4LAV5	GO:0051539;GO:0003861;GO:0009098;GO:0046872
Q80W69	
Q72GN6	GO:0006457;GO:0031072;GO:0051082;GO:0006260;GO:0009408;GO:0005737;GO:0008270;GO:0005524
A3PCP1	GO:0009039;GO:0005737;GO:0016151;GO:0043419
P29176	GO:0003700;GO:0006357;GO:0042025;GO:0005667;GO:0003677
O27855	GO:0051539;GO:0005737;GO:0008987;GO:0046872;GO:0009435
A4VY17	GO:0004367;GO:0046167;GO:0005975;GO:0009331;GO:0006650;GO:0046168;GO:0051287;GO:0008654
Q74K90	GO:0009380;GO:0016887;GO:0009432;GO:0003677;GO:0006289;GO:0005737;GO:0009381;GO:0005524
A6QQP7	GO:0005509;GO:0005886;GO:0006906;GO:0016021;GO:0030659;GO:0042383;GO:0005543
Q8TF45	GO:0000978;GO:0006357;GO:0005634;GO:0000981;GO:0046872
Q9Z1Q2	GO:0008474;GO:1905344;GO:0004620;GO:0047372;GO:0006660;GO:0016020;GO:0016021;GO:0052651
Q9VXF1	GO:0004722;GO:0097720;GO:0005516;GO:0005955;GO:0030431;GO:0005737;GO:0033192;GO:0046872
Q3T124	GO:0005789;GO:0046982;GO:0005886;GO:0042803;GO:0016021;GO:0032991;GO:0032782;GO:0016323;GO:0015125;GO:0015721
Q8IZX4	GO:0006366;GO:0006357;GO:0016251;GO:1901796;GO:0005669;GO:0051123;GO:0003677;GO:0005654;GO:0006367;GO:0070577;GO:0004402;GO:0004674;GO:0007140;GO:0045893;GO:0017025
Q2IQ01	GO:0006402;GO:0006396;GO:0005737;GO:0004654;GO:0003723;GO:0000287
Q8BZF8	GO:0005925;GO:0014706;GO:0016010;GO:0009898;GO:0005912;GO:0007155;GO:0005975;GO:0030239;GO:0001725;GO:0014704;GO:0030055;GO:0043034;GO:0030018;GO:0000287;GO:0006006;GO:0042383;GO:0005914;GO:0005829
Q17XV1	GO:0009380;GO:0009432;GO:0003677;GO:0006289;GO:0005737;GO:0009381
C1CZH9	GO:0006457;GO:0051082;GO:0005524
A5CRN8	GO:0008360;GO:0009252;GO:0046677;GO:0050380;GO:0071555;GO:0005886;GO:0016021;GO:0016311
Q09350	
Q6P1M9	
Q5ZIA0	GO:0120048;GO:0005634;GO:0061157;GO:0006402;GO:0048024;GO:0120049;GO:0010608;GO:0005737;GO:0006556;GO:0035613;GO:0001734;GO:0052907;GO:0003723;GO:0080009;GO:0030629;GO:0070475
Q6CXW4	GO:1905533;GO:0006357;GO:0043993;GO:0000790;GO:2000617;GO:0006338;GO:0036408;GO:0043992;GO:0000124;GO:0007131;GO:0010515
A4ISE0	GO:0005737;GO:0030145;GO:0070006
I1RGD4	GO:0006914;GO:0034045;GO:0015031
Q9SZT0	GO:0018401;GO:0031418;GO:0005789;GO:0016021;GO:0004656;GO:0005783;GO:0005506
P59359	GO:0102568;GO:0005509;GO:0004623;GO:0005576;GO:0090729;GO:0102567;GO:0016042;GO:0006644;GO:0050482
B1HSS4	GO:0051539;GO:0016114;GO:0005506;GO:0046429;GO:0019288
Q9RGS6	GO:0009229;GO:0009228;GO:0004417;GO:0005524;GO:0000287
Q3KQD1	GO:0005681;GO:0000386;GO:0005737;GO:0016607;GO:0000398;GO:0046872;GO:0030628
A1KVW0	GO:0006744;GO:0016709;GO:0071949
O74324	GO:0005634;GO:0005737;GO:0044732
P50126	GO:0010181;GO:0005789;GO:0003958;GO:0050660;GO:0005886;GO:0006696;GO:0050661;GO:0016021;GO:0005741
Q8N573	GO:1902083;GO:1903204;GO:0007628;GO:0005739;GO:0005634;GO:0005730;GO:0016491;GO:0051402;GO:0006979;GO:0043524;GO:0071447
A0QLP6	GO:0042026;GO:0005737;GO:0051082;GO:0005524
B0TCA0	GO:0042026;GO:0005737;GO:0051082;GO:0005524
B9KTD9	GO:0050112;GO:0019310
Q2NEL3	GO:0005737;GO:0016149
Q758N2	GO:0000423;GO:0034497;GO:1990316;GO:0016236;GO:0000407;GO:0019901;GO:0034727;GO:0000422;GO:0071211;GO:0071255;GO:0044805;GO:0019898;GO:0120095;GO:0005829;GO:0032147;GO:0019887;GO:0044804
Q9N2D2	GO:0004190;GO:0007586
Q9SYM1	GO:0009506;GO:0016021;GO:0005886;GO:0005774;GO:0008381;GO:0006820
Q0TNQ8	GO:0004139;GO:0005737;GO:0016052;GO:0009264;GO:0046386
Q2NB65	GO:0051539;GO:0051537;GO:0004076;GO:0005506;GO:0009102
Q62769	GO:0099011;GO:0032009;GO:0098978;GO:0005516;GO:0016082;GO:0016188;GO:0060384;GO:0099525;GO:0005794;GO:0030672;GO:0097060;GO:0035249;GO:0016081;GO:0098686;GO:0017075;GO:0061789;GO:0090382;GO:1900426;GO:0045921;GO:0043065;GO:0043195;GO:0048786;GO:0097151;GO:0005886;GO:0007528;GO:0016020;GO:0031594;GO:0005829;GO:0016079;GO:0005509;GO:0019905;GO:0042734;GO:0044305;GO:0030742;GO:0035556;GO:0098793;GO:0071333;GO:0005543;GO:0050714;GO:0097470;GO:0060478;GO:0048172;GO:0061669;GO:0010808;GO:0007268;GO:0098831;GO:0031914;GO:0019992
Q7ZW98	GO:0035615;GO:0072583;GO:0016055;GO:0008289;GO:0016192;GO:0030122;GO:0006886;GO:0043231;GO:0031410;GO:0006897
Q4WK80	GO:0005789;GO:0090110;GO:0000139;GO:0030127;GO:0006886;GO:0070971;GO:0008270;GO:0005096
A2T712	GO:0000978;GO:0006357;GO:0005634;GO:0000981;GO:0001228;GO:0046872
P95296	GO:0009399;GO:0018697;GO:0016163;GO:0005524;GO:0046872;GO:0051536
Q9ZMJ9	GO:0005576;GO:0046677;GO:0008800
C0QYU9	GO:0003991;GO:0005737;GO:0042450;GO:0005524
A7IAU7	GO:0046933;GO:0033178;GO:0005524;GO:0042777
B9MH67	GO:0004823;GO:0006429;GO:0002161;GO:0005737;GO:0005524
Q2NYZ2	GO:0016992;GO:0051539;GO:0005737;GO:0102553;GO:0046872;GO:0102552;GO:0009249
P45464	GO:0008360;GO:0009252;GO:0030234;GO:0042597;GO:0031241;GO:0004553;GO:0009279
A6UZ83	GO:0005737;GO:0002949;GO:0005506;GO:0061711
B0UT10	GO:0009014;GO:0009089;GO:0050897;GO:0008270;GO:0019877
B3S6Y0	GO:0005829;GO:0022627;GO:0003735;GO:0006412
Q46WL4	GO:0000105;GO:0005737;GO:0004424
Q7W0T4	GO:0006260;GO:0003677;GO:0006281;GO:0046872;GO:0003911
O78413	GO:0006412;GO:0003735;GO:0009507;GO:0019843;GO:0015934
Q5VT25	GO:0042802;GO:0070062;GO:0031532;GO:0042641;GO:0035556;GO:0005856;GO:0005737;GO:0030027;GO:0005911;GO:0004674;GO:0006468;GO:0031032;GO:0018107;GO:0016477;GO:0005524;GO:0031252;GO:0000287
A0A0E3D8P8	GO:0004497;GO:0016705;GO:0005506;GO:0016021;GO:0020037
Q92MT4	GO:0046526;GO:0008270
P32598	GO:0007094;GO:0007116;GO:0030437;GO:0005634;GO:0009408;GO:0006986;GO:0001400;GO:0005737;GO:0007059;GO:0005816;GO:0061587;GO:0004722;GO:0005935;GO:0008360;GO:0070873;GO:0031297;GO:0005847;GO:0007346;GO:0035307;GO:0000723;GO:1901901;GO:0032153;GO:0016576;GO:0034501;GO:0000164;GO:0006397;GO:0005730;GO:0006873;GO:0006470;GO:1903501;GO:0000778;GO:0000076;GO:0070940;GO:0000077;GO:0005977;GO:0051726;GO:2000370;GO:0046872;GO:0051321
Q081H3	GO:0046872;GO:0000049;GO:0005737;GO:0005524;GO:0006431;GO:0004825
Q00497	GO:0009073;GO:0004765;GO:0019632;GO:0009423;GO:0005524;GO:0000287;GO:0009507
O14266	GO:0006890;GO:0005634;GO:0005789;GO:0006886;GO:0031965;GO:0005783;GO:0005829
Q5MZV1	GO:0005737;GO:0006741;GO:0019674;GO:0005524;GO:0046872;GO:0003951
Q92545	GO:0016020;GO:0016021
Q46PF7	GO:0005198;GO:0071973;GO:0009428;GO:0030288
A1B656	GO:0051539;GO:0051537;GO:0004076;GO:0005506;GO:0009102
B7JET1	GO:0004834
Q0TNN6	GO:0006633;GO:0050343;GO:0051287
Q7TSL3	GO:0006511;GO:0016567;GO:0042981;GO:0005634;GO:0005730;GO:0005654;GO:0006464;GO:0005737;GO:0007605;GO:0005694;GO:0008270;GO:0005829;GO:0004842;GO:0000151;GO:0016274
Q92670	GO:0000978;GO:0006357;GO:0005634;GO:0000981;GO:0046872
P01101	GO:1990837;GO:0035976;GO:0005634;GO:0000981;GO:0009409;GO:0034614;GO:0032496;GO:0005654;GO:0005737;GO:0005783;GO:0006355;GO:0051412;GO:0007179;GO:0045893;GO:0032993;GO:0051591;GO:0000978;GO:0006357;GO:0071277;GO:0032870;GO:0016020;GO:0005829;GO:0031668;GO:0003690;GO:0035994;GO:0070412;GO:0003682;GO:0008134;GO:0000976;GO:0007565;GO:0009416;GO:0032570;GO:0005667;GO:0060395;GO:0035914;GO:0000979;GO:0043565;GO:0034097;GO:0043005;GO:0007568;GO:1901216;GO:0001102;GO:0009636;GO:0045944;GO:0001661;GO:0003700;GO:0006366;GO:0009629;GO:0007399;GO:1902895;GO:0035902;GO:0044877;GO:0001228;GO:0003677;GO:0030431;GO:0071276;GO:0042493;GO:0045672;GO:0010468
Q8ETY7	GO:0006351;GO:0003899;GO:0003677;GO:0008270;GO:0000287
B6JCI3	GO:0006457;GO:0051082;GO:0005524
Q9Z186	GO:0005789;GO:0016787;GO:0051156;GO:0006094;GO:0005783;GO:0016021;GO:0016311;GO:0050796;GO:0042593
O64806	GO:0009555;GO:0046872;GO:0005516;GO:0005886;GO:0005388;GO:0005524;GO:0016021;GO:0043231;GO:0019829
A0MZE1	GO:0019012;GO:0099002
Q28D01	GO:0005634;GO:0005739
Q22XZ3	GO:0019799;GO:0070507;GO:0071929;GO:0005874
Q46IY3	GO:0009039;GO:0005737;GO:0016151;GO:0043419
Q7WCX5	GO:0003755
Q9SJU0	GO:0005871;GO:0003777;GO:0008017;GO:0005874;GO:0016887;GO:0005524;GO:0046872;GO:0007018;GO:0009507
Q54TV2	GO:0031154;GO:0016887;GO:0031288;GO:0031152;GO:0042626;GO:0005524;GO:0016021
A7YW45	GO:0043985;GO:0000387;GO:0005634;GO:0034969;GO:0044020;GO:0008469;GO:0090161;GO:0070888;GO:0003714;GO:0034709;GO:0005794;GO:0018216;GO:0035243;GO:0006355;GO:0042118;GO:0005829;GO:0006353;GO:0016274;GO:0032922;GO:0008327
Q0P5M0	
A0A386CAB9	
B7LM67	GO:0070205;GO:0009234
Q5U649	
A6WWG0	GO:0048034;GO:0005886;GO:0008495;GO:0016021
Q0TN27	GO:0042026;GO:0005737;GO:0051082;GO:0005524
D3F124	GO:0004222;GO:0030163;GO:0016021;GO:0004176;GO:0005886;GO:0005524;GO:0008270
A2QMS4	GO:0042732;GO:0005737;GO:0005998;GO:0005524;GO:0004856
Q3UWA6	GO:0017046;GO:0042127;GO:0004672;GO:0005789;GO:0007165;GO:0015643;GO:0035556;GO:0005886;GO:0007168;GO:0001653;GO:0005524;GO:0016021;GO:0005525;GO:0016941;GO:0004383;GO:0009636;GO:0006182
Q16975	GO:0035556;GO:0004698;GO:0016020;GO:0005524;GO:0046872
Q81GY5	GO:0006457;GO:0003755;GO:0005886
Q29554	GO:0005743;GO:0005739;GO:0032868;GO:0006635;GO:0042645;GO:0004300;GO:0035965;GO:0016507;GO:0016740;GO:0016509
Q8PC56	GO:0003677;GO:0006351;GO:0032549;GO:0003899
Q2EG98	GO:0005509;GO:0071468;GO:0050982;GO:0030246;GO:0034703;GO:0005886;GO:0016020;GO:0005262;GO:0001581;GO:0050915;GO:0043235;GO:0006812
A5UMB0	GO:0003743
O67809	GO:0022627;GO:0003735;GO:0006412
A7A0M4	GO:0030437
A6LN93	GO:0005737;GO:0016149
Q7QJV0	GO:0001732;GO:0003743;GO:0005852;GO:0016282;GO:0033290
Q82KC4	GO:0051539;GO:0006400;GO:0035596;GO:0005737;GO:0046872
Q5QVW0	GO:0004609;GO:0006646;GO:0005886
B3EP77	GO:0050567;GO:0005524;GO:0006412
Q8CDB0	GO:0016605;GO:0018105;GO:0005634;GO:0005516;GO:0030097;GO:0009931;GO:0005654;GO:0016604;GO:0005737;GO:0006417;GO:0035556;GO:0046777;GO:0005524;GO:0046872;GO:0071243;GO:0004674;GO:0006468;GO:0097192
A7IKQ0	GO:0003677;GO:0006351;GO:0032549;GO:0003899
Q5T0W9	GO:0005154;GO:0019901;GO:0007165;GO:0008283;GO:0036312;GO:0036313;GO:0005737;GO:0016020;GO:0007173
A4IYA1	GO:0051539;GO:0004160;GO:0009099;GO:0009097;GO:0046872
B2I8D4	GO:0070038;GO:0005737
Q73YQ8	GO:0050511;GO:0008360;GO:0009252;GO:0007049;GO:0030259;GO:0051301;GO:0071555;GO:0005886;GO:0051991;GO:0005975
Q16AA3	GO:0005525;GO:0046872;GO:0000917
Q5FRT7	GO:0005737;GO:0004045;GO:0006412
P76569	GO:0005829;GO:0008794
P10390	GO:0051539;GO:0009399;GO:0016829;GO:0046872
H2E7T8	GO:0032259;GO:0031090;GO:0005783;GO:0016021;GO:0006694;GO:0008168
A7GN50	GO:0102955;GO:0102094;GO:0009234;GO:0032259;GO:0102027;GO:0043770
Q6AYU0	GO:0016973;GO:0003729
O88453	GO:0050684;GO:0003682;GO:0000978;GO:0006357;GO:0040008;GO:0005634;GO:0045944;GO:0030520;GO:0043565;GO:0003723;GO:0042445
P08617	GO:0039694;GO:0004197;GO:0005198;GO:0003723;GO:0046718;GO:0072494;GO:0018144;GO:0019030;GO:0044162;GO:0044193;GO:0039707;GO:0005524;GO:0016021;GO:0039545;GO:0005216;GO:0003724;GO:0039618;GO:0003968;GO:0044385;GO:0019068;GO:0006351;GO:0034140;GO:0051259;GO:0019062
A5VB78	GO:0000287;GO:0004775;GO:0005524;GO:0006099
Q9HGN6	GO:0017150;GO:0005739;GO:0005634;GO:0102263;GO:0050660;GO:0002943
D6ZA79	GO:0070967;GO:0016705;GO:0052749;GO:0005975
A5EXK9	GO:0006433;GO:0002161;GO:0005737;GO:0005524;GO:0004827
B5F069	GO:0019556;GO:0005737;GO:0004397;GO:0019557
Q5UQQ4	
B2U325	GO:0009245;GO:0008915
P07942	GO:0070062;GO:0005604;GO:0005201;GO:0070831;GO:0005607;GO:0050679;GO:0005606;GO:0042476;GO:0009887;GO:0005788;GO:0021812;GO:0005198;GO:0030335;GO:0048471;GO:0043256;GO:0030198;GO:0035987;GO:0005576;GO:0005178;GO:0043259;GO:0007155;GO:0044267;GO:0009888;GO:0016477;GO:0034446;GO:0005615;GO:0062023;GO:0043687;GO:0031175;GO:0043257
A3PCI2	GO:0051539;GO:0004160;GO:0009099;GO:0009097;GO:0046872
A0KU82	GO:0006096;GO:0005576;GO:0009986;GO:0000015;GO:0004634;GO:0000287
Q8TVF2	GO:0051539;GO:0003861;GO:0009098;GO:0046872
Q72DA1	GO:0006220;GO:0005737;GO:0004127;GO:0005524
Q9BR84	GO:0006357;GO:0001227;GO:0000790;GO:0000981;GO:0000122;GO:0046872;GO:0000977
P59303	GO:0003991;GO:0005737;GO:0042450;GO:0005524
Q2NU52	GO:0006400;GO:0016705
Q9VQ79	GO:0033108;GO:0045041;GO:0006915;GO:0005739;GO:0042775;GO:0055114;GO:0046983;GO:0071949;GO:0003677;GO:0005758;GO:0010623;GO:0016174;GO:0050832;GO:0016651
A1D731	GO:0005737
B5Y035	GO:0004357;GO:0005524;GO:0042398
P52583	GO:0030054;GO:0005769;GO:0005021;GO:0048010;GO:0001525;GO:0016021;GO:0035924;GO:0001934;GO:0005886;GO:0046777;GO:0005524;GO:0005783;GO:0030154;GO:0019838
Q8BG87	GO:0001939;GO:0080182;GO:0006493;GO:0005634;GO:0001940;GO:0044727;GO:0070989;GO:0005654;GO:0005737;GO:0005694;GO:0008270;GO:0035511;GO:0080111;GO:0070579;GO:0045944;GO:0006211;GO:0008327
Q95V35	GO:0022627;GO:0003735;GO:0006412
B0RU89	GO:0003677;GO:0006351;GO:0032549;GO:0003899
Q4URD2	GO:0003677;GO:0006351;GO:0032549;GO:0003899
Q7YS88	GO:1990410;GO:0086103;GO:0008277;GO:0015026;GO:1903078;GO:0007189;GO:0071392;GO:0006886;GO:0005886;GO:0016021
Q1QTJ4	GO:0004479
Q00174	GO:0045995;GO:0007507;GO:0030155;GO:0005604;GO:0030334;GO:0033627;GO:0036062;GO:0045886;GO:0009887;GO:0062023;GO:0009888;GO:0035001;GO:0008021;GO:0005102;GO:0007411;GO:0034446;GO:0035011;GO:0007498;GO:0071711;GO:0030424
A4TGZ5	GO:0006412;GO:0016740;GO:0003735;GO:0019843;GO:0015934
Q07843	GO:0006312;GO:0030437
Q0SHR8	GO:0008360;GO:0008963;GO:0007049;GO:0009252;GO:0051301;GO:0071555;GO:0005886;GO:0016021;GO:0051992
Q9F315	GO:0009368;GO:0004176;GO:0051117;GO:0005737;GO:0006515;GO:0004252
F4JAU2	GO:0044030;GO:0060968;GO:0070390;GO:0005634;GO:0006406;GO:0090065;GO:0005737;GO:0034399
Q9FJK8	GO:0006952;GO:0005886;GO:0043531;GO:0005524
Q2FT43	GO:0008237;GO:0046872
Q7V3M7	GO:0050567;GO:0005524;GO:0006412
P52960	GO:0005634;GO:0000981;GO:0061429;GO:0001228;GO:0003677;GO:0008270;GO:0032000;GO:0089716;GO:0045944
C0PWV2	GO:0003684;GO:0030983;GO:0005524;GO:0006298
Q7TSI3	GO:0005634;GO:0043666;GO:0017048;GO:0019903;GO:0019888;GO:0005829
Q6A8K3	GO:0003999;GO:0006168;GO:0006166;GO:0005737;GO:0044209
C5H431	GO:0039694;GO:0003725;GO:0039502;GO:0042025;GO:0039564;GO:0004483;GO:0005198;GO:0005525;GO:0005576;GO:0044220;GO:0004482;GO:0005524;GO:0016021;GO:0019028;GO:0003724;GO:0003968;GO:0039654;GO:0055036;GO:0046983;GO:0039563;GO:0044167;GO:0046872;GO:0039520;GO:0019062;GO:0004252
F1LTR1	GO:0005739;GO:0005634;GO:0005654;GO:0005737;GO:0005829;GO:0000151
B1AIM6	GO:0003729;GO:0005840;GO:0006412;GO:0003735;GO:0019843
P40415	GO:0003755
Q9N0W8	GO:0003700;GO:0005634;GO:0043565;GO:0005737;GO:0008270;GO:0005496
Q1RJD8	GO:0019430;GO:0005737;GO:0004791
Q02XD1	GO:0009073;GO:0005737;GO:0009423;GO:0003866
Q62661	GO:0000978;GO:0016055;GO:0001227;GO:0032369;GO:0005654;GO:0000122;GO:0006355;GO:0003723;GO:1903427;GO:0043268
B5YXQ7	GO:0070205;GO:0009234
C4LD58	GO:0005737;GO:0008990
P36755	GO:0075521;GO:0042025;GO:0075732;GO:0003677;GO:0044174;GO:0044177;GO:0005198;GO:0046718;GO:0019028
Q8VZF1	GO:0047760;GO:0006083;GO:0006097;GO:0005777;GO:0019605;GO:0003987;GO:0005829
A8I266	GO:0002098;GO:0050660;GO:0005737
A7GJD2	GO:0006457;GO:0003755;GO:0005886
Q9H4Q3	GO:0003682;GO:0001085;GO:0005634;GO:0003677;GO:0000122;GO:0022008;GO:0046872;GO:0042054;GO:0010468
Q8CGE8	GO:0032731;GO:0042802;GO:0000978;GO:0008134;GO:0035458;GO:0001227;GO:0005634;GO:0005730;GO:0005654;GO:0009617;GO:0005829;GO:0002218;GO:0003690
Q74GH6	GO:0004360;GO:0005975;GO:0006487;GO:0097367;GO:0006002;GO:0006541;GO:0005829;GO:0006047
Q8ZYF9	GO:1904482;GO:0006730;GO:0030170;GO:0046653;GO:0019264;GO:0005737;GO:0070905;GO:0016597;GO:0008270;GO:0006565;GO:0004372;GO:0050897;GO:0035999;GO:0006544;GO:0046655
P0CN66	GO:0004721;GO:0030150;GO:0005744;GO:0016021
A1WVQ1	GO:0005737;GO:0004045;GO:0006412
Q5WSZ9	
A9N1F8	GO:0003684;GO:0030983;GO:0005524;GO:0006298
O00471	GO:0006893;GO:0015031;GO:0030496;GO:0000145;GO:0006887;GO:0047485;GO:0017160;GO:0005737;GO:0005829;GO:0072659;GO:0006892
P9WNT4	GO:0006260;GO:0008408;GO:0003887;GO:0005737;GO:0006281
Q30S84	GO:0000049;GO:0005737;GO:0005524;GO:0004826;GO:0000287;GO:0006432
Q7TPD1	GO:0006511;GO:0016567;GO:0042981;GO:0005634;GO:0005730;GO:0005654;GO:0006464;GO:0005737;GO:0007605;GO:0005694;GO:0008270;GO:0005829;GO:0004842;GO:0000151;GO:0016274
Q2K939	GO:0030956;GO:0016787;GO:0050567;GO:0005524;GO:0006412
Q02965	GO:0005634;GO:0043565;GO:0070324;GO:0008270;GO:0004879
A7EJ50	GO:0005634;GO:0005739
P49880	GO:0005634;GO:0043565;GO:0008270;GO:0035100;GO:0004879;GO:0035076
Q8DMA8	GO:0006799;GO:0008976;GO:0009358;GO:0005524;GO:0046872
Q5ZZ93	GO:0019464;GO:0008483;GO:0004047
Q7XR46	GO:0005777;GO:0016491;GO:0006598;GO:0052894;GO:0046208;GO:0050660;GO:0052901;GO:1903602;GO:0046592
Q6HLU3	GO:0004834
P21329	GO:0003964
B3QVE8	GO:0005737;GO:0030145;GO:0070006
Q9T051	GO:0022626;GO:0005509;GO:0004630;GO:0070290;GO:0046470;GO:0005886;GO:0009395;GO:0006979;GO:0006643
Q8N2G8	GO:0043312;GO:0005576;GO:0034774;GO:0005737;GO:0016020;GO:0016881;GO:0005783;GO:0005635;GO:0035580
P39662	GO:0005344;GO:0071949;GO:0019825;GO:0005737;GO:0046872;GO:0008941;GO:0051409;GO:0009636;GO:0020037
A5UF67	GO:0006457;GO:0031072;GO:0051082;GO:0006260;GO:0009408;GO:0005737;GO:0008270;GO:0005524
Q92QK7	GO:0030956;GO:0016787;GO:0050567;GO:0005524;GO:0006412
O95208	GO:0005768;GO:0030128;GO:0045747;GO:0061024;GO:1903671;GO:0030948;GO:0030276;GO:0005886;GO:0043231;GO:0030125;GO:0005829;GO:0006897;GO:0045296;GO:0005543
O14100	GO:0000935;GO:0006342;GO:0030428;GO:0071852;GO:0071277;GO:0030437;GO:0007165;GO:0010971;GO:0005938;GO:0071555;GO:0005737;GO:0030010;GO:0019888;GO:0005829;GO:0032153
O95870	GO:0008474;GO:1905344;GO:0004620;GO:0047372;GO:0006660;GO:0016020;GO:0016021;GO:0052651
Q9C1E9	GO:0016887;GO:0007031;GO:0005524
A0M0J2	GO:0006094;GO:0000287;GO:0005737;GO:0042132
Q9H8Y5	GO:0071630;GO:0030433;GO:0072671;GO:0005737;GO:0016020;GO:0070301;GO:0036266;GO:0046872
B3QPU5	GO:0046872;GO:0042586;GO:0006412
Q28R10	GO:0051539;GO:0046429;GO:0019288;GO:0005506;GO:0016114
Q8XIR2	GO:0004139;GO:0005737;GO:0016052;GO:0009264;GO:0046386
Q12KV7	GO:0006412;GO:0006464;GO:0016881;GO:0005524;GO:0046872
Q2T1J2	GO:0015293;GO:0006835;GO:0005886;GO:0016021
Q0I5E0	GO:0008233;GO:0016887;GO:0009376;GO:0043335;GO:0005524
B1KQ33	GO:0046933;GO:0005886;GO:0005524;GO:0045261
O43093	GO:0003777;GO:0008017;GO:0005874;GO:0005737;GO:0005524;GO:0007018
Q5R4L5	GO:0004534;GO:0006397;GO:0005730;GO:0000738;GO:0001147;GO:0046872;GO:0003723;GO:0006353;GO:0008409
A7ZE39	GO:0005737;GO:0004823;GO:0005524;GO:0006429;GO:0002161
Q5F8W8	GO:0003723;GO:0031119;GO:0106029
A4FV61	GO:0003677;GO:0005634;GO:0046872
Q5R4P8	GO:0003677;GO:0005634;GO:0046872
Q5RA67	GO:0004674;GO:0005524;GO:0005840
P50971	GO:0019430;GO:0005737;GO:0004791
Q7NDH1	GO:0006457;GO:0051082;GO:0005524
A2S6F4	GO:0019464;GO:0008483;GO:0004047
Q2LQ87	GO:0003677;GO:0006351;GO:0032549;GO:0003899
P28776	GO:0042130;GO:0033754;GO:0002678;GO:0032496;GO:0006952;GO:0032421;GO:0005737;GO:0016597;GO:0046007;GO:0034276;GO:0032693;GO:0033555;GO:0019441;GO:0043065;GO:0036269;GO:0005829;GO:0004833;GO:0002666;GO:0006954;GO:0019825;GO:0030485;GO:0020037;GO:0002376;GO:0034354;GO:0002830;GO:0070233;GO:0046872;GO:0002534;GO:0032735;GO:0070234
Q93V43	GO:0003700;GO:2000032;GO:0009637;GO:1903508;GO:0005634;GO:0045962;GO:2000306;GO:0048831;GO:0043565;GO:0048366;GO:0006355;GO:0030154;GO:0009965
Q7WCJ7	GO:0006260;GO:0003677;GO:0006281;GO:0046872;GO:0003911
B4T436	GO:0003684;GO:0030983;GO:0005524;GO:0006298
A8ALV4	GO:0005737;GO:0009088;GO:0005524;GO:0004413
Q48D29	GO:0003677;GO:0006351;GO:0032549;GO:0003899
B5FAW9	GO:0051539;GO:0002935;GO:0070040;GO:0000049;GO:0005737;GO:0046872;GO:0019843;GO:0070475
D0ZLR9	GO:0008134;GO:0016021;GO:0009401;GO:0003677;GO:0016301;GO:0005524;GO:0006355
P52481	GO:0042802;GO:0000902;GO:0003779;GO:0007163;GO:0008154;GO:0008179;GO:0005886;GO:0030036;GO:0045761;GO:0007010;GO:0014069;GO:0030864
P13901	GO:0039694;GO:0004197;GO:0005198;GO:0003723;GO:0046718;GO:0072494;GO:0018144;GO:0044162;GO:0044193;GO:0039707;GO:0005524;GO:0016021;GO:0039545;GO:0005216;GO:0003724;GO:0039618;GO:0003968;GO:0044385;GO:0006351;GO:0051259;GO:0019062
Q7W9Q5	GO:0004751;GO:0009052
Q15937	GO:0006357;GO:0001227;GO:0000790;GO:0000981;GO:0000122;GO:0046872;GO:0000977
Q9T0P4	GO:0051538;GO:0097054;GO:0016041;GO:0016491;GO:0019676;GO:0009536;GO:0009570;GO:0015930;GO:0046872;GO:0006537;GO:0009507;GO:0009941;GO:0016040
Q4R8N7	GO:0005634;GO:0005737
Q9U389	GO:0010506;GO:0000045;GO:0055120;GO:0005737;GO:0030017;GO:0042803;GO:0005783
Q98UI9	GO:0002281;GO:0046790;GO:0031012;GO:0030299;GO:0042632;GO:0005615;GO:0043231
P78827	GO:0009099;GO:0005739;GO:0009082;GO:0006551;GO:0009097;GO:0046872;GO:0004455
Q0A9T9	GO:0000287;GO:0016779;GO:0005524
A1U1I8	GO:0033711;GO:0046983;GO:0005737;GO:0051287;GO:0008615
P43084	GO:0018548;GO:0010181;GO:0003959
P0CH95	GO:0060319;GO:0000082;GO:0003682;GO:0043523;GO:0071558;GO:0007420;GO:0033169;GO:0051864;GO:0061188;GO:0005730;GO:0032454;GO:0035574;GO:0045943;GO:0048703;GO:0035064;GO:0046872;GO:0035575;GO:0071557;GO:0045893;GO:0070544
Q2FEZ3	GO:0004645;GO:0006206;GO:0046872;GO:0006213;GO:0016154
Q9ULI4	GO:0005871;GO:0006890;GO:0003777;GO:0008017;GO:0005874;GO:0009968;GO:0019886;GO:0001560;GO:0005524;GO:0007018;GO:0005829;GO:0048484
Q99N42	GO:0006935;GO:0000002;GO:0004645;GO:0006206;GO:1905333;GO:0009887;GO:0009032;GO:0031641;GO:0042803;GO:0005829;GO:0051969;GO:0006213;GO:0016154
A4XSM9	GO:0006635;GO:0005737;GO:0003988
B5FTQ5	GO:0003684;GO:0030983;GO:0005524;GO:0006298
Q87CI8	GO:0003684;GO:0030983;GO:0005524;GO:0006298
C5D6L2	GO:0003676;GO:0000175
Q8NZX8	GO:0055129;GO:0005737;GO:0004349;GO:0005524
Q6FKA5	GO:0070847;GO:0016592;GO:0001103;GO:0000122;GO:0003712;GO:0001093;GO:0045944
Q47II8	GO:0102752;GO:0003844;GO:0043169;GO:0005978;GO:0004553
P48480	GO:0004721;GO:0046872
Q5ZIW5	GO:0033674;GO:0000306;GO:0010008;GO:0005774;GO:0006661;GO:0070772
P48260	GO:0009842;GO:0016226
P0CB48	GO:0003677;GO:0005634
A2C7X7	GO:0006541;GO:0015420;GO:0009236;GO:0003824
Q0B0A0	GO:0009380;GO:0009432;GO:0003677;GO:0006289;GO:0005737;GO:0009381
B4TTU0	GO:0003684;GO:0030983;GO:0005524;GO:0006298
Q7WAV6	GO:0006541;GO:0003922;GO:0005524;GO:0016462
A0KPG5	GO:0003684;GO:0030983;GO:0005524;GO:0006298
Q796P5	GO:0055114;GO:0016491;GO:0071949
B9W9N8	GO:0031902;GO:0005794;GO:0015031;GO:0016021
Q6DFL5	GO:0006397;GO:0008380;GO:0005737;GO:0016607;GO:0003723;GO:0030154;GO:0051028
Q19425	GO:0005765;GO:0046872;GO:0015171;GO:0016021;GO:0003333;GO:0031902
Q54R74	GO:0007032;GO:0061462;GO:0005768;GO:0044655;GO:0006887;GO:0071203;GO:0016197;GO:0030041
Q48L24	GO:0009317;GO:0003989;GO:0016743;GO:0006633;GO:0008270;GO:0005524;GO:2001295
Q06SF0	GO:0051539;GO:0016168;GO:0018298;GO:0015979;GO:0016021;GO:0009535;GO:0009522;GO:0000287;GO:0009055
A1AT10	GO:0006281;GO:0006310
O80977	GO:0006511;GO:0030665;GO:0005509;GO:0005768;GO:0000137;GO:0005739;GO:0005802;GO:0000139;GO:0016021;GO:0061630;GO:0016020;GO:0005794;GO:0006896;GO:0017119;GO:0006623;GO:0031902
Q1MMB8	GO:0004521;GO:0004222;GO:0005737;GO:0006364;GO:0008270
O88573	GO:0003700;GO:0032783;GO:0006351;GO:0005634;GO:0008023;GO:0045893;GO:0010468
O78688	GO:0042773;GO:0005743;GO:0070469;GO:0016021;GO:0008137
P20072	GO:0005509;GO:0005634;GO:0005737;GO:0005544;GO:0042584
Q0K6V7	GO:0005737;GO:0006310;GO:0009295
A6MMV3	GO:0009317;GO:0003989;GO:0016743;GO:0006633;GO:0009570;GO:0008270;GO:0005524;GO:2001295
Q60438	GO:0003756;GO:0005509;GO:0005783
A6QBP8	GO:0042026;GO:0005737;GO:0051082;GO:0005524
O44476	GO:0002119;GO:0040026;GO:0072684;GO:0046872;GO:0005739;GO:0005634;GO:0007281;GO:0042781;GO:0051321
A6W1W3	GO:0005737;GO:0008743;GO:0008270;GO:0019518
P03372	GO:0042802;GO:1990837;GO:0007204;GO:0030331;GO:0042981;GO:0030235;GO:0005634;GO:0000981;GO:0019901;GO:0030518;GO:0007165;GO:0030520;GO:0034121;GO:0008584;GO:0005654;GO:0051117;GO:0005737;GO:0000122;GO:0005794;GO:0043627;GO:0006355;GO:0008013;GO:0051000;GO:0048863;GO:0019899;GO:0045893;GO:0007200;GO:0000978;GO:0006357;GO:0001223;GO:0010629;GO:0043124;GO:0051897;GO:0005886;GO:0016020;GO:0016021;GO:0030111;GO:0005829;GO:0060745;GO:0032355;GO:0004879;GO:0060523;GO:0003682;GO:0008134;GO:0034056;GO:0050727;GO:0045899;GO:0000790;GO:0051091;GO:0016579;GO:0060687;GO:0001547;GO:0045429;GO:0001093;GO:1903799;GO:0001226;GO:0071168;GO:0045944;GO:0097550;GO:0048146;GO:0003700;GO:0060750;GO:0033146;GO:0060068;GO:0010863;GO:0030284;GO:0071391;GO:0008209;GO:0006338;GO:0060527;GO:0001228;GO:0071392;GO:0060065;GO:0043433;GO:0008270;GO:0035327;GO:0032991;GO:0006367;GO:0060749;GO:0002064;GO:0017025;GO:0005496
A8YUS3	GO:0006457;GO:0051301;GO:0007049;GO:0005737;GO:0003755;GO:0015031
Q91YD3	GO:0042802;GO:0019894;GO:0008134;GO:0045893;GO:0000932;GO:0030234;GO:0000184;GO:0005634;GO:0016787;GO:0036464;GO:0003729;GO:0005667;GO:1903608;GO:0005737;GO:0000290;GO:0007179;GO:0031087;GO:0008047
A9MR86	GO:0005737;GO:0009088;GO:0005524;GO:0004413
Q05335	GO:0043565;GO:0003700;GO:0005737;GO:0019439
Q5Z0Z2	GO:0005737;GO:0016149
A5CDU2	GO:0003684;GO:0030983;GO:0005524;GO:0006298
B4SA46	GO:0005840;GO:0003735;GO:0006412
A8MUZ8	GO:0006357;GO:0001227;GO:0000790;GO:0000981;GO:0000122;GO:0046872;GO:0000977
Q9QUH3	GO:0060230;GO:0033344;GO:0050996;GO:0060229;GO:0034364;GO:0050750;GO:0045723;GO:0034372;GO:0005794;GO:0042157;GO:0042632;GO:0051006;GO:0035473;GO:0019899;GO:0006641;GO:0034370;GO:0060228;GO:0005576;GO:0042246;GO:0006695;GO:0070328;GO:0042627;GO:0070325;GO:0046470;GO:0030300;GO:0005770;GO:0009725;GO:0031210;GO:0033700;GO:0015485;GO:0008289;GO:0008201;GO:0010902;GO:0019433;GO:0010873;GO:0034361;GO:0034380;GO:0046889;GO:0005543;GO:0010898;GO:0005769;GO:0055090;GO:0031100;GO:0006869;GO:0005615;GO:0008047
Q04T19	GO:0006094;GO:0000287;GO:0005737;GO:0042132
C1AU58	GO:0008360;GO:0008963;GO:0007049;GO:0009252;GO:0051301;GO:0071555;GO:0005886;GO:0016021;GO:0051992
Q1QXD7	GO:0006281;GO:0003911;GO:0006260
Q7VVU9	GO:0004418;GO:0018160;GO:0006782
Q1CW46	GO:0004518;GO:0051607;GO:0005524;GO:0046872;GO:0004386
Q9BRG2	GO:0005085;GO:0007264;GO:0007254;GO:0033138
Q5PEE6	GO:0003684;GO:0030983;GO:0005524;GO:0006298
Q60AB3	GO:0017004;GO:0005886;GO:0015439;GO:0005524
Q8N9K5	GO:0000978;GO:0006357;GO:0005634;GO:0000981;GO:0046872
Q5V341	GO:0006541;GO:0009236;GO:0042242;GO:0005524
Q18C32	GO:0015940;GO:0005737;GO:0046872;GO:0003864
O94302	GO:0034203;GO:0005789;GO:0005783;GO:0016021;GO:0006488;GO:0008643
A0A3G1DJH7	GO:0016491;GO:0032259;GO:0016746;GO:0008168;GO:0031177
Q3B7H2	GO:0005743;GO:0032049;GO:0016024;GO:0031314;GO:0019898;GO:0004605
Q8N531	GO:0006508;GO:0019005;GO:0005634;GO:0043153;GO:0051726;GO:0000086;GO:0031146;GO:0005829;GO:0004842
Q2K424	GO:0003676;GO:0006430;GO:0005737;GO:0004824;GO:0005524;GO:0000287
B4TBH5	GO:0070205;GO:0009234
A3PBY3	GO:0004373;GO:0009011;GO:0033201;GO:0005978
Q00512	GO:0015628;GO:0005886;GO:0015627;GO:0005524;GO:0046872
Q0I1X3	GO:0009014;GO:0009089;GO:0050897;GO:0008270;GO:0019877
Q3ZEJ6	GO:0031410;GO:0042583;GO:0004867;GO:0005615
Q96XT2	GO:0047553;GO:0019164;GO:0018491
A8L7B0	GO:0009039;GO:0005737;GO:0016151;GO:0043419
Q8CFC2	GO:0005634;GO:0000981;GO:0005654;GO:0060539;GO:0061178;GO:0000978;GO:0006357;GO:0010629;GO:0005829;GO:0010628;GO:0000987;GO:0032350;GO:0000977;GO:0030154;GO:0045944;GO:0031018;GO:0007399;GO:0001678;GO:0001228;GO:0008270;GO:0009791
A4QHJ0	GO:0006457;GO:0051082;GO:0005524
P13539	GO:0030016;GO:0032982;GO:0005516;GO:0005524;GO:0051015;GO:0003774;GO:0016459
A8MLD3	GO:0006351;GO:0003899;GO:0003677;GO:0008270;GO:0000287
B2GV87	GO:0042802;GO:0007185;GO:0005634;GO:0004725;GO:0005737;GO:0005886;GO:0033003;GO:0016021;GO:0046627;GO:0006470
Q6GDQ0	GO:0016887;GO:0005524
B5APK2	GO:0034038;GO:0008612;GO:0042803;GO:0046516
O95450	GO:0005576;GO:0007283;GO:0004222;GO:0008237;GO:0043588;GO:0031012;GO:0016485;GO:0062023;GO:0030574;GO:0008270;GO:0030199;GO:0030324;GO:0030198
Q90Y54	GO:0030878;GO:0005509;GO:0031101;GO:0060351;GO:0060325;GO:0060117;GO:1904888;GO:0005112;GO:0031017;GO:0009953;GO:0001889;GO:0032474;GO:0035622;GO:0042472;GO:0016021;GO:0007219;GO:0031016;GO:0048752;GO:0060872
P87245	GO:0051301;GO:0045141;GO:1990683;GO:0034993;GO:0031965;GO:0031021;GO:0005737;GO:0010569;GO:1990612;GO:0044732
Q4R9E0	GO:0007224;GO:0060271;GO:0016021;GO:0006915
Q10VW7	GO:0065002;GO:0006605;GO:0042651;GO:0005737;GO:0005886;GO:0017038;GO:0005524
A1USC9	GO:0006351;GO:0003899;GO:0003677;GO:0008270;GO:0000287
Q6TV19	GO:0070883;GO:0090501;GO:0030422;GO:0005634;GO:0035196;GO:0005737;GO:0035279;GO:0003723;GO:0030423;GO:0004386;GO:0005524;GO:0004530;GO:0070578;GO:0021591;GO:0050767;GO:0035195;GO:0006309;GO:0004525;GO:0046872;GO:0016442;GO:0031054
Q07DX4	GO:0005938;GO:0043197
Q0CEF3	GO:0008422;GO:0030245;GO:0005576;GO:0102483
P23897	GO:0017046;GO:0042127;GO:0004672;GO:0005789;GO:0007165;GO:0015643;GO:0035556;GO:0005886;GO:0007168;GO:0001653;GO:0005524;GO:0016021;GO:0005525;GO:0016941;GO:0004383;GO:0009636;GO:0006182
Q5ATG5	GO:0003995;GO:0050660
Q7W785	GO:0004418;GO:0018160;GO:0006782
P94317	GO:0031072;GO:0051082;GO:0034620;GO:0044183;GO:0016887;GO:0006986;GO:0051787;GO:0005737;GO:0051085;GO:0005524;GO:0042026
Q05100	GO:0016021
P00934	GO:0004795;GO:0005829;GO:0009088;GO:0030170
B7GMK8	
Q9JKB5	GO:0000976;GO:0007283;GO:0006357;GO:0005634;GO:0045944;GO:0036124;GO:0097368;GO:0034773;GO:0006349
Q32MQ0	GO:0000978;GO:0008544;GO:0005634;GO:1990841;GO:0001228;GO:0046872;GO:0030154;GO:0045944
Q2KIG0	GO:0048039;GO:0051539;GO:0043783;GO:0022904;GO:0009055;GO:0004174;GO:0046872;GO:0031305
Q7SHR8	GO:0005525;GO:0042254;GO:0005730
Q5JIG7	GO:0006096;GO:1903862;GO:0006094;GO:0004618;GO:0005524;GO:0005829;GO:0043531
A1JQP8	GO:0005886;GO:0015385;GO:0016021
O15078	GO:0042802;GO:0005813;GO:0005634;GO:0005737;GO:0034451;GO:0097711;GO:0048793;GO:0005814;GO:0070201;GO:0045893;GO:0005576;GO:0030916;GO:0036038;GO:0032391;GO:0016020;GO:0043312;GO:0005829;GO:0035869;GO:0042462;GO:0060271;GO:0000086;GO:0035580;GO:0036064;GO:0010389;GO:0090316;GO:0032991;GO:0030902;GO:0015031
Q6NTM6	
B7LEE7	GO:0003684;GO:0030983;GO:0005524;GO:0006298
C3LAV7	GO:0004834
F4JIF5	GO:0003700;GO:0046872;GO:0000976;GO:0010440;GO:0005634;GO:0010375;GO:0006355
B8FB83	GO:0044208;GO:0004019;GO:0005737;GO:0005525;GO:0000287
Q1ISX7	GO:0008878;GO:0005524;GO:0005978
Q55383	GO:0019752;GO:0030060;GO:0006099;GO:0005737;GO:0005975
B3R798	GO:0000105;GO:0005737;GO:0004424
Q4UKJ1	GO:0006281;GO:0006310;GO:0005524
Q44316	GO:0005992;GO:0005737;GO:0033942
B1AIY7	GO:0034605;GO:0004176;GO:0043565;GO:0005737;GO:0005524;GO:0006515;GO:0004252
A3MZU7	GO:0051301;GO:0007049;GO:0006260;GO:0003677;GO:0005737;GO:0007059;GO:0030261;GO:0005524;GO:0009295
Q9EQQ9	GO:0045862;GO:0005739;GO:0005634;GO:0070265;GO:0046326;GO:0031343;GO:0046060;GO:0102571;GO:0032024;GO:0051054;GO:0006612;GO:0004402;GO:0005829;GO:0060124;GO:0010616;GO:0010524;GO:0051901;GO:0102167;GO:0006517;GO:0060051;GO:0043243;GO:0102166;GO:0016231;GO:0051928;GO:0006044;GO:0009100
B5E232	GO:0006457;GO:0051082;GO:0005524
C1AYX6	GO:0070180;GO:0005840;GO:0003735;GO:0006412
Q9Y227	GO:0006256;GO:0030173;GO:0097637;GO:0000139;GO:0045134;GO:0031410;GO:0034656
Q801Q8	GO:0008289;GO:0030131;GO:0005905;GO:0006886;GO:0006897
B0BUD9	GO:0051301;GO:0007049;GO:0006260;GO:0003677;GO:0005737;GO:0007059;GO:0030261;GO:0005524;GO:0009295
B2TZJ7	GO:0003684;GO:0030983;GO:0005524;GO:0006298
B1LQ55	GO:0003684;GO:0030983;GO:0005524;GO:0006298
A3PK32	GO:0006420;GO:0005737;GO:0004814;GO:0005524
Q87AV1	GO:0070038;GO:0005737
P50187	GO:0003677;GO:0009307;GO:0009036
P46061	GO:0005634;GO:0007165;GO:0005654;GO:0005737;GO:0003723;GO:0046826;GO:1904115;GO:1904117;GO:0030425;GO:0044614;GO:0043231;GO:0005829;GO:0005096;GO:0048678;GO:0071375;GO:1990723;GO:0031965;GO:0016235;GO:0005635;GO:0031625;GO:0005643;GO:0072686;GO:0048471;GO:0000777;GO:0008536;GO:0090630
A0A1S3EL69	GO:0042157;GO:0008289;GO:0008203;GO:0034364;GO:0006869
Q2YYQ6	GO:0009039;GO:0005737;GO:0016151;GO:0043419
A3CKD3	GO:0003677;GO:0006351;GO:0032549;GO:0003899
Q9NS40	GO:0071805;GO:0034765;GO:0005886;GO:0042391;GO:0005249;GO:0005887
P73162	GO:0006082;GO:0008776;GO:0005737;GO:0005524;GO:0000287;GO:0006085
Q7TWL9	GO:0006260;GO:0008408;GO:0003887;GO:0005737;GO:0006281
Q8RH05	GO:0006457;GO:0051082;GO:0005524
C0R562	GO:0006457;GO:0031072;GO:0051082;GO:0006260;GO:0009408;GO:0005737;GO:0008270;GO:0005524
A4WVE5	GO:0019288;GO:0016114;GO:0005524;GO:0050515
Q8HYE4	GO:0055114;GO:0001523;GO:0001758;GO:0005829;GO:0042572
Q11RM1	GO:0006400;GO:0016705
B0UWQ4	GO:0004107;GO:0009423;GO:0009073
Q3BMJ1	GO:0005384;GO:0005886;GO:0016021
Q6M0K2	GO:0003723;GO:0031119;GO:0106029
A9VJW3	GO:0004834
Q7V8V2	GO:0008616;GO:0016740;GO:0005737;GO:0016853
Q8KGD5	GO:0008360;GO:0009252;GO:0007049;GO:0051301;GO:0071555;GO:0005737;GO:0008763;GO:0005524
Q58EL7	GO:0051301;GO:0000278;GO:0000940;GO:0005876;GO:0005737;GO:0007059;GO:0000776;GO:0031110
Q60542	GO:0071230;GO:0005634;GO:0008285;GO:0005654;GO:0051150;GO:0045666;GO:0033081;GO:0048596;GO:0005829;GO:0051216;GO:0003682;GO:0048704;GO:0001227;GO:0007389;GO:0048752;GO:0010464;GO:0045944;GO:0045602;GO:0045892;GO:0007417;GO:0070888;GO:0017015;GO:0090103;GO:0046872
A6SZR5	GO:0009014;GO:0009089;GO:0050897;GO:0008270;GO:0019877
Q14938	GO:0003700;GO:0006366;GO:1990837;GO:0006260;GO:0000790;GO:0000981;GO:0005634;GO:0000122;GO:0045944
P18547	GO:0003678;GO:0046872;GO:0042025;GO:0006260;GO:0039526;GO:0039592;GO:0003677;GO:0039645;GO:0005524;GO:0004519;GO:0039693
A0A084B9Z4	GO:0016042;GO:0004806
Q0VA04	GO:0000184;GO:0045859
P25215	GO:0003677;GO:0019083
Q163J0	GO:0050511;GO:0008360;GO:0009252;GO:0007049;GO:0030259;GO:0051301;GO:0071555;GO:0005886;GO:0051991;GO:0005975
Q73IV4	GO:0006457;GO:0031072;GO:0051082;GO:0006260;GO:0009408;GO:0005737;GO:0008270;GO:0005524
Q73QZ3	GO:0005737;GO:0030145;GO:0070006
O14222	GO:0042147;GO:0031201;GO:0097576;GO:0005484;GO:0000139;GO:0016021;GO:0006886;GO:0006906;GO:0012505;GO:0006896;GO:0000138;GO:0005829;GO:0000149;GO:0048278;GO:0005770;GO:0031902
A3CS71	GO:0046961;GO:0042777;GO:0033178;GO:0005524;GO:0046933
O27246	
P97608	GO:0042802;GO:0006749;GO:0017168;GO:0005524;GO:0005829
P35655	GO:0034053;GO:0005886;GO:0009306;GO:0016021
Q67JH0	GO:0004222;GO:0030163;GO:0016021;GO:0004176;GO:0005886;GO:0005524;GO:0008270
Q0UP11	GO:0006620;GO:0016887;GO:0045048;GO:0043529;GO:0005524;GO:0046872
Q46GU2	
Q9FFP1	GO:0006511;GO:0032436;GO:0046872;GO:0080155;GO:0061630;GO:0005737;GO:0007275;GO:0000209;GO:0031624;GO:0000151
Q6M0Q7	GO:0004820;GO:0006426;GO:0046983;GO:0005737;GO:0005524
B5Z397	GO:0003684;GO:0030983;GO:0005524;GO:0006298
B7NT79	GO:0003684;GO:0030983;GO:0005524;GO:0006298
P55354	GO:0042351;GO:0009877;GO:0070401;GO:0008446;GO:0019673
A1T8Q8	GO:0005886;GO:0016021
Q21IS6	GO:0003924;GO:0000103;GO:0070814;GO:0005524;GO:0005525;GO:0004781
Q6K4N0	GO:0005634;GO:0045292;GO:0016607;GO:0008270;GO:0003723;GO:0000381
Q6GZR6	
A4QYQ5	GO:0008236;GO:0005774;GO:0004177;GO:0016021
A8LIT9	GO:0005886;GO:0048038;GO:0051287;GO:0050136
P43154	GO:0005576;GO:0004222;GO:0030574;GO:0008270;GO:0004252
B9JXE7	GO:0016793
O95340	GO:0001501;GO:0007596;GO:0050428;GO:0060348;GO:0004020;GO:0000103;GO:0005524;GO:0005829;GO:0004781;GO:0016779
P78968	GO:0004722;GO:0004724;GO:0005634;GO:0007165;GO:0005737;GO:0005783;GO:0046872;GO:0000324;GO:0016791
A7GDP8	GO:0004139;GO:0005737;GO:0016052;GO:0009264;GO:0046386
Q08B84	GO:0005789;GO:0004842;GO:0046872;GO:0016021
P42283	GO:0003700;GO:0007464;GO:0035167;GO:0006357;GO:0045476;GO:0046872;GO:0048813;GO:0005634;GO:0007526;GO:0003677;GO:0005654;GO:0016199;GO:0007411;GO:0006355;GO:0008406;GO:0045893;GO:0045467;GO:0007409
Q8DA20	GO:0019556;GO:0005737;GO:0016153;GO:0019557
Q0TMM4	GO:0004817;GO:0005737;GO:0005524;GO:0008270;GO:0006423
Q971J4	GO:0006419;GO:0000049;GO:0005737;GO:0004813;GO:0005524;GO:0008270
Q9BSK1	GO:0000978;GO:0006357;GO:0005634;GO:0000981;GO:0046872
Q3SW76	GO:0006457;GO:0051082;GO:0005524
Q96P53	GO:0005769;GO:0031982;GO:0001934;GO:0046872;GO:0045600
A9WSW6	GO:0003924;GO:0003746;GO:0005737;GO:0005525
B6I6B9	GO:0003684;GO:0030983;GO:0005524;GO:0006298
Q5RB22	GO:0038132;GO:0004714;GO:0005524;GO:0016021;GO:0007169
E0W4V5	GO:0009405;GO:0043657;GO:0005576
Q6DHK8	GO:0015293;GO:0005789;GO:0000139;GO:0006814;GO:0005886;GO:0030282;GO:0016021;GO:0051216
Q3KRC5	GO:0050660;GO:0017150;GO:0046872
P65072	GO:0005886;GO:0016021
Q9RH05	GO:0051287;GO:0000105;GO:0004399;GO:0008270
Q3JDH7	GO:0030170;GO:0005737;GO:0006782;GO:0042286;GO:0008483
Q7S9L2	GO:0008017;GO:0005815;GO:0051301;GO:0005634;GO:1990023;GO:0005876;GO:0005881;GO:0072686;GO:0090307;GO:0031110;GO:0000226
P0CP12	GO:0010181;GO:0005739;GO:0016491;GO:0003958;GO:0050660;GO:0050661;GO:0005829;GO:0016709;GO:0016226
B8DU04	GO:0005737;GO:0006427;GO:0004821;GO:0005524
Q3AU36	GO:0000105;GO:0005737;GO:0003879;GO:0005524;GO:0000287
G3J453	GO:0016491;GO:0032259;GO:0006633;GO:0008168;GO:0004315;GO:0031177
Q8SQM5	GO:0003724;GO:0005737;GO:0003743;GO:0005524
A8A3L2	GO:0003684;GO:0030983;GO:0005524;GO:0006298
Q32CJ6	GO:0003684;GO:0030983;GO:0005524;GO:0006298
O70343	GO:0007005;GO:0009409;GO:0005719;GO:1990843;GO:0005654;GO:0014912;GO:0031490;GO:2001171;GO:0000422;GO:0071332;GO:1904635;GO:0005829;GO:1901860;GO:0000790;GO:0042975;GO:0043565;GO:0007568;GO:0043524;GO:0043014;GO:0022626;GO:0071456;GO:0006094;GO:0097440;GO:0030331;GO:0031325;GO:1990841;GO:0010822;GO:0071356;GO:0071354;GO:0006355;GO:0045893;GO:0097009;GO:1901558;GO:0060612;GO:0019395;GO:0043231;GO:0002931;GO:0001933;GO:0003682;GO:0071222;GO:0120162;GO:0031625;GO:1901215;GO:0030900;GO:0042752;GO:0045944;GO:0030374;GO:1990845;GO:0008209;GO:0046321;GO:0071392;GO:0003677;GO:0034599;GO:1901857;GO:0006012;GO:0043201;GO:1904640;GO:0071560;GO:0071372;GO:2000310;GO:0003723;GO:0071250;GO:0032922;GO:0071313;GO:2000272;GO:0048662;GO:0000302;GO:0014732;GO:0051552;GO:0016605;GO:0008134;GO:0071871;GO:1904637;GO:0045820;GO:0071333;GO:0014850;GO:0002021;GO:0005634;GO:1901863;GO:0005737;GO:0097067;GO:0071873;GO:1904639;GO:0035865;GO:0014823;GO:0048661;GO:0043025;GO:0010628;GO:0051091;GO:2000184;GO:0016922;GO:0021549;GO:0014878;GO:1990844;GO:0090258;GO:0022904;GO:0003713;GO:0042493;GO:0003712;GO:0042594
Q317Y5	GO:0006457;GO:0051082;GO:0016887;GO:0046983;GO:0008270;GO:0005524
Q0IP28	GO:0046274;GO:0005507;GO:0016491;GO:0048046;GO:0052716
Q0T0D4	GO:0008360;GO:0009252;GO:0030234;GO:0042597;GO:0031241;GO:0004553
D2A869	GO:0008360;GO:0009252;GO:0030234;GO:0042597;GO:0031241;GO:0004553
Q5ZID1	GO:0070847;GO:0006351;GO:0006357;GO:0030374;GO:0005634;GO:0060261;GO:0016592;GO:0005667;GO:0003713;GO:0003712;GO:0046966;GO:0045893;GO:0045944
A1SRE0	GO:0008152;GO:0047388;GO:0008882;GO:0000820;GO:0005524;GO:0000287
P55100	GO:0005777;GO:0006635;GO:0003857;GO:0004300;GO:0004165;GO:0016863;GO:0016509
P02645	GO:0005861;GO:0003779;GO:0046872
Q6ARV6	GO:0042026;GO:0005737;GO:0051082;GO:0005524
A0A0M3R8G1	GO:0016887;GO:0009610;GO:0005886;GO:0005524;GO:0016021
Q04688	GO:0006357;GO:0000820;GO:1903862;GO:0005634;GO:0000981;GO:0009267;GO:0043565;GO:0030154;GO:0010821;GO:0045944
Q58799	
Q59602	GO:0042744;GO:0004096;GO:0046872;GO:0006979;GO:0020037
Q6ZEM6	GO:0008794;GO:0046685
P51786	GO:0000978;GO:0006357;GO:0005634;GO:0000981;GO:0046872
B7LWH8	GO:0003684;GO:0030983;GO:0005524;GO:0006298
Q9Z2P6	GO:0097352;GO:0020018;GO:0019905;GO:0031201;GO:0005484;GO:0016240;GO:0000139;GO:0006887;GO:0016082;GO:0043195;GO:0031629;GO:0005737;GO:0005886;GO:0006906;GO:0005776;GO:0060271;GO:0031410;GO:0015031;GO:0000421
A9MF43	GO:0003684;GO:0030983;GO:0005524;GO:0006298
P17030	GO:0006357;GO:0001227;GO:0000790;GO:0000981;GO:0000122;GO:0046872;GO:0000977
Q9UXF6	GO:0003689;GO:0005524;GO:0006260
Q96RK0	GO:0003682;GO:0045892;GO:0007420;GO:0000790;GO:0000981;GO:0005634;GO:0007613;GO:0003677;GO:0005654;GO:0000122;GO:0007612;GO:0035176;GO:0048286;GO:0032991;GO:0043231
Q67SV5	GO:0016887;GO:0005886;GO:0005524;GO:0015424;GO:0015821
B5E8N4	GO:0008676;GO:0005737;GO:0019294
Q93571	GO:0040011;GO:0005634;GO:0061631;GO:0043025;GO:0005524;GO:0000209;GO:0005829
Q9ZN50	GO:0042026;GO:0005737;GO:0051082;GO:0005524
Q6G7C2	GO:2001059;GO:0019512;GO:0009025;GO:0009024
B0B810	GO:0006412;GO:0000049;GO:0015935;GO:0003735;GO:0019843
Q55CN0	GO:0007021;GO:0005737;GO:0005856;GO:0007023;GO:0043014;GO:0000226
Q8VHS5	GO:0016567;GO:0035556
A7H667	GO:0003852;GO:0009098
A5V2U9	GO:0050518;GO:0019288;GO:0008685;GO:0046872;GO:0016114
C5CTL8	GO:0003684;GO:0030983;GO:0005524;GO:0006298
B1VHX4	GO:0006457;GO:0051082;GO:0005524
Q1DM35	GO:0005634;GO:0006281;GO:0008156;GO:0051321
A0KWK2	GO:0005737;GO:0009229;GO:0009228;GO:0016783
Q11BD1	GO:0042274;GO:0005737
A7ZQH3	GO:0003684;GO:0030983;GO:0005524;GO:0006298
Q7UZK6	GO:0006457;GO:0051082;GO:0016887;GO:0046983;GO:0008270;GO:0005524
Q1Q8K0	GO:0006635;GO:0005737;GO:0003988
P13623	GO:0003677;GO:0003700;GO:0005634;GO:0006260
Q7NXQ0	GO:0006541;GO:0015420;GO:0009236;GO:0003824
Q1MN11	GO:0006457;GO:0051082;GO:0005524
Q5WHG1	GO:0006457;GO:0051082;GO:0005524
O87656	GO:0033214;GO:0022857;GO:0005887
C5C9D1	GO:0008360;GO:0009252;GO:0000902;GO:0009103;GO:0006048;GO:0003977;GO:0071555;GO:0005737;GO:0000287;GO:0009245;GO:0019134
Q8FPR0	GO:0004367;GO:0046167;GO:0005975;GO:0009331;GO:0006650;GO:0046168;GO:0051287;GO:0008654
A7MFQ2	GO:0005198;GO:0071973;GO:0009428;GO:0030288
A0QLK5	GO:0010125;GO:0000287;GO:0102710;GO:0008375
Q8RH35	GO:0008851;GO:0046336;GO:0006520;GO:0009350;GO:0031419
Q13ZL9	
Q09199	GO:0030173;GO:0008376;GO:0006047;GO:0030259;GO:0022408;GO:0006486;GO:0019276
O64827	GO:0003700;GO:0006342;GO:0034968;GO:1900109;GO:0005634;GO:0006338;GO:0043565;GO:0018024;GO:0005694;GO:0008270
Q66577	GO:0039694;GO:0042025;GO:0004197;GO:0039540;GO:0039657;GO:0005198;GO:0003723;GO:0039522;GO:0018144;GO:0044694;GO:0006260;GO:0039690;GO:0044162;GO:0016020;GO:0039707;GO:0005524;GO:0005216;GO:0003724;GO:0039618;GO:0003968;GO:0044385;GO:0006351;GO:0051259;GO:0039611;GO:0075509;GO:0046872;GO:0039520;GO:0019062
Q12802	GO:0007507;GO:0060348;GO:0005634;GO:0071875;GO:0060090;GO:0035023;GO:0051168;GO:0043123;GO:0043406;GO:0086023;GO:0043065;GO:0016020;GO:0035025;GO:0051056;GO:0060297;GO:0005829;GO:0007186;GO:0005078;GO:0004691;GO:1900169;GO:0055007;GO:0017048;GO:0051018;GO:0005089;GO:0048471;GO:0061049;GO:0005938;GO:0005884;GO:0046872
O96009	GO:0004190;GO:0070062;GO:0006508;GO:0008233;GO:0033619;GO:0043129;GO:0005764;GO:0004175;GO:0097208;GO:0044267;GO:0005615;GO:0097486
P31626	GO:0020002;GO:0055036;GO:0019031;GO:0016021;GO:0046718;GO:0019062
C1FN33	GO:0004139;GO:0005737;GO:0016052;GO:0009264;GO:0046386
Q89270	GO:0042025;GO:0019079;GO:0005524;GO:0006260
Q47F91	GO:0003746;GO:0005737
A1WVQ4	GO:0019288;GO:0016114;GO:0005524;GO:0050515
C0LGF5	GO:0009755;GO:0010082;GO:0005886;GO:0005524;GO:0016021;GO:0004674
A1WGU0	GO:0004823;GO:0006429;GO:0002161;GO:0005737;GO:0005524
Q9H7D7	GO:0005739;GO:0005634;GO:0005654;GO:0005737;GO:0005829;GO:0000151
B8FQR7	GO:0005737;GO:0006427;GO:0004821;GO:0005524
Q07US6	GO:0006457;GO:0051082;GO:0005524
O09053	GO:0005813;GO:0042981;GO:0007420;GO:0005634;GO:0006979;GO:0010259;GO:0070337;GO:0006259;GO:0005654;GO:0005737;GO:0042803;GO:0000731;GO:0006284;GO:0006974;GO:0006260;GO:0051880;GO:0061821;GO:0040009;GO:0031297;GO:0043138;GO:0008408;GO:0000724;GO:0006281;GO:0006310;GO:1905773;GO:0016607;GO:0005524;GO:0005694;GO:0006268;GO:0000723;GO:0061749;GO:0001302;GO:0003682;GO:0007569;GO:0016887;GO:0005730;GO:0000400;GO:0030145;GO:0043005;GO:0009378;GO:0061820;GO:0098530;GO:0032508;GO:0003678;GO:0032405;GO:0000403;GO:0000781;GO:0051345;GO:1902570;GO:0004527;GO:0010225;GO:0044877;GO:0003677;GO:0009267;GO:0005657;GO:0071480;GO:0004386;GO:0000287;GO:0006302;GO:0000405;GO:0044806
Q3ZXE1	GO:0051539;GO:0016830;GO:0009229;GO:0009228;GO:0008270
Q7MNF3	GO:0051539;GO:0002935;GO:0070040;GO:0000049;GO:0005737;GO:0046872;GO:0019843;GO:0070475
C3KVW7	GO:0004139;GO:0005737;GO:0016052;GO:0009264;GO:0046386
Q5R4H1	GO:0005634;GO:0003700;GO:0005737
Q8NSR1	GO:0006541;GO:0003922;GO:0005524;GO:0016462
Q9UT04	GO:0045721;GO:0006623;GO:0005634;GO:0007039;GO:0034657;GO:0043161;GO:0019898;GO:0005773
Q99171	GO:0005737;GO:0008233;GO:0015031
O75970	GO:0016324;GO:0031410;GO:0043220;GO:0016032;GO:0007155;GO:0005737;GO:0008022;GO:0005923;GO:0030425;GO:0014069;GO:0016327
O60502	GO:0006493;GO:0005634;GO:0016032;GO:0102571;GO:0004415;GO:0102166;GO:0016231;GO:0016020;GO:0006044;GO:0005829;GO:0102167;GO:0006516;GO:0006517;GO:0009100
P50400	GO:0030247;GO:0030245;GO:0008810
O76932	GO:0004722;GO:0005813;GO:0000278;GO:0005634;GO:0007017;GO:0030289;GO:0007346;GO:0000775;GO:0005737;GO:0046872;GO:0006470;GO:0045879
A1KRZ2	GO:0006633;GO:0005737;GO:0043811;GO:0008654
Q9D8U6	GO:0042802;GO:0016021
C5PHH6	GO:0005634;GO:0000981;GO:0003677;GO:0006094;GO:0008270
O31825	GO:1905202;GO:0006552;GO:0016874;GO:0005524
Q7V0W0	GO:0019288;GO:0070402;GO:0030604;GO:0046872;GO:0016114
Q84N37	GO:0005634;GO:0046740;GO:0007275;GO:0046872
A8MYA2	
Q02260	GO:0046540;GO:0005687;GO:0071004;GO:0097526;GO:0000387;GO:0005634;GO:0005685;GO:0071011;GO:0030532;GO:0005689;GO:0003729;GO:0005686;GO:0000398;GO:0005682;GO:0003723;GO:0005829;GO:0000243;GO:0034715;GO:0071013;GO:0034719
O04251	
Q8K296	GO:0004722;GO:0010506;GO:0046856;GO:0046872;GO:0042149;GO:2000785;GO:0004725;GO:0052629;GO:0005737;GO:0016020;GO:0019903;GO:1904562;GO:0019898;GO:0004438;GO:0060304;GO:0006470
Q8BUB4	GO:0005769;GO:0031982;GO:0001934;GO:0005737;GO:0046872;GO:0045600
Q0VNE4	GO:0005525;GO:0042254
Q6UW60	GO:0030173;GO:0007339;GO:0005802;GO:0016486;GO:0016485;GO:0016020;GO:0002080;GO:0009566;GO:0001669;GO:0048240;GO:0007340;GO:0004252;GO:0022414
Q5LWR2	GO:0015940;GO:0005737;GO:0004592;GO:0005524
Q5BF62	GO:0102265;GO:0017150;GO:0005634;GO:0050660;GO:0005737;GO:0046872
A5IKE7	GO:0006082;GO:0008776;GO:0005737;GO:0005524;GO:0000287;GO:0006085
A9A6K6	GO:0003689;GO:0005663;GO:0005524;GO:0006260
Q7N0I2	GO:0008770;GO:0006633
A5FR94	GO:0051539;GO:0016830;GO:0009229;GO:0009228;GO:0008270
P54813	GO:0046872;GO:0005743;GO:0004222;GO:0065003;GO:0016021;GO:0004176;GO:0005524;GO:0008053;GO:0042407;GO:0034982
Q1IW89	GO:0006419;GO:0000049;GO:0005737;GO:0004813;GO:0005524;GO:0008270
Q3UPC7	
Q8DEZ6	GO:0051539;GO:0002935;GO:0070040;GO:0000049;GO:0005737;GO:0046872;GO:0019843;GO:0070475
A5GVF8	GO:0004751;GO:0009052
Q9HC10	GO:0005509;GO:0042995;GO:0048787;GO:0005789;GO:0000139;GO:0016082;GO:0007605;GO:0035612;GO:0061025;GO:0030672;GO:0016021;GO:0005829;GO:0016323;GO:0016079;GO:0007009
Q5P5G2	GO:0016787;GO:0005737;GO:0016874;GO:0005524
Q9SVH9	GO:0005576
Q9I0J6	GO:0051539;GO:0042773;GO:0045333;GO:0051537;GO:0048038;GO:0046872;GO:0008137;GO:0045272;GO:0009055
P0C116	GO:0003677;GO:0008170;GO:0009007;GO:0006260
Q8VIJ5	GO:0045862;GO:0005739;GO:0005634;GO:0070265;GO:0046326;GO:0031343;GO:0046060;GO:0102571;GO:0032024;GO:0051054;GO:0006612;GO:0004402;GO:0060124;GO:0010616;GO:0010524;GO:0051901;GO:0007568;GO:0102167;GO:0006517;GO:0060051;GO:0043243;GO:0102166;GO:0016231;GO:0051928;GO:0048545;GO:0006044;GO:0009100
Q8FEL3	GO:0003684;GO:0030983;GO:0005524;GO:0006298
Q93YF5	GO:0005634;GO:0018024;GO:0008270;GO:0005694
Q5FW56	GO:0016021
Q4ZNA0	GO:0030170;GO:0005737;GO:0006782;GO:0042286;GO:0008483
A0QJV0	GO:0005886;GO:0048038;GO:0051287;GO:0050136
Q29432	GO:0004190;GO:0005615
A1TWU4	GO:0016879;GO:0008616;GO:0008270;GO:0005524
A4FWX2	GO:0009073;GO:0005737;GO:0009423;GO:0003866
A9M8Z3	GO:0048034;GO:0005886;GO:0008495;GO:0016021
A6Q512	GO:0004823;GO:0006429;GO:0002161;GO:0005737;GO:0005524
B2UW09	GO:0004590;GO:0044205;GO:0006207
Q3UPI1	GO:0005794;GO:0000139;GO:0016021
B7VHB0	GO:0005737;GO:0008990
O08842	GO:0038023;GO:0007399;GO:0031225;GO:0031953;GO:0033141;GO:0016167;GO:0007169;GO:0043235;GO:0009897
P30717	GO:0042026;GO:0005737;GO:0051082;GO:0005524
E9Q8T2	GO:0000978;GO:0090263;GO:0005634;GO:1990841;GO:0005654;GO:0016604;GO:0032259;GO:0007275;GO:0046872;GO:0008168;GO:0043409;GO:0045944;GO:2000035;GO:0010468
C8VBH3	GO:0005681;GO:0006397;GO:0003677;GO:0008380;GO:0005737
Q4L819	GO:0004139;GO:0005737;GO:0016052;GO:0009264;GO:0046386
A1AES5	GO:0003684;GO:0030983;GO:0005524;GO:0006298
B3PRW0	GO:0019281;GO:0005737;GO:0008899;GO:0004414
Q88L01	GO:0006635;GO:0005737;GO:0003988
A2Y9C2	GO:0046274;GO:0048046;GO:0005507;GO:0052716
B8I815	GO:0005840;GO:0003735;GO:0006412
Q59167	GO:0035438;GO:0016760;GO:0005886;GO:0030244;GO:0016021;GO:0006011
Q6AVA8	GO:0006090;GO:0005634;GO:0015979;GO:0016301;GO:0009570;GO:0005524;GO:0046872;GO:0005829;GO:0050242
P0DMK5	GO:0008712;GO:0050661;GO:0097171;GO:0005975
Q13YU3	GO:0006097;GO:0004474;GO:0006099;GO:0005737;GO:0046872
P0C6V5	GO:0019082;GO:0019079;GO:0039520;GO:0004197;GO:0033644;GO:0008242;GO:0044220;GO:0008270;GO:0016021;GO:0003723;GO:0016740
A4WUX2	GO:0019464;GO:0004375
P22305	GO:0006457;GO:0031072;GO:0051082;GO:0006260;GO:0009408;GO:0005737;GO:0008270;GO:0005524
Q31J79	GO:0006420;GO:0005737;GO:0004814;GO:0005524
O60260	GO:0007005;GO:0019901;GO:1903377;GO:0010636;GO:0043123;GO:0035249;GO:0000266;GO:0031648;GO:0042826;GO:0000422;GO:0061630;GO:0050821;GO:0031647;GO:0005829;GO:1902283;GO:1903382;GO:0008344;GO:0032436;GO:0097413;GO:0010498;GO:0016579;GO:0016235;GO:0070842;GO:0043524;GO:0048471;GO:0051583;GO:1903202;GO:0043274;GO:0016236;GO:0031624;GO:0090201;GO:0032092;GO:0006511;GO:0005739;GO:0035519;GO:1903542;GO:0003779;GO:0090141;GO:0070534;GO:0051087;GO:0006513;GO:0060548;GO:0000151;GO:0001933;GO:0070585;GO:0099074;GO:0003714;GO:0017124;GO:0070050;GO:0043005;GO:0031625;GO:1901215;GO:0051582;GO:0045944;GO:0060828;GO:0098779;GO:0043161;GO:0097602;GO:0070936;GO:0046329;GO:1903599;GO:0007612;GO:0090090;GO:0008013;GO:0010821;GO:0019899;GO:0051865;GO:0044828;GO:0016567;GO:1903214;GO:0010629;GO:1903861;GO:2000377;GO:1905366;GO:2000378;GO:1905281;GO:1900407;GO:0042415;GO:0019900;GO:1903265;GO:1902803;GO:0010506;GO:0071287;GO:0031072;GO:0010637;GO:1905477;GO:0046676;GO:0043130;GO:0098793;GO:0044257;GO:0043388;GO:1990452;GO:1902236;GO:0055069;GO:1902530;GO:0000423;GO:0045732;GO:0010906;GO:0031396;GO:0007417;GO:0044877;GO:1903351;GO:0044267;GO:0000209;GO:0044314;GO:0042802;GO:0042981;GO:0030165;GO:0097237;GO:0051881;GO:0005634;GO:0061734;GO:0032368;GO:1902254;GO:0005737;GO:0000122;GO:0005794;GO:1901800;GO:0005783;GO:1990381;GO:0004842;GO:1990444;GO:0001964;GO:0032232;GO:0034620;GO:0033132;GO:0010994;GO:0016607;GO:0010628;GO:0036503;GO:1904049;GO:0015631;GO:0042053;GO:0014059;GO:0085020;GO:0030544;GO:0070979;GO:0001664;GO:0008270;GO:0006979;GO:0034976;GO:0042417
Q2NE59	GO:0003743
Q9F173	GO:0003887;GO:0003677;GO:0008408;GO:0006281;GO:0005737;GO:0008409;GO:0006261
O93511	GO:0005634;GO:0030520;GO:0005496;GO:0071392;GO:0043565;GO:0008270;GO:0004879;GO:0030284
Q9KFN9	GO:0015416;GO:0005886;GO:0016887;GO:0005524
O81211	GO:0005509;GO:0005886;GO:0016021;GO:0004601;GO:0016174;GO:0055114
Q9UIW2	GO:0038023;GO:0060666;GO:0030334;GO:0008360;GO:0070062;GO:1902287;GO:0002116;GO:0017154;GO:0043087;GO:0050772;GO:0005654;GO:0007162;GO:0005886;GO:0007275;GO:1990138;GO:0005829;GO:0014910;GO:0005887
A3PZ61	GO:0006520;GO:0044205;GO:0016597;GO:0004070;GO:0006207
Q9ZLX3	GO:0046872;GO:0006265;GO:0003677;GO:0003918;GO:0005737;GO:0005694;GO:0005524;GO:0006261
P0C6Y3	GO:0003678;GO:0019082;GO:0006351;GO:0039694;GO:0004527;GO:0016021;GO:0004197;GO:0003968;GO:0003724;GO:0008242;GO:0032259;GO:0033644;GO:0039520;GO:0044220;GO:0005524;GO:0004519;GO:0003723;GO:0008168;GO:0008270;GO:0044172
Q7VNB3	GO:0009014;GO:0009089;GO:0050897;GO:0008270;GO:0019877
P57110	GO:0004222;GO:0008201;GO:0031012;GO:0008270;GO:0062023;GO:0030198
Q90478	GO:0010628;GO:0045773;GO:0060536;GO:0007399;GO:0044295;GO:0007155;GO:0005886;GO:0031103;GO:0016021
B1HSN5	GO:0019464;GO:0004375
Q14184	GO:0031340;GO:0005509;GO:0008104;GO:0019905;GO:0048791;GO:0061669;GO:0032024;GO:0098793;GO:0005737;GO:0005886;GO:0045956;GO:0005544
Q14RS1	GO:0009405;GO:0016491
Q7MX27	GO:0003677;GO:0006351;GO:0032549;GO:0003899
A1UFK0	GO:0006520;GO:0044205;GO:0016597;GO:0004070;GO:0006207
Q9C284	GO:0005789;GO:0090110;GO:0000139;GO:0030127;GO:0006886;GO:0070971;GO:0008270;GO:0005096
P91620	GO:0007264;GO:0050803;GO:0050770;GO:0043087;GO:0051491;GO:0090630;GO:0050772;GO:0016020;GO:0030036;GO:0030676;GO:0045202
B7UHE9	GO:0003684;GO:0030983;GO:0005524;GO:0006298
Q0I8Y1	GO:0006782;GO:0005737;GO:0004853
Q01602	GO:0005886;GO:0022857;GO:0016021
Q8IZD2	GO:0030218;GO:0005634;GO:0006306;GO:0005654;GO:0005737;GO:0042119;GO:0045893;GO:0019899;GO:0034968;GO:0005815;GO:0045652;GO:0005886;GO:0007050;GO:0016607;GO:0043231;GO:0046872;GO:1900087;GO:0000785;GO:0035064;GO:0002446;GO:1905437;GO:0016604;GO:0035327;GO:0032991
Q7VAS9	GO:0030170;GO:0005737;GO:0006526;GO:0003992
Q5ZXU5	GO:0005737;GO:0008270;GO:0005524;GO:0004797;GO:0071897
B2ILG7	GO:0005886;GO:0048038;GO:0051287;GO:0050136
P19091	GO:0043410;GO:0060571;GO:0003382;GO:0060748;GO:0006357;GO:0045597;GO:0030425;GO:0019098;GO:0000790;GO:0007620;GO:0043565;GO:0071383;GO:0030521;GO:0050681;GO:0050680;GO:0001228;GO:2001237;GO:0048608;GO:0060520;GO:0072520;GO:0005496;GO:0001085;GO:0033327;GO:0030518;GO:0045720;GO:0051117;GO:0008584;GO:0060736;GO:0005102;GO:0006355;GO:0030424;GO:0045893;GO:0000978;GO:0060742;GO:0060685;GO:0019102;GO:0046661;GO:0009987;GO:0005886;GO:0001091;GO:0004879;GO:0003682;GO:0008284;GO:0030522;GO:0045945;GO:0060769;GO:0045944;GO:0042327;GO:0070974;GO:0060749;GO:0001225;GO:0007283;GO:0014734;GO:0048638;GO:0008049;GO:0001701;GO:0060740;GO:0008013;GO:0019899;GO:0035264;GO:0008134;GO:0048645;GO:0003700;GO:0019904;GO:0033148;GO:0051092;GO:0032991;GO:0003073;GO:0061458;GO:0010468;GO:0005634;GO:0008285;GO:0030520;GO:0060406;GO:0005737;GO:0000122;GO:0045726;GO:0007338;GO:0016607;GO:0009566;GO:0010628;GO:0000976;GO:1903076;GO:0071394;GO:0043568;GO:0048808;GO:0005497;GO:0045892;GO:0071391;GO:0060599;GO:0032553;GO:0008270
Q476U3	GO:0005737;GO:0009229;GO:0009228;GO:0016783
Q39F07	GO:0000049;GO:0006424;GO:0005737;GO:0005524;GO:0008270;GO:0004818
Q09820	GO:0000184;GO:0070478;GO:0003724;GO:0003677;GO:0005737;GO:0005524;GO:0008270;GO:0003723;GO:0005829;GO:2000815
Q9W0T1	GO:0035076;GO:0045893;GO:0000978;GO:0046426;GO:0006357;GO:0035073;GO:0046872;GO:0048515;GO:0005634;GO:0006338;GO:0030097;GO:0070577;GO:0042766;GO:0045824;GO:0016922;GO:0035064;GO:0006355;GO:0016589;GO:0010468
B4U4K6	GO:0055129;GO:0004350;GO:0005737;GO:0050661
Q87QL0	GO:0030170;GO:0000105;GO:0004400
Q08705	GO:0006357;GO:0005634;GO:0000981;GO:0043565;GO:0046872;GO:0000977
B3ESU1	GO:0000105;GO:0009086;GO:0004477;GO:0004488;GO:0006164;GO:0035999
Q5U907	GO:0006108;GO:0030060;GO:0006099;GO:0005975
Q0TEC9	GO:0003684;GO:0030983;GO:0005524;GO:0006298
A2Q1V6	GO:0008234;GO:0006914;GO:0005737;GO:0015031
Q32FQ5	GO:0033737;GO:0019477;GO:0051287;GO:0019145;GO:0009447
Q46CQ6	GO:0000049;GO:0005737;GO:0005524;GO:0004826;GO:0000287;GO:0006432
Q2R224	GO:0003924;GO:0005789;GO:0016320;GO:0005737;GO:0005783;GO:0016021;GO:0005525;GO:0007029
A6W1W5	GO:0006541;GO:0004359
Q7A4D0	GO:0004645;GO:0006206;GO:0046872;GO:0006213;GO:0016154
Q03WL7	GO:0003676;GO:0004815;GO:0005737;GO:0006422;GO:0005524
C5FPR9	GO:0071555;GO:0008270;GO:0004181;GO:0005773
O75891	GO:0009258;GO:0009058;GO:0070062;GO:0006730;GO:0016742;GO:0004029;GO:0003824;GO:0005829;GO:0016155;GO:0046655
Q7MEL2	GO:0006082;GO:0008776;GO:0005737;GO:0005524;GO:0000287;GO:0006085
B2S9Y5	GO:0003677;GO:0008170;GO:0009007;GO:0006260
O70309	GO:0038023;GO:0090136;GO:0005925;GO:0033627;GO:0098978;GO:0005178;GO:0007160;GO:0043149;GO:0009986;GO:0016477;GO:0005886;GO:0007229;GO:0005102;GO:0034684;GO:0031252;GO:0099699;GO:0043235;GO:0007179
Q7ME99	GO:0016631;GO:0004318;GO:0051287;GO:0006633
Q04712	GO:0070860;GO:0001181;GO:0005730;GO:0001164;GO:0017025;GO:0042790
Q9SFB6	GO:0051301;GO:0007049;GO:0005730;GO:0051302;GO:0005856;GO:0005886;GO:0046777;GO:0005524;GO:0004674;GO:0005773
Q9LX73	GO:0071568;GO:0005789;GO:0032434;GO:1990592;GO:0034976
Q86UU1	GO:0010717;GO:0010470;GO:0045180;GO:1904261;GO:0070507
Q9PCR2	GO:0003684;GO:0030983;GO:0005524;GO:0006298
B5DE93	GO:0004693;GO:0030332;GO:0043405;GO:0000790;GO:0005634;GO:0006397;GO:0008353;GO:0008024;GO:0008380;GO:0070816;GO:0006468;GO:0045944;GO:0032968;GO:0006368;GO:0016607;GO:0005524;GO:0005694;GO:0000307;GO:0019908
Q8UBL6	GO:0006782;GO:0005737;GO:0004853
Q95126	GO:0046872;GO:0048179;GO:0004674;GO:0005886;GO:0048185;GO:0005524;GO:0017002;GO:0071363;GO:0043235;GO:0006468;GO:0032924
Q7MQH9	GO:0004165;GO:0006635;GO:0003857;GO:0004300;GO:0008692;GO:0036125
Q48M15	GO:0008616;GO:0016740;GO:0005737;GO:0016853
O77460	GO:0035076;GO:0045893;GO:0004427;GO:0005634;GO:0006338;GO:0006796;GO:0042766;GO:0005737;GO:0035206;GO:0000287;GO:0016589;GO:0005829
A1DN09	GO:0016874;GO:0031177;GO:0009820
P11193	GO:0020002;GO:0044172;GO:0044163;GO:0039624;GO:0044168;GO:0016020;GO:0099008;GO:0039665;GO:0046813;GO:0019062
Q8X167	GO:0004856;GO:0005737;GO:0042732;GO:0005524
Q46GN4	GO:0051539;GO:0046872;GO:0019685;GO:0005524;GO:0016730;GO:0036068;GO:0016636
A8ANU8	GO:0003684;GO:0030983;GO:0005524;GO:0006298
Q9SLF3	GO:0046872;GO:0045036;GO:0016817;GO:0004888;GO:0051117;GO:0009707;GO:0009536;GO:0051087;GO:0016021;GO:0005525
P00634	GO:0004035;GO:0030613;GO:0033748;GO:0030288;GO:0042597;GO:0008270;GO:0016311;GO:0000287;GO:0004721;GO:0006470
P20165	GO:0005576;GO:0004222;GO:0046872
B1H1E4	GO:0006511;GO:0016567;GO:0032436;GO:0005634;GO:0097413;GO:0061630;GO:0016604;GO:0005737;GO:0000209;GO:0008270;GO:0031624;GO:0004842;GO:0000151
Q6NYL3	GO:0005777;GO:0006635;GO:0003857;GO:0004300;GO:0004165;GO:0016863;GO:0016509
B9K0G2	GO:0042744;GO:0004096;GO:0046872;GO:0006979;GO:0020037
E8MGH9	GO:0016798;GO:0016021;GO:0000272
A6NMB9	GO:0031122;GO:0005634;GO:0016887;GO:0008568;GO:0010569;GO:0005524
C5C5S1	GO:0003676;GO:0004815;GO:0050560;GO:0005737;GO:0006422;GO:0005524
Q5SIQ7	GO:0006223;GO:0044206;GO:0004845;GO:0005525;GO:0000287;GO:0009116
Q5ZVI4	GO:0003723;GO:0051539;GO:0070041;GO:0005506
P55349	GO:0019746;GO:0016491
Q8VCD5	GO:0070847;GO:0016567;GO:0006357;GO:0030374;GO:0005634;GO:0019827;GO:0060261;GO:0016592;GO:0005667;GO:0005654;GO:0061630;GO:0003713;GO:0003712;GO:0046966;GO:0000151;GO:0045893;GO:0045944
P23458	GO:0070102;GO:0005634;GO:0150105;GO:0000165;GO:0070106;GO:0005737;GO:0005856;GO:0035723;GO:0006468;GO:0060337;GO:0035722;GO:0005925;GO:0038111;GO:0038113;GO:0038114;GO:0031730;GO:0038110;GO:0005131;GO:0019903;GO:0016020;GO:0005524;GO:0005829;GO:0046677;GO:0034112;GO:0004715;GO:0004713;GO:0035556;GO:0031625;GO:0070757;GO:0019221;GO:0005768;GO:0060334;GO:0060333;GO:1903672;GO:0046872
A1WZ13	GO:0050568;GO:0006935
Q38VQ9	GO:0006420;GO:0005737;GO:0004814;GO:0005524
Q9WYH8	GO:0009073;GO:0016832;GO:0009423;GO:0003849
Q6G7H4	GO:0004645;GO:0006206;GO:0046872;GO:0006213;GO:0016154
Q9ST59	GO:0003700;GO:0005634;GO:0009740;GO:0043565;GO:0006355
Q59NX5	GO:0030447;GO:0036170;GO:0006351;GO:0006357;GO:0036180;GO:0005634;GO:0000981;GO:0007155;GO:1900189;GO:0003677;GO:0009267;GO:0008270;GO:0044011;GO:0010811
Q8C9H6	GO:0008360;GO:0005737;GO:0016477;GO:0007010;GO:0005829
Q8K2H4	GO:0007165;GO:0016042;GO:0055038;GO:0046872;GO:0005096
P39386	GO:0015386;GO:0046677;GO:0006855;GO:0042910;GO:0005886;GO:0015385;GO:0030641;GO:0036376;GO:0097623;GO:0015125;GO:0005887;GO:0015721;GO:1990961
Q6GEE4	GO:0009039;GO:0005737;GO:0016151;GO:0043419
B8DPG1	GO:0004814;GO:0004820;GO:0006426;GO:0006420;GO:0005737;GO:0005524
Q5E1N9	GO:0008360;GO:0009252;GO:0000902;GO:0009103;GO:0006048;GO:0003977;GO:0071555;GO:0005737;GO:0000287;GO:0009245;GO:0019134
Q7YRF1	GO:0008089;GO:0030665;GO:1904115;GO:0030123;GO:0016192;GO:0030131;GO:0048490;GO:0006886;GO:0005794
A2BNS4	GO:0004798;GO:0006233;GO:0006235;GO:0005524
P13537	GO:0003924;GO:0006414;GO:0003746;GO:0005737;GO:0005525
B8ZQ32	GO:0003678;GO:0008408;GO:0000724;GO:0005524;GO:0003690
A1TKD7	GO:0008759;GO:0009245;GO:0103117;GO:0046872
Q3IEY7	GO:0055129;GO:0004350;GO:0005737;GO:0050661
P70478	GO:0045670;GO:0001942;GO:0019901;GO:0046716;GO:0097305;GO:0042483;GO:0043066;GO:0045597;GO:2000211;GO:0043065;GO:0005912;GO:0007050;GO:0030425;GO:0008286;GO:0007409;GO:0007091;GO:0009954;GO:0009953;GO:0007389;GO:0002020;GO:0048471;GO:0050680;GO:0005874;GO:0019827;GO:0030426;GO:0000281;GO:0016477;GO:0034750;GO:0007094;GO:0005813;GO:0048538;GO:0007163;GO:0030424;GO:1904781;GO:0051988;GO:0005886;GO:0001822;GO:0044337;GO:0030334;GO:0051010;GO:0120162;GO:0031625;GO:0019887;GO:0031016;GO:0060070;GO:0030856;GO:0007399;GO:0033077;GO:0045667;GO:0030877;GO:0000776;GO:0045736;GO:0031122;GO:0016328;GO:0045785;GO:0090090;GO:0008013;GO:0043409;GO:0045595;GO:0010942;GO:0065003;GO:0070852;GO:0070840;GO:0032886;GO:0016342;GO:0032587;GO:0009798;GO:0031253;GO:0051276;GO:0030178;GO:0044306;GO:0044336;GO:0045732;GO:0044877;GO:0001708;GO:0035019;GO:0031116;GO:0005923;GO:0032991;GO:0051781;GO:1990090;GO:0042995;GO:0005634;GO:0031274;GO:0008285;GO:0005737;GO:0030027;GO:0051171;GO:0006974;GO:0016055;GO:0043025;GO:0007026;GO:0060770;GO:0045295;GO:0008017;GO:0060044;GO:0060041;GO:0031965;GO:0009952;GO:0030335;GO:0043588;GO:0044295;GO:0005938;GO:0042493;GO:0051726;GO:0031175
Q9ZCI0	GO:0016021
A2ASQ1	GO:0044325;GO:0005604;GO:0033691;GO:0098978;GO:0035374;GO:0050807;GO:0001934;GO:0036122;GO:0050731;GO:0002162;GO:0055117;GO:0070507;GO:0045202;GO:2000541;GO:0001932;GO:0005576;GO:0043087;GO:0043113;GO:0043525;GO:0051491;GO:0086036;GO:0005796;GO:0030548;GO:0009888;GO:0009986;GO:0005886;GO:0007528;GO:0016021;GO:0062023;GO:0005829;GO:0043547;GO:0043395;GO:0042030;GO:0005509;GO:1903407;GO:0043083;GO:0009887;GO:0007268;GO:0042383;GO:0045213;GO:0007009;GO:0045944;GO:0061098;GO:1902667;GO:0044295;GO:1903277;GO:0050431;GO:0007416;GO:0005615;GO:0045887;GO:0032092;GO:0071340
Q5HP13	GO:0019464;GO:0004375;GO:0009116
C0R4Q0	GO:0045261;GO:0005886;GO:0005524;GO:0042777;GO:0046933
O14164	GO:0001732;GO:0033290;GO:0006413;GO:0071540;GO:0003743;GO:0005852;GO:0031369;GO:0016282;GO:0005829;GO:0071541
Q795J3	GO:0008483;GO:0000271;GO:0030170
Q5PQP9	GO:0001707;GO:0005925;GO:0035801;GO:0050810;GO:0007369;GO:0005654;GO:0005737;GO:0016020;GO:0005829
Q02205	GO:0071230;GO:0007040;GO:0016237;GO:0043410;GO:0031902;GO:0032008;GO:0071986;GO:0034448;GO:0072665;GO:0000329;GO:0042632;GO:0016197;GO:0005829;GO:0007035;GO:0015031;GO:0001919
P08354	GO:0044175;GO:0055036;GO:0044156;GO:0019031;GO:0016021;GO:0044178
C3MPR8	GO:0032259;GO:0008033;GO:0006364;GO:0003723;GO:0008168
Q8FDA1	GO:0008360;GO:0009252;GO:0030234;GO:0042597;GO:0031241;GO:0004553
Q99PL5	GO:0007165;GO:0015031;GO:0030176
Q29AE5	GO:0016192;GO:0000139;GO:0006886;GO:0005783;GO:0005198;GO:0030126
A4SVE2	GO:0055129;GO:0004350;GO:0005737;GO:0050661
Q10164	GO:0035838;GO:0070610;GO:0008289;GO:0051286;GO:0005634;GO:0043087;GO:0120105;GO:0007165;GO:0005737;GO:0032153;GO:0035024;GO:0110085;GO:0005096
Q96CX3	GO:0003700;GO:0000978;GO:1990837;GO:0006357;GO:0000790;GO:0005634;GO:0005730;GO:0007030;GO:0046872
Q5K4E3	GO:0005737;GO:0005576;GO:0004252
Q21920	GO:0003723;GO:0005737
Q50852	GO:0005737;GO:0005524
B5EBG1	GO:0016260;GO:0000287;GO:0004756;GO:0005524
P35828	GO:0005509;GO:0005576;GO:0030115;GO:0005618
B2VAB3	GO:0051539;GO:0004160;GO:0009099;GO:0009097;GO:0046872
A9GBQ2	GO:0042026;GO:0005737;GO:0051082;GO:0005524
A1AWT1	GO:0000049;GO:0005737;GO:0005524;GO:0004826;GO:0000287;GO:0006432
P97459	GO:0006357;GO:0042711;GO:0045892;GO:0000790;GO:0000981;GO:0005634;GO:0046982;GO:0000122;GO:0000977;GO:0001964
Q68EP9	GO:0006914;GO:0005737;GO:0015031;GO:0004197
Q9PL45	GO:0005576;GO:0016021;GO:0009279;GO:0005618
O04046	GO:0046872;GO:0033384;GO:0016117;GO:0008299;GO:0004659;GO:0033386;GO:0005783;GO:0004161;GO:0045337;GO:0004337;GO:0004311
B5R2Y9	GO:0070205;GO:0009234
P70610	GO:0031340;GO:0005509;GO:0008104;GO:0019905;GO:0006887;GO:0048791;GO:0061669;GO:0032024;GO:0098793;GO:0005737;GO:0005886;GO:0045956;GO:0005544;GO:0045202
Q93Q11	GO:0006635;GO:0005737;GO:0003988
O83467	
Q9CX34	GO:0043947;GO:0005634;GO:0005737;GO:0050821;GO:0031647;GO:0032991
Q8XZI5	GO:0019288;GO:0070402;GO:0030604;GO:0046872;GO:0016114
P27411	GO:0039694;GO:0006351;GO:0018144;GO:0030430;GO:0004197;GO:0003968;GO:0003724;GO:0005524;GO:0003723;GO:0019028
Q9WAK5	GO:0020002;GO:0044172;GO:0044163;GO:0039624;GO:0044168;GO:0016020;GO:0099008;GO:0039665;GO:0019062
Q88ND0	GO:0042597;GO:0042121;GO:0016746
Q5UP18	
Q2GGH5	GO:0050661;GO:0004324;GO:0050660
Q9CR40	
Q9KA93	GO:0005737;GO:0008233;GO:0015031
A8WG43	GO:0005634;GO:0005737
A0A1U8QG99	GO:0016887;GO:0042626;GO:0005886;GO:0005524;GO:0016021
A7HM55	GO:0003924;GO:0003746;GO:0005737;GO:0005525
Q8FLD8	GO:0005737;GO:0009088;GO:0005524;GO:0004413
C0R573	GO:0004823;GO:0006429;GO:0002161;GO:0005737;GO:0005524
Q5F8D8	GO:0003991;GO:0005737;GO:0042450;GO:0005524
Q15MS7	GO:0005886;GO:0032977;GO:0015031;GO:0016021
Q60710	GO:0042802;GO:0097197;GO:0032567;GO:0005634;GO:0005654;GO:0008832;GO:0005525;GO:0003723;GO:0016793;GO:0006974;GO:0110025;GO:0051289;GO:0000724;GO:0005886;GO:0004540;GO:0045088;GO:0003697;GO:0046061;GO:0006203;GO:0003676;GO:0051607;GO:0009264;GO:0016446;GO:0035861;GO:0008270;GO:0060339;GO:0045087
A8H2X4	GO:0004834
D3ZQF9	GO:0016702;GO:0019369;GO:0016165;GO:0050473;GO:0051122;GO:0004052;GO:0005886;GO:0034440;GO:0005506;GO:0043651;GO:0019372;GO:0005829
P21860	GO:0042802;GO:0007507;GO:2000145;GO:0038128;GO:0007165;GO:0000165;GO:0009968;GO:0016328;GO:0014068;GO:0097192;GO:0046982;GO:0038132;GO:0042060;GO:0009925;GO:0014065;GO:0007422;GO:0005886;GO:0005524;GO:0043125;GO:0042127;GO:0005887;GO:0010628;GO:0030296;GO:0038143;GO:0038131;GO:0070886;GO:0051402;GO:0008284;GO:0004888;GO:0007275;GO:0021545;GO:0031625;GO:0007169;GO:0016323;GO:0043524;GO:0019838;GO:0061098;GO:0055025;GO:0004714;GO:0016324;GO:0007399;GO:0033674;GO:0014037;GO:0007162;GO:0003197;GO:0043235;GO:0051048;GO:0005615;GO:0051897
O79411	GO:0042773;GO:0005743;GO:0070469;GO:0016021;GO:0008137
A1SAR6	GO:0042744;GO:0004096;GO:0046872;GO:0006979;GO:0020037
P23819	GO:0042802;GO:0099544;GO:0045211;GO:0030165;GO:0004971;GO:0098978;GO:0036477;GO:0019901;GO:0051966;GO:0051117;GO:0043198;GO:0008021;GO:0030672;GO:0005783;GO:0097060;GO:1904315;GO:0008092;GO:0031623;GO:0001919;GO:0045202;GO:0015277;GO:0032839;GO:0032281;GO:0043195;GO:0032279;GO:0043025;GO:0009986;GO:0035235;GO:0005886;GO:0016020;GO:0030425;GO:0004970;GO:0043204;GO:0005887;GO:0043197;GO:0098839;GO:0099055;GO:0042734;GO:0005789;GO:0001540;GO:0005234;GO:0098685;GO:0043005;GO:0050806;GO:0014069;GO:0038023;GO:0035254;GO:0099061;GO:0051262;GO:0045184;GO:0030426;GO:0099056;GO:0019865;GO:0007268;GO:0032991;GO:0000149;GO:0015276
O97776	GO:0010628;GO:0003700;GO:0000976;GO:1903076;GO:0030521;GO:0042327;GO:0000790;GO:0005634;GO:0045720;GO:0008284;GO:0030522;GO:2001237;GO:0005737;GO:0051092;GO:0008270;GO:0008013;GO:0005497;GO:0045944;GO:0004879;GO:0005496
Q00583	GO:0005789;GO:0004420;GO:0015936;GO:0008299;GO:0031966;GO:0016021;GO:0042170
O93512	GO:0038023;GO:0007399;GO:0031225;GO:0016167;GO:0043235;GO:0009897
A3MW09	GO:0016992;GO:0051539;GO:0005737;GO:0102553;GO:0046872;GO:0102552;GO:0009249
O27439	GO:0051539;GO:0003861;GO:0009098;GO:0046872
Q966M6	GO:0005634;GO:0000375;GO:0000398;GO:0008419
Q6FPB2	GO:0030176;GO:0005887;GO:0051267;GO:0006506
Q4PCS5	GO:0005739;GO:0004017;GO:0006172;GO:0046033;GO:0046034;GO:0005758;GO:0005737;GO:0006270;GO:0009132;GO:0005524;GO:0005829;GO:0006163
P37278	GO:0016021;GO:0005886;GO:0005388;GO:0005524;GO:0046872
Q8R9T4	GO:0051539;GO:0002935;GO:0070040;GO:0000049;GO:0005737;GO:0046872;GO:0019843;GO:0070475
Q5XG71	GO:0032040;GO:0030686;GO:0005730;GO:0005886;GO:0006364
P50622	GO:0046274;GO:0042744;GO:0016690;GO:0046872;GO:0006979;GO:0020037
B1M0M1	GO:0046872;GO:0016208;GO:0003987;GO:0005524;GO:0019427
C7J6G6	GO:0042626;GO:0005524;GO:0016021
P0C7N4	GO:0016021
A2RGI3	GO:0008408;GO:0003677;GO:0003887;GO:0005737;GO:0006261
B0TWN0	GO:0030956;GO:0016787;GO:0050567;GO:0005524;GO:0006412
A6SSM3	GO:0006914;GO:0016021;GO:0005774;GO:0006865
A5VP40	GO:0048034;GO:0005886;GO:0008495;GO:0016021
P0DMS2	GO:0042802;GO:0032489;GO:0033344;GO:0051180;GO:0010804;GO:0010875;GO:0055091;GO:0007229;GO:0070653;GO:0042632;GO:0034366;GO:0051496;GO:0019899;GO:0010903;GO:0008211;GO:0045499;GO:0001932;GO:0018206;GO:0030139;GO:0050728;GO:0006695;GO:0060228;GO:0070508;GO:0043691;GO:0034375;GO:0070328;GO:0051346;GO:1900026;GO:0001935;GO:0050821;GO:0035025;GO:0042158;GO:0060354;GO:0030300;GO:0033700;GO:0007186;GO:1902995;GO:0015485;GO:0008035;GO:0031072;GO:0032691;GO:0001540;GO:0010873;GO:0019915;GO:0034115;GO:0034361;GO:0006656;GO:0034380;GO:0120020;GO:0043534;GO:0005543;GO:0018158;GO:0051345;GO:0050766;GO:0002719;GO:0034191;GO:0030325
Q44902	GO:0006935;GO:0006811;GO:0097588;GO:0005886;GO:0016021
A8QFQ3	GO:0045892;GO:0051864;GO:0005634;GO:0034720;GO:0032453;GO:0005506;GO:0016706;GO:0070544
P47816	GO:0006915;GO:0005634;GO:0043065;GO:0006919;GO:1902035;GO:0003677;GO:0005737;GO:0012501;GO:1901532;GO:0046872;GO:0019899
A4G4S7	GO:0019288;GO:0070402;GO:0030604;GO:0046872;GO:0016114
P37232	GO:0008289;GO:0005634;GO:0043565;GO:0008270;GO:0004879
P52369	GO:0042802;GO:0042025;GO:0030430;GO:0019076;GO:0004252
C5CWV5	GO:0004367;GO:0046167;GO:0005975;GO:0009331;GO:0006650;GO:0046168;GO:0051287;GO:0008654
P62590	GO:0015074;GO:0003677;GO:0006310;GO:0044826;GO:0046718;GO:0075713
Q8WYP3	GO:0007264;GO:0030695;GO:1904906;GO:0010595;GO:0017112;GO:0005829;GO:0006897;GO:0005096;GO:2001214
Q21YV6	GO:0004367;GO:0046167;GO:0005975;GO:0009331;GO:0006650;GO:0046168;GO:0051287;GO:0008654
B7JK84	GO:0003676;GO:0006430;GO:0005737;GO:0004824;GO:0005524;GO:0000287
Q03350	GO:0005509;GO:0031091;GO:0005604;GO:0008201;GO:0031012;GO:0007155;GO:0062023;GO:0051965;GO:0016525
A7NQY6	GO:0050567;GO:0005524;GO:0006412
Q8P3J4	GO:0030246;GO:0030245;GO:0016758
E9ET39	GO:0006633;GO:0016788;GO:0004315;GO:0031177
B4TPJ1	GO:0070205;GO:0009234
Q66T47	GO:0046872;GO:0048179;GO:1901389;GO:0004674;GO:0005886;GO:0048185;GO:0005524;GO:0017002;GO:0071363;GO:0043235;GO:0006468;GO:0032924
P49824	GO:0005516;GO:0046034;GO:0000146;GO:0030018;GO:0007512;GO:0032982;GO:0002026;GO:0005524;GO:0016459;GO:0014898;GO:0030016;GO:0030898;GO:0003009;GO:0055010;GO:0030049;GO:0014883;GO:0002027;GO:0031449;GO:0060048;GO:0014728;GO:0001725;GO:0030017;GO:0051015
A7MU39	GO:0051539;GO:0002935;GO:0070040;GO:0000049;GO:0005737;GO:0046872;GO:0019843;GO:0070475
B1YG85	GO:0070038;GO:0005737
Q9PJV5	GO:0006412;GO:0000049;GO:0015935;GO:0003735;GO:0019843
A0L5W6	GO:0003677;GO:0006351;GO:0032549;GO:0003899
Q8L611	GO:0009506;GO:0090110;GO:0000139;GO:0030127;GO:0006886;GO:0070971;GO:0090114;GO:0005198;GO:0005829;GO:0006888;GO:0007029
Q0HPD2	GO:0003697;GO:0006260;GO:0009432;GO:0005737;GO:0006281;GO:0005524
Q2RUU0	GO:0019556;GO:0005737;GO:0016153;GO:0019557
A8LRY5	GO:0005737;GO:0004045;GO:0006412
C1A3W7	GO:0006541;GO:0003922;GO:0005524;GO:0016462
C3N5E4	GO:0032259;GO:0008033;GO:0006364;GO:0003723;GO:0008168
B1YAU2	GO:0017183;GO:0004164;GO:0032259
Q3KHM4	GO:0005737;GO:0030145;GO:0070006
A1SJ39	GO:0018339;GO:0051539;GO:0006400;GO:0005737;GO:0046872;GO:0103039
O19908	GO:0004360;GO:1901137;GO:0097367;GO:0006541;GO:0009507;GO:0005975
O67377	GO:0046496;GO:0110051;GO:0052857;GO:0005524;GO:0046872;GO:0052856;GO:0052855
Q8XHQ5	GO:0004817;GO:0005737;GO:0005524;GO:0008270;GO:0006423
Q8D992	GO:0003723;GO:0005737;GO:0016434
Q802R9	GO:0016605;GO:0090398;GO:0051301;GO:0000781;GO:0005634;GO:0000722;GO:0007062;GO:0034184;GO:0000724;GO:0005524;GO:0030915
A2I7N1	GO:0042583;GO:0031410;GO:0004867;GO:0005615;GO:0010951
B5XML6	GO:0055129;GO:0005737;GO:0004349;GO:0005524
C0Q060	GO:0070205;GO:0009234
A7I2V7	GO:0052865;GO:0009228;GO:0008661;GO:0030976;GO:0000287;GO:0016114
P64796	
Q049W6	GO:0006457;GO:0051082;GO:0005524
A0LZ30	GO:0008840;GO:0005737;GO:0009089;GO:0019877
Q9SHZ8	GO:0003723;GO:0043231;GO:0009451;GO:0008270
Q0SQC1	GO:0004817;GO:0005737;GO:0005524;GO:0008270;GO:0006423
A1D1Z9	GO:0004565;GO:0005576;GO:0000272
Q6P0D7	GO:0016020;GO:0005912;GO:0005923
Q6V9H4	GO:0008083;GO:0005576;GO:0048008;GO:0005161;GO:0016020;GO:0007275;GO:0051781
O74563	GO:0033503;GO:0005634;GO:0071894;GO:0006336;GO:0061630;GO:0010390;GO:0008270;GO:0031497;GO:0031618
Q5QV29	GO:0019556;GO:0005737;GO:0016153;GO:0019557
P02565	GO:0030016;GO:0032982;GO:0005516;GO:0005524;GO:0051015;GO:0003774;GO:0016459
Q9PRG0	GO:0102568;GO:0005509;GO:0004623;GO:0005576;GO:0090729;GO:0102567;GO:0016042;GO:0006644;GO:0050482
Q10XH7	GO:0008360;GO:0009252;GO:0007049;GO:0051301;GO:0071555;GO:0005737;GO:0008763;GO:0005524
Q7MK59	GO:0019556;GO:0005737;GO:0016153;GO:0019557
B3H108	GO:0051301;GO:0007049;GO:0006260;GO:0003677;GO:0005737;GO:0007059;GO:0030261;GO:0005524;GO:0009295
A0JX57	GO:0004823;GO:0006429;GO:0002161;GO:0005737;GO:0005524
B9M2D5	GO:0004479
Q7VYG2	GO:0005198;GO:0071973;GO:0009428;GO:0030288
Q14183	GO:0030054;GO:0005509;GO:0017158;GO:0098850;GO:0007399;GO:0005730;GO:0005764;GO:0061669;GO:0005654;GO:0043005;GO:0007268;GO:0016079;GO:0005544
Q4WD95	GO:0048208;GO:0006914;GO:0005789;GO:0000139;GO:0070973;GO:0012507;GO:0007030;GO:0070971;GO:0070863;GO:0007029;GO:0015031
P15127	GO:0043410;GO:0045719;GO:0019901;GO:2000252;GO:0005525;GO:0032147;GO:0031405;GO:0001666;GO:0021766;GO:0019903;GO:0005524;GO:0005829;GO:0008286;GO:0060417;GO:0045995;GO:0043560;GO:0060267;GO:0033280;GO:0038083;GO:0009887;GO:0010560;GO:0032809;GO:0007275;GO:0031667;GO:0005899;GO:0045471;GO:0006898;GO:0043243;GO:0043235;GO:0051446;GO:0005901;GO:0097421;GO:0031994;GO:0002092;GO:0031995;GO:0008584;GO:0046326;GO:0001889;GO:0001934;GO:0014068;GO:0043548;GO:0006355;GO:0051384;GO:0030424;GO:0045893;GO:0042593;GO:0005009;GO:0045821;GO:0018108;GO:0005886;GO:0016020;GO:0046777;GO:0043231;GO:0001933;GO:0032355;GO:2000194;GO:0005764;GO:0004713;GO:0008284;GO:0031017;GO:0001540;GO:0032148;GO:0071363;GO:0007169;GO:0009897;GO:0004714;GO:0010033;GO:0042327;GO:0033674;GO:0003007;GO:0043559;GO:0019087;GO:0033574;GO:0030325;GO:0045840;GO:0051425;GO:0032869;GO:0006111;GO:0032094;GO:0031410;GO:0006468;GO:0010629;GO:0005770;GO:0005887;GO:0009725;GO:0045725;GO:0004672;GO:0038024;GO:0000380;GO:0045429;GO:0034612;GO:0000187;GO:0005768;GO:1990535;GO:0019904;GO:0032868;GO:0044877;GO:1902438;GO:0010042;GO:0005159;GO:0051897;GO:0042802;GO:0005634;GO:0048639;GO:0005198;GO:0014823;GO:0045202;GO:0097242;GO:0009749;GO:0010310;GO:0032590;GO:0043025;GO:0007186;GO:0032410;GO:0030238;GO:0045444;GO:0021549;GO:0030335;GO:0043423;GO:1990402;GO:0097062;GO:1904638;GO:0008544
B8DN64	GO:0005737;GO:0004055;GO:0006526;GO:0005524
Q9JKT2	GO:0001580;GO:0033038;GO:0004930;GO:0016021;GO:0008527
Q12929	GO:0098978;GO:0007266;GO:0035023;GO:0051016;GO:0005903;GO:0070358;GO:0008360;GO:0010458;GO:0003779;GO:0035591;GO:1900029;GO:0005886;GO:0030832;GO:0008344;GO:0017146;GO:0070062;GO:0031532;GO:0032587;GO:0051017;GO:0036336;GO:0014069;GO:0016601;GO:0031982;GO:0032420;GO:0048149;GO:0048365;GO:0030426;GO:1990830;GO:0005938;GO:0051764;GO:0032426
A0QWV7	GO:0005525;GO:0005524
G9CGD6	GO:0005737;GO:0016020;GO:0009966;GO:2001114
Q5JRC9	
Q6ZU65	GO:0005654;GO:0005615
Q21LR0	GO:0009317;GO:0016743;GO:0003989;GO:0006633;GO:0005524;GO:2001295
C4L523	GO:0009432;GO:0003677;GO:0006281;GO:0006310;GO:0005524;GO:0009378
P39770	GO:0048098;GO:0005634;GO:0000981;GO:0008584;GO:0021782;GO:0007438;GO:0006355;GO:0006357;GO:0035277;GO:0008586;GO:0035155;GO:0000976;GO:0030539;GO:0007605;GO:0042659;GO:0035310;GO:0045466;GO:0007423;GO:0048644;GO:0007424;GO:0045465;GO:0035202;GO:0007525;GO:0001751;GO:0046872;GO:0000381
A0A0B4H8J1	GO:0006633;GO:0016788;GO:0004315;GO:0031177
Q8TF27	GO:0005634;GO:0005096;GO:0046872
O43897	GO:0001501;GO:0005576;GO:0005509;GO:0004222;GO:0022617;GO:0008270;GO:0030154
P32528	GO:0016421;GO:0004039;GO:0004485;GO:0000256;GO:0005739;GO:0043419;GO:0005737;GO:0004847;GO:0005524;GO:0046872
Q6I6G8	GO:0006511;GO:0016567;GO:0048814;GO:2000650;GO:0045732;GO:0061630;GO:0005737;GO:0043161;GO:0030071;GO:0000209;GO:0072686
P31780	GO:0015628;GO:0015627;GO:0016021;GO:0009279
Q99684	GO:1990837;GO:0005634;GO:0034121;GO:0030097;GO:0000122;GO:0032088;GO:0051569;GO:0000083;GO:0000978;GO:0006357;GO:0016363;GO:0016032;GO:0010957;GO:0071222;GO:0000976;GO:0001227;GO:0000790;GO:0003700;GO:0045892;GO:0017053;GO:0070105;GO:0016604;GO:0046872;GO:0010977;GO:0010956
B2C4J3	GO:0019012;GO:0030430;GO:0016787;GO:0039689;GO:0075526;GO:0000166;GO:0039696;GO:0003968
C4L425	GO:0006457;GO:0051082;GO:0005524
Q2R0L0	GO:0046274;GO:0005507;GO:0016491;GO:0048046;GO:0052716
B4S2L3	GO:0003676;GO:0005737;GO:0052914
A3NVY2	GO:0005737;GO:0046872;GO:0000166;GO:0008253
A4WD93	GO:0051539;GO:0046429;GO:0019288;GO:0005506;GO:0016114
P36649	GO:0005507;GO:0010273;GO:0016491;GO:0030288;GO:0016722;GO:0042597;GO:0016724;GO:0046688;GO:0004322;GO:0016682
Q9Y048	GO:0045214;GO:0032224;GO:0040017;GO:0046716;GO:0005277;GO:0007271;GO:0099536;GO:0005737;GO:0005886;GO:0008270;GO:0007529;GO:0016014;GO:0015870;GO:0007626;GO:0008092;GO:0016010;GO:0045202
B4TN47	GO:0005737;GO:0042626;GO:0016887;GO:0005524
A5EXR9	GO:0003723;GO:0051539;GO:0070041;GO:0005506
Q7YR40	GO:0005634;GO:0006281;GO:0007049;GO:0005694
C5E1J9	GO:0061415;GO:0001227;GO:0005634;GO:0006094;GO:0043565;GO:0061414;GO:0008270
P10108	GO:0016055;GO:0005576;GO:0045892;GO:0021797;GO:0005102;GO:0014036
A8N2T3	GO:0005759;GO:0004222;GO:0006627;GO:0046872
P14346	GO:0039686;GO:0046872;GO:0042025;GO:0003896
A5EIB4	GO:0005737;GO:0030145;GO:0070006
Q9GJT2	GO:0042802;GO:0046294;GO:0031410;GO:0052689;GO:0005829;GO:0018738
Q6CUA2	GO:0007007;GO:0005743;GO:0016021
Q8R1G6	GO:0007507;GO:0031941;GO:0003779;GO:0032036;GO:0005912;GO:0051371;GO:0031005;GO:0001725;GO:0061061;GO:0030036;GO:0030018;GO:0046872;GO:0051393;GO:0030864
Q132N5	GO:0051539;GO:0036070;GO:0046872;GO:0019685;GO:0005524;GO:0016730;GO:0016636
Q7WA91	GO:0005198;GO:0071973;GO:0009428;GO:0030288
A6QLA0	GO:0045347;GO:0001227;GO:0005634;GO:0000981;GO:0005730;GO:0061630;GO:0005654;GO:0000122;GO:0005886;GO:0008270;GO:0006355;GO:0000977;GO:0005829;GO:0051865
Q0P5H9	GO:0003682;GO:0003677;GO:0005654;GO:0006281;GO:0005737;GO:0045944
Q60NC0	GO:0007638;GO:0050976;GO:0015280;GO:1905789;GO:0035725;GO:0005887;GO:0044298;GO:1905792
E9Q6J5	GO:0005813;GO:0051721;GO:0032515;GO:0000922;GO:0031297;GO:0000940;GO:0003677;GO:0005654;GO:0005876;GO:0006281;GO:0006974;GO:0004864
A3MWX6	GO:0003924;GO:0048500;GO:0008312;GO:0005525;GO:0006614
A6UQ84	GO:0006096;GO:0046537;GO:0046872
Q3ADX3	GO:0042026;GO:0005737;GO:0051082;GO:0005524
O96363	GO:0042742;GO:0005576;GO:0030246;GO:0045088;GO:0004553;GO:0045087;GO:0005975
B2SPF0	GO:0002161;GO:0005737;GO:0004832;GO:0005524;GO:0006438
A5CER5	GO:0008360;GO:0009252;GO:0007049;GO:0051301;GO:0019277;GO:0008760;GO:0005737;GO:0071555
Q80925	GO:0075521;GO:0042025;GO:0075732;GO:0003677;GO:0044174;GO:0044177;GO:0005198;GO:0046718;GO:0019028
P06457	GO:0075521;GO:0042025;GO:0075732;GO:0003677;GO:0044174;GO:0044177;GO:0005198;GO:0046718;GO:0019028
A0KIC7	GO:0030170;GO:0008710;GO:0009102
Q6ZNJ1	GO:0008104;GO:0070821;GO:0019901;GO:0101003;GO:0030220;GO:0016020;GO:0005886;GO:0005783;GO:0043312;GO:0005829
Q7P190	GO:0019556;GO:0005737;GO:0016153;GO:0019557
Q51404	GO:0010106;GO:0045239;GO:0004333;GO:0006099;GO:0006106
Q65GC0	GO:0030145;GO:0005737;GO:0019569;GO:0008733
Q3BCR5	GO:0032259;GO:0005737;GO:0008119
A0Q3I7	GO:0008878;GO:0005524;GO:0005978
Q05972	GO:0006457;GO:0051082;GO:0009408;GO:1990220;GO:0051085;GO:0005524;GO:0042026
A5EGB0	GO:0008152;GO:0047388;GO:0008882;GO:0000820;GO:0005524;GO:0000287
A1TJ83	GO:0006420;GO:0005737;GO:0004814;GO:0005524
P0C100	GO:0009073;GO:0005737;GO:0009423;GO:0003866
F4KBF5	GO:0042802;GO:0009409;GO:0046104;GO:0005524;GO:0046872;GO:0004797;GO:0090351;GO:0009507;GO:0071897
O13012	GO:0005634;GO:0030520;GO:0005496;GO:0071392;GO:0043565;GO:0008270;GO:0004879;GO:0030284
A4X7Y6	GO:0004357;GO:0005524;GO:0042398
Q48LA4	GO:0005737;GO:0006310;GO:0009295
Q7N5M6	GO:0005198;GO:0071973;GO:0009428;GO:0030288
A0A0K1TPY7	GO:0051539;GO:0016829;GO:0009228;GO:0009236;GO:0046872
P56938	GO:0048034;GO:0005886;GO:0008495;GO:0016021
Q8NDM7	GO:0007288;GO:0005576;GO:0090660;GO:0097729;GO:0120197;GO:0060271;GO:0005930;GO:0003356
Q9UJT2	GO:0019901;GO:0005737;GO:0010923;GO:0005814
Q839T5	GO:0009432;GO:0003677;GO:0006281;GO:0006310;GO:0005524;GO:0009378
P0C872	GO:0004497;GO:0004177;GO:0005634;GO:0004175;GO:0005737;GO:0035064;GO:0046872;GO:0016706;GO:0018126
Q5UR33	GO:0016787
O68045	GO:0003677;GO:0006260;GO:0003887
Q1GDC7	GO:0005840;GO:0003735;GO:0006412
P14543	GO:0005509;GO:0005576;GO:0005518;GO:0005201;GO:0005604;GO:0070062;GO:0007160;GO:0043236;GO:0043237;GO:0043394;GO:0032836;GO:0005886;GO:0071711;GO:0062023;GO:0010811;GO:0030198
Q74ZJ8	GO:0048208;GO:0006914;GO:0005789;GO:0000139;GO:0070973;GO:0012507;GO:0007030;GO:0070971;GO:0070863;GO:0007029;GO:0015031
B4SYY0	GO:0070205;GO:0009234
Q57B80	GO:0004823;GO:0006429;GO:0002161;GO:0005737;GO:0005524
B1XSP4	GO:0006351;GO:0003899;GO:0003677;GO:0008270;GO:0000287
Q3Z6Q4	GO:0051539;GO:0006400;GO:0035596;GO:0005737;GO:0046872
P31007	GO:0030054;GO:0045211;GO:0007391;GO:0007165;GO:0008049;GO:0042332;GO:0045197;GO:0016328;GO:0061176;GO:0005856;GO:0097120;GO:0045167;GO:0042058;GO:0045202;GO:0061060;GO:0016336;GO:0043113;GO:0098609;GO:0043195;GO:0046956;GO:0004385;GO:0030707;GO:0016334;GO:0045179;GO:0005886;GO:0045475;GO:0007617;GO:0031594;GO:0045175;GO:0008104;GO:0001738;GO:0051124;GO:0043005;GO:0016323;GO:0048471;GO:0061689;GO:0016327;GO:0016333;GO:0048149;GO:0051294;GO:0007399;GO:0030714;GO:0005920;GO:0016335;GO:0060581;GO:0001708;GO:0031256;GO:0007318;GO:0005938;GO:0000132;GO:0019991;GO:0045571;GO:0061174;GO:0007268;GO:0045887;GO:0071212;GO:0098839;GO:0005918
Q9VMW9	GO:0042351;GO:0008446;GO:0042350;GO:0005737;GO:0048477;GO:0019673;GO:0045165;GO:0045747
Q4JBL6	GO:0009236;GO:0008168;GO:0046140;GO:0032259
B2IAX9	GO:0004831;GO:0005737;GO:0005524;GO:0003723;GO:0006437
Q7QIQ6	GO:0048477;GO:0005886;GO:0007283;GO:0016021
Q6IUU3	GO:0006457;GO:0016242;GO:0030173;GO:0070062;GO:0016971;GO:0000139;GO:0045171;GO:0071949;GO:0003756;GO:0085029;GO:0005615
Q7NNL4	GO:0030170;GO:0008710;GO:0009102
Q9H172	GO:0033344;GO:0016887;GO:1990830;GO:0055085;GO:0005886;GO:0042626;GO:0042803;GO:0005524;GO:0016021;GO:0046982
Q8DDK6	GO:0004165;GO:0006635;GO:0003857;GO:0004300;GO:0008692;GO:0036125
Q8BL95	GO:0005856;GO:0060271;GO:0005929;GO:0005829;GO:0003352
P0AD68	GO:0000917;GO:0009002;GO:0008360;GO:0009252;GO:0031226;GO:0051301;GO:0008955;GO:0043093;GO:0071555;GO:0042493;GO:0008658;GO:0032153;GO:0005887
C3PKD8	GO:0006400;GO:0016705
Q94C33	GO:0003677;GO:0046872
P43503	GO:0018479;GO:0019439
Q08225	GO:0008239;GO:0006508;GO:0005634;GO:0070006;GO:0005737;GO:0046872
B8ZLG6	GO:0008926;GO:0019594
Q0I0U6	GO:0003697;GO:0006260;GO:0009432;GO:0005737;GO:0006281;GO:0005524
B0TC77	GO:0004017;GO:0005737;GO:0008270;GO:0005524;GO:0044209
B2T3I1	
A7HU88	GO:0043715;GO:0043874;GO:0043716;GO:0019509;GO:0000287;GO:0019284
Q0HWD2	GO:0006260;GO:0003677;GO:0006281;GO:0046872;GO:0003911
Q6HLF1	GO:0051539;GO:0003861;GO:0009098;GO:0046872
Q9VPW1	GO:0007476;GO:0001752;GO:0007526;GO:0008586;GO:0001745
Q8DFM0	GO:0006457;GO:0005737;GO:0051082;GO:0005524
P09519	GO:0042025;GO:0003676;GO:0075732;GO:0039620;GO:0008270;GO:0005198;GO:0046718
Q51LA6	GO:0005681;GO:0000386;GO:0000398;GO:0046872;GO:0030628
P27410	GO:0039694;GO:0006351;GO:0018144;GO:0030430;GO:0004197;GO:0003968;GO:0003724;GO:0005524;GO:0003723;GO:0019028
Q2T9S4	GO:0045721;GO:0000121;GO:0004725;GO:0008967;GO:0098519;GO:0005737;GO:0006114;GO:0006650;GO:0043136;GO:0016311;GO:0000287;GO:0035335;GO:0016791
C1CS48	GO:0004139;GO:0005737;GO:0016052;GO:0009264;GO:0046386
Q9R9M9	GO:0016757;GO:0009244
Q6YPM2	GO:0006457;GO:0031072;GO:0051082;GO:0006260;GO:0005737;GO:0046872
Q7PWT9	GO:0005813;GO:0005768;GO:0008017;GO:0031122;GO:0005874;GO:0030705;GO:0005737;GO:0006897;GO:0051959
P09239	GO:0042026;GO:0005737;GO:0051082;GO:0005524
A8AZI3	GO:0003677;GO:0006351;GO:0032549;GO:0003899
A0RMG7	GO:0051539;GO:0003861;GO:0009098;GO:0046872
Q11KD2	GO:0048034;GO:0005886;GO:0008495;GO:0016021
Q9UR35	GO:0005789;GO:0004128;GO:0005741;GO:0016021
B7MYN6	GO:0003684;GO:0030983;GO:0005524;GO:0006298
Q9ZMX5	GO:0004795;GO:0009088;GO:0030170
Q1MQD8	GO:0019288;GO:0016114;GO:0005524;GO:0050515
A1KIG9	GO:0006520;GO:0044205;GO:0016597;GO:0004070;GO:0006207
Q99YJ7	GO:0055129;GO:0005737;GO:0004349;GO:0005524
P0A3J2	GO:0006457;GO:0051082;GO:0005524
C1DDA7	GO:0008616;GO:0101030;GO:0008479;GO:0046872
Q6L506	GO:0003935;GO:0005737;GO:0008686;GO:0009231;GO:0046872;GO:0005525;GO:0009507
B0U4Z6	GO:0008360;GO:0009252;GO:0007049;GO:0051301;GO:0071555;GO:0005737;GO:0008763;GO:0005524
A9BIU9	GO:0006146;GO:0000034
B2VET7	GO:0016631;GO:0004318;GO:0051287;GO:0006633
Q4QG35	GO:0044208;GO:0046040;GO:0004019;GO:0005737;GO:0097014;GO:0005525;GO:0000287
Q66KK3	
B4F0E9	GO:0008360;GO:0009252;GO:0000902;GO:0009103;GO:0006048;GO:0003977;GO:0071555;GO:0005737;GO:0000287;GO:0009245;GO:0019134
Q6NQ88	GO:0016567;GO:0005634;GO:0009411;GO:0010224;GO:0006281;GO:0046872;GO:0003684;GO:0080008
O04951	GO:0004722;GO:0005777;GO:2000012;GO:0046872;GO:0005829
Q52M93	GO:0000978;GO:0006357;GO:0005634;GO:0001228;GO:0046872
A6T6K7	GO:0019556;GO:0019557;GO:0005737;GO:0050480;GO:0008270;GO:0005506
Q5XGZ2	GO:0008234;GO:0006511;GO:0051301;GO:0007049;GO:0004843;GO:1904667;GO:0005634;GO:0016579;GO:0008270
C5CM03	GO:0009432;GO:0003677;GO:0006281;GO:0006310;GO:0005524;GO:0009378
Q8BK84	GO:0070373;GO:0033549;GO:0005634;GO:0008138;GO:0004725;GO:0005737;GO:0042803;GO:0032991;GO:0042692;GO:0006470;GO:0042593
Q61772	GO:0045211;GO:0098978;GO:0007420;GO:0048013;GO:0031290;GO:0008046;GO:0001934;GO:0072178;GO:0098686;GO:0045499;GO:0048671;GO:0043525;GO:0043065;GO:0048755;GO:0043025;GO:0030425;GO:0005524;GO:0031594;GO:0005887;GO:0005004;GO:0070372;GO:0046875;GO:0005005;GO:0004713;GO:0098685;GO:0007275;GO:0099060;GO:0007411;GO:0043005;GO:0007169;GO:0043281;GO:0004714;GO:0051964;GO:0006915;GO:0031952;GO:0033674;GO:0099061;GO:0099175;GO:0016310;GO:0022407;GO:0043235;GO:0050730
Q6YBV0	GO:0015293;GO:0015827;GO:1904271;GO:0015180;GO:0015808;GO:1904556;GO:0015193;GO:0015171;GO:0015824;GO:0005886;GO:0016021;GO:0015196;GO:0003333
Q21059	GO:0018996;GO:0005576;GO:0001764;GO:0004222;GO:0008270;GO:0035188
Q0BRH4	GO:0051539;GO:0003861;GO:0009098;GO:0046872
A6QQS3	GO:0031410
Q9GRX6	GO:0000266;GO:0006308;GO:0033108;GO:0045041;GO:0045335;GO:0005739;GO:0005634;GO:0051900;GO:0055114;GO:0033615;GO:0046983;GO:0003677;GO:0005758;GO:0071949;GO:0012501;GO:0030261;GO:0140220;GO:0016174;GO:1902882;GO:0016651
A3DF00	GO:0009236;GO:0009163;GO:0008939
C5PDQ4	GO:0005743;GO:0140053
A7I7A4	GO:0016879;GO:0008270;GO:0005524
Q3IEC9	GO:0005840;GO:0003735;GO:0006412
A6QX24	GO:0006465;GO:0045047;GO:0016021;GO:0005787;GO:0004252
Q12TR2	GO:0032259;GO:0015948;GO:0043834
Q6D8V6	GO:0006071;GO:0004371;GO:0005524
Q84K25	GO:0009506;GO:0000139;GO:0009860;GO:0007030;GO:0042803;GO:0017119;GO:0048193;GO:0006891;GO:0015031
B4TQU0	GO:0030170;GO:0008710;GO:0009102
Q6H5L4	GO:0005992;GO:0004805
A8KBF6	GO:0016020;GO:0005912;GO:0005923
A6ZL22	GO:0005576;GO:0031225;GO:0071555;GO:0005886;GO:0005618
Q2W3L2	GO:0030170;GO:0008710;GO:0009102
P11196	GO:0020002;GO:0044172;GO:0044163;GO:0039624;GO:0044168;GO:0016020;GO:0099008;GO:0039665;GO:0019062
P07488	GO:0005198;GO:0039679
Q2GLG1	GO:0009432;GO:0003677;GO:0006281;GO:0006310;GO:0005524;GO:0009378
Q16849	GO:0005634;GO:0035773;GO:0030658;GO:0030141;GO:0005794;GO:0043627;GO:0035335;GO:0051020;GO:0051591;GO:0030507;GO:1904692;GO:0045202;GO:0000302;GO:0043025;GO:0005886;GO:0001553;GO:0016021;GO:0030073;GO:0043204;GO:0044389;GO:0008134;GO:0045944;GO:0019221;GO:0005768;GO:0043679;GO:0032868;GO:1990502
Q0EEE2	GO:0097225;GO:0016020;GO:0016021
P23597	GO:0005886;GO:0009306;GO:0055085;GO:0016021
P93422	GO:0006427;GO:0005739;GO:0005737;GO:0004821;GO:0005524;GO:0005829;GO:0032543
P03261	GO:0042025;GO:0039687;GO:0008408;GO:0003677;GO:0003887;GO:0000166;GO:0006261
Q86XK2	GO:0006511;GO:0016567;GO:0042981;GO:0005634;GO:0005730;GO:0005654;GO:0006464;GO:0005737;GO:0007605;GO:0043687;GO:0000209;GO:0005694;GO:0008270;GO:0005829;GO:0004842;GO:0000151;GO:0016274
P60837	GO:0000105;GO:0006427;GO:0005737;GO:0004821;GO:0005829
Q07975	GO:0070180;GO:0005840;GO:0003735;GO:0006412
P0DPA5	GO:0016740
A9MXI3	GO:0006457;GO:0031072;GO:0051082;GO:0006260;GO:0009408;GO:0005737;GO:0008270;GO:0005524
Q7VCH9	GO:0070038;GO:0005737
Q04264	GO:0051301;GO:0042138;GO:0005634;GO:0035808;GO:0007076;GO:0006281;GO:0007064;GO:0000785;GO:0007129;GO:0005198;GO:0000794;GO:0051321;GO:0006302;GO:0005829
O43077	GO:0030437;GO:0005634;GO:0035556;GO:0005737;GO:0005524;GO:0004707;GO:0004674;GO:0023052;GO:0010468
C7GQJ1	GO:0005576;GO:0031225;GO:0071555;GO:0005886;GO:0005618
P52743	GO:0003677;GO:0005634;GO:0046872
Q09472	GO:0016573;GO:0007507;GO:0061920;GO:0007519;GO:0010742;GO:0005654;GO:0018076;GO:0043627;GO:0031490;GO:0007219;GO:0001666;GO:0045652;GO:0031648;GO:0030511;GO:0140069;GO:0050821;GO:0008022;GO:0140068;GO:0004402;GO:0005829;GO:0035257;GO:0009887;GO:0016579;GO:0016746;GO:1904837;GO:0050681;GO:0001102;GO:0090043;GO:0006915;GO:0032092;GO:0001085;GO:0006355;GO:0036268;GO:0000123;GO:0003684;GO:0045893;GO:0030324;GO:0010976;GO:0000978;GO:0005694;GO:0007611;GO:0004468;GO:0018394;GO:0045721;GO:0003682;GO:0006977;GO:0005667;GO:0006990;GO:0045944;GO:0007399;GO:0061418;GO:0003677;GO:0140067;GO:0030183;GO:0045747;GO:0032481;GO:0097677;GO:0008013;GO:0010821;GO:0051059;GO:0035855;GO:0016032;GO:0035264;GO:0140065;GO:1901224;GO:0007221;GO:0010506;GO:0008134;GO:0002209;GO:0060765;GO:0018393;GO:0001756;GO:0006283;GO:0006110;GO:0006473;GO:0002039;GO:0034644;GO:0033613;GO:0061733;GO:0045815;GO:0042771;GO:0005634;GO:0140066;GO:0000122;GO:0002223;GO:0032993;GO:0031333;GO:0043967;GO:1901796;GO:0006475;GO:0048156;GO:0007623;GO:0016407;GO:0060325;GO:1905636;GO:0043969;GO:0051091;GO:0045444;GO:0043923;GO:1900034;GO:0097157;GO:0000977;GO:0030220;GO:0061921;GO:0003713;GO:0051726;GO:0008270;GO:0001966
O67605	GO:0006007;GO:0042802;GO:0070095;GO:0051289;GO:0005945;GO:0016208;GO:0061621;GO:0006002;GO:0005524;GO:0046872;GO:0003872;GO:0048029;GO:0030388
Q9ZML9	GO:0002098;GO:0050660;GO:0005737
Q28VY4	GO:0006457;GO:0031072;GO:0051082;GO:0006260;GO:0009408;GO:0005737;GO:0008270;GO:0005524
Q9JZR3	GO:0001510;GO:0008173;GO:0070039;GO:0003723;GO:0005829
A1AF46	GO:0051978;GO:0005886;GO:0016021
B7VK59	GO:0003684;GO:0030983;GO:0005524;GO:0006298
P50442	GO:0007584;GO:0005743;GO:0010033;GO:0005739;GO:0007611;GO:0015068;GO:0042246;GO:0120162;GO:0005758;GO:0046689;GO:0007275;GO:0043434;GO:0014889;GO:0006979;GO:0006600;GO:0015067;GO:1990402;GO:0006601
F4I7C7	GO:0090306;GO:0051301;GO:1990571;GO:0005634;GO:0060623;GO:0045132;GO:0009793;GO:0000070;GO:0045144;GO:0005694;GO:0071922;GO:0010789
C0M8Y3	GO:0006397;GO:0008033;GO:0005737;GO:0006364;GO:0016075;GO:0046872;GO:0019843;GO:0004525
Q5AED9	GO:0005681;GO:0005634;GO:0045131;GO:0003729;GO:0000398;GO:0008270;GO:0000381
C6DD82	GO:0033737;GO:0019477;GO:0051287;GO:0019145;GO:0009447
A5W6G9	GO:0006635;GO:0005737;GO:0003988
Q0PGG7	GO:0003700;GO:0001666;GO:1904115;GO:2000434;GO:0005634;GO:0019896;GO:0046982;GO:0061419;GO:0071456;GO:0043565;GO:0016607;GO:0010575;GO:0035035;GO:0005829;GO:0045893;GO:0045944
Q5UQW3	GO:0016021
Q0BPN7	GO:0005737;GO:0004045;GO:0006412
Q75WB5	GO:0005829;GO:0006749;GO:0005524;GO:0017168
Q09780	GO:0004496;GO:0005634;GO:0019287;GO:0006696;GO:0005524;GO:0000287;GO:0005829
Q6Z6G6	GO:0002143;GO:0032447;GO:0000049;GO:0002144;GO:0016779
A0AJK8	GO:0030956;GO:0016787;GO:0050567;GO:0005524;GO:0006412
Q6AY92	GO:0016020;GO:0022857;GO:0055085;GO:0016021
Q9STY0	GO:0042802;GO:0005777;GO:0005779;GO:0007031;GO:0044375;GO:0005829;GO:0005778;GO:0016559
Q9HBX9	GO:0009755;GO:0004930;GO:0007189;GO:0005886;GO:0008528;GO:0046872;GO:0005887;GO:0007190;GO:0007186
Q06820	GO:0000266;GO:0007005;GO:0005739;GO:0000001;GO:0005737;GO:0051646
A0LM36	GO:0046677;GO:0015562;GO:0008559;GO:0016887;GO:0005524;GO:0005887;GO:1990961
Q66862	GO:0042025;GO:0006260;GO:0016888;GO:0019071;GO:0016887;GO:0018142;GO:0003677;GO:0003724;GO:0005524;GO:0046872;GO:0003723;GO:0016779
I1WW99	GO:0051539;GO:0051745;GO:0019288;GO:0050992;GO:0046872;GO:0016114
Q9LXL9	GO:0003700;GO:0005634;GO:0003677;GO:0071333;GO:0016021
Q9I407	GO:0042597;GO:0050417;GO:0004067;GO:0006530
G2SYC0	GO:0006083;GO:0046358;GO:0008775;GO:0006084;GO:0019679;GO:0003986
Q810Y8	GO:0070372;GO:0045892;GO:0019827;GO:0008284;GO:0043066;GO:0005737;GO:0001825;GO:0045596
Q70JS2	GO:0005737;GO:0003779;GO:0005856
P59584	GO:0009626;GO:0043531;GO:0005524
Q9HB55	GO:0070330;GO:0004497;GO:0050649;GO:0005789;GO:0008395;GO:0101020;GO:0008202;GO:0070989;GO:0005506;GO:0020037
Q5PCX7	GO:0006635;GO:0005737;GO:0003988
O16391	GO:0005634;GO:0003700;GO:0043565;GO:0008270
P63239	GO:0042802;GO:0030133;GO:0043043;GO:0004175;GO:0016485;GO:0016486;GO:0034774;GO:0005788;GO:0016020;GO:0043005;GO:0005615;GO:0004252
B4F134	GO:0005737;GO:0008743;GO:0008270;GO:0019518
Q2KDW6	GO:0006457;GO:0051082;GO:0005524
Q12276	GO:0005737;GO:0007029;GO:0005739
P34756	GO:0046872;GO:0005739;GO:0000285;GO:0032266;GO:0010008;GO:0000329;GO:0005524;GO:0070772;GO:0046854
A9IKK0	GO:0006541;GO:0003922;GO:0005524;GO:0016462
Q4WAZ9	GO:0044550;GO:1900790;GO:0019184;GO:0016874;GO:0006633;GO:0019748;GO:0004315;GO:0031177
Q72RN8	GO:0006094;GO:0000287;GO:0005737;GO:0042132
B4RMB1	GO:0003723;GO:0031119;GO:0106029
Q42510	GO:0042802;GO:0001736;GO:0010274;GO:0009793;GO:0000911;GO:0042803;GO:0010008;GO:0032012;GO:0016192;GO:0048765;GO:0071555;GO:0005886;GO:0005829;GO:0032509;GO:0009826;GO:0009942;GO:0010087;GO:0005086;GO:0048209;GO:0070417;GO:0005768;GO:0010540;GO:0009880;GO:0007155;GO:0006897;GO:0010311;GO:0015031
Q839B3	GO:0016879;GO:0005737;GO:0006400;GO:0005524
Q6AYJ1	GO:0032508;GO:0003678;GO:0036310;GO:0000733;GO:0043138;GO:0000724;GO:0003677;GO:0005654;GO:0005737;GO:0006281;GO:0006310;GO:0005524;GO:0005694;GO:0006268;GO:0009378
B4SRG1	GO:0046872;GO:0000049;GO:0005737;GO:0005524;GO:0006431;GO:0004825
P39133	
A1V4L3	GO:0005737;GO:0046872;GO:0000166;GO:0008253
P06429	GO:0003700;GO:0006351;GO:0039502;GO:0042025;GO:0030430;GO:0019904;GO:0003677;GO:0039645;GO:0046872
A0PNH1	GO:0008152;GO:0047388;GO:0008882;GO:0000820;GO:0005524;GO:0000287
A0QR17	GO:0006782;GO:0050661;GO:0008883
Q88MB9	GO:0003723;GO:0051539;GO:0070041;GO:0005506
Q9Y297	GO:0006511;GO:0038095;GO:0070936;GO:0050852;GO:0045862;GO:1901990;GO:0016874;GO:0007165;GO:0005654;GO:0002223;GO:0048511;GO:0031146;GO:0008013;GO:0045893;GO:0016567;GO:0016055;GO:0051403;GO:0031648;GO:0016032;GO:0061630;GO:0038061;GO:0005829;GO:0043687;GO:1990757;GO:0045879;GO:0042753;GO:1990756;GO:0000086;GO:0071407;GO:0033598;GO:1904668;GO:0060444;GO:0042752;GO:0006470;GO:0060828;GO:0045892;GO:0019005;GO:0070498;GO:0046983;GO:0043122;GO:0043161;GO:0061136;GO:0043433;GO:0000209;GO:0045309
B2U8X6	GO:0017168;GO:0005524;GO:0005975
C0SP90	GO:0046872;GO:0030435;GO:0020037;GO:0005886;GO:0009055;GO:0016021;GO:0019646;GO:0070069;GO:0016682
Q3YZU3	GO:0070205;GO:0009234
Q8GU86	GO:0042626;GO:0005524;GO:0016021
P36778	GO:0003700;GO:0006351;GO:0042025;GO:0006260;GO:0006275;GO:0003677;GO:0000166;GO:0039693
Q8TD84	GO:0098632;GO:0048704;GO:0007420;GO:0045202;GO:0007417;GO:0016021;GO:0007156;GO:0009953;GO:0005886;GO:0009986;GO:0042803;GO:0007411;GO:0005615;GO:0070593;GO:0001709;GO:0030424;GO:0007409
Q9GPJ1	GO:0005819;GO:0051225;GO:0051301;GO:0005874;GO:0005634;GO:0005730;GO:0005737;GO:0005700;GO:0006997;GO:0005198;GO:0051321
P0CQ04	GO:0005886;GO:0043332;GO:0032220;GO:0016021
Q8NEZ4	GO:0097692;GO:0045652;GO:0042393;GO:0005634;GO:0003677;GO:0005654;GO:0003713;GO:0035097;GO:0042800;GO:0016746;GO:0046872;GO:0003723;GO:0044666;GO:0042054;GO:0045944
Q9NWM3	
O32037	GO:0061504;GO:0008641;GO:0061503;GO:0005524
Q621J7	GO:0005813;GO:0007099;GO:0000278;GO:0005634;GO:0000922;GO:0032465;GO:0005737;GO:0007275;GO:0005524;GO:0005814;GO:0004674
C1CCG5	GO:0008926;GO:0019594
Q6ATB4	GO:0005509;GO:0015969;GO:0008728;GO:0016301;GO:0005524;GO:0005525;GO:0009507
O14841	GO:0042802;GO:0006749;GO:0006750;GO:0017168;GO:0005524;GO:0005829
P0C624	GO:0005737;GO:0008180
A3NA65	GO:0005737;GO:0046872;GO:0000166;GO:0008253
Q1JAG2	GO:0055129;GO:0005737;GO:0004349;GO:0005524
B7ZQJ9	GO:0006366;GO:0008134;GO:0000976;GO:0045892;GO:0046332;GO:0005634;GO:0005667;GO:0000122;GO:0007275;GO:0032925;GO:0045893;GO:0045944
P0DD22	GO:0055129;GO:0005737;GO:0004349;GO:0005524
A9HJ49	GO:0005737;GO:0006427;GO:0004821;GO:0005524
Q5THJ4	GO:0045053;GO:0070062;GO:0007005;GO:0006623;GO:1901526;GO:0019898
Q9UFH2	GO:0003777;GO:0036126;GO:0060285;GO:0005874;GO:0030286;GO:0003341;GO:0036158;GO:0005858;GO:0005930;GO:0005524;GO:0031514;GO:0007018;GO:0036157;GO:0008569;GO:0051959;GO:0045505
Q9Z8R4	GO:0006265;GO:0003677;GO:0003918;GO:0005737;GO:0005694;GO:0005524;GO:0006261
T2KN75	GO:0042597;GO:0046872;GO:0004566;GO:0005975
B4EZT3	GO:0051539;GO:0046429;GO:0019288;GO:0005506;GO:0016114
Q8ZH72	GO:0009982;GO:0000455;GO:0008033;GO:0106029;GO:0003723
P64676	GO:0046872
Q00968	GO:0008083;GO:0005509;GO:0045740;GO:0005886;GO:0046425;GO:0016021;GO:0043388
Q13F24	GO:0008666;GO:0005737;GO:0009089;GO:0019877
P63240	GO:0030133;GO:0016486;GO:0016485;GO:0016020;GO:0043005;GO:0005615;GO:0004252
P00646	GO:0005727;GO:0032413;GO:0042742;GO:0044325;GO:0019835;GO:0043022;GO:0009405;GO:0004519;GO:0003723
A8YVQ3	GO:0006457;GO:0051082;GO:0005524
Q3TEA8	GO:0005634;GO:0006334;GO:0071456;GO:0000786;GO:0003677;GO:0097298;GO:0070828;GO:0016607;GO:0005694;GO:0006355;GO:0042127;GO:0031491
Q87TR5	GO:0005886;GO:0032977;GO:0015031;GO:0016021
A1KQF8	GO:0005886;GO:0016021
Q5FGD5	GO:0006526;GO:0046983;GO:0005737;GO:0003942;GO:0051287
A2QNQ5	GO:0006914;GO:0032120;GO:0030259;GO:0016906;GO:0016126;GO:0102205;GO:0102202;GO:0034045;GO:0102203;GO:0015031;GO:0005975
Q6DJI9	GO:0005681;GO:0006397;GO:0008380;GO:0008270;GO:0003723
A5CT74	GO:0006308;GO:0009318;GO:0008855;GO:0003676;GO:0005737
Q15940	GO:0000978;GO:0006357;GO:0005634;GO:0000981;GO:0046872
D4GU71	GO:0045232;GO:0016491;GO:0006486
B2HFA4	GO:0051539;GO:0006777;GO:0019008;GO:1904047;GO:0046872;GO:0005525;GO:0061798
A2R472	GO:0016740;GO:0005739
Q9WXW3	GO:0008360;GO:0009252;GO:0007049;GO:0051301;GO:0019277;GO:0008760;GO:0005737;GO:0071555
P51666	GO:0000978;GO:0005739;GO:0005634;GO:0046982;GO:0045786;GO:0001228;GO:0005667;GO:0043565;GO:0045444;GO:0035259;GO:0061469;GO:0008270;GO:0000977;GO:0071376;GO:0045944;GO:0004879
B2S7T0	GO:0009073;GO:0005737;GO:0009423;GO:0003866
P26025	GO:0043190;GO:0022857;GO:0015772;GO:0009877
Q0TEH1	GO:0000160;GO:0003700;GO:0008134;GO:0003677;GO:0005524
O26909	GO:0004139;GO:0005737;GO:0016052;GO:0009264;GO:0046386
B6JP11	GO:0004125;GO:0005737;GO:0001514;GO:0097056
Q17R98	GO:0005634;GO:0003677;GO:0046872;GO:0045944;GO:0010468
Q163Q5	GO:0005886;GO:0048038;GO:0051287;GO:0050136
Q1QT66	GO:0006430;GO:0005737;GO:0004824;GO:0005524;GO:0000287
P48365	GO:0017137;GO:0016192;GO:0090630;GO:0006886;GO:0005737;GO:0032889;GO:0005829;GO:0005096
Q17CH9	GO:0005634;GO:0036265;GO:0030488
A1AEP9	GO:0000160;GO:0003700;GO:0008134;GO:0003677;GO:0005524
A6TM73	GO:0000287;GO:0000162;GO:0004048
A4YER6	GO:0050661;GO:0004324;GO:0050660
A6VUR6	GO:0009014;GO:0009089;GO:0050897;GO:0008270;GO:0019877
Q50EA3	GO:0016491;GO:0016798
Q89YZ6	GO:0005829;GO:0008483;GO:0019464;GO:0004047
P26821	GO:0042026;GO:0005737;GO:0051082;GO:0005524
O04539	GO:0016575;GO:0003714;GO:0000118;GO:0000122;GO:0000785
Q87JI2	GO:0005198;GO:0071973;GO:0009428;GO:0030288
Q47LZ5	GO:0005886
A8H771	GO:0003887;GO:0005737;GO:0006281;GO:0000287;GO:0003684;GO:0006261
P19491	GO:0042802;GO:0099544;GO:0045211;GO:0030165;GO:0004971;GO:0098978;GO:0036477;GO:0019901;GO:0051966;GO:0051117;GO:0043198;GO:0008021;GO:0030672;GO:0005783;GO:0008328;GO:0097060;GO:1904315;GO:0008092;GO:0031623;GO:0001919;GO:0045202;GO:0015277;GO:0032839;GO:0032281;GO:0043195;GO:0032279;GO:0043025;GO:0009986;GO:0035235;GO:0005886;GO:0016020;GO:0030425;GO:0004970;GO:0043204;GO:0005887;GO:0043197;GO:0098839;GO:0042734;GO:0005789;GO:0001540;GO:0005234;GO:0098685;GO:0043005;GO:0050806;GO:0014069;GO:0038023;GO:0060992;GO:0010226;GO:0035254;GO:0099061;GO:0051262;GO:0045184;GO:0030426;GO:0099056;GO:0019865;GO:0007268;GO:0032991;GO:0000149;GO:0015276
Q4V8E9	GO:1990837;GO:0000978;GO:0003682;GO:0006357;GO:0005634;GO:0000981;GO:1900112;GO:0005730;GO:0051402;GO:1990009;GO:0043565;GO:0005737;GO:0046328;GO:0046872;GO:0005166;GO:0097191
Q4ZW36	GO:0005737;GO:0006310;GO:0009295
Q6NUX0	GO:0004867;GO:0008191;GO:0005576
Q1J5F5	GO:0055129;GO:0005737;GO:0004349;GO:0005524
A3MA88	GO:0006457;GO:0031072;GO:0051082;GO:0006260;GO:0009408;GO:0005737;GO:0008270;GO:0005524
Q9UYV2	GO:0004817;GO:0005737;GO:0005524;GO:0008270;GO:0006423
Q9EQJ9	GO:0030054;GO:0005634;GO:0043507;GO:0007165;GO:0060090;GO:0005737;GO:0005886;GO:0005923;GO:0005524;GO:0005911;GO:0005109
Q9P4U6	GO:0004673;GO:0000156;GO:0005886;GO:0000161;GO:0000155;GO:0005524;GO:0007234;GO:0006468;GO:0005887
Q02184	GO:0016829;GO:0030089
P19175	GO:0003677;GO:0006351;GO:0032549;GO:0003899
B2RRD7	GO:0001570;GO:0042393;GO:0005634;GO:0035726;GO:0043972;GO:0044154;GO:0043966;GO:0003677;GO:0001841;GO:0005737;GO:0005886;GO:0048145;GO:0070776;GO:0005694;GO:0046872;GO:0000123;GO:0045893;GO:0005829
P0CAP1	GO:0030054;GO:0035556;GO:0005856;GO:0031674;GO:0030018;GO:0031234
Q9JYZ2	GO:0006308;GO:0009318;GO:0008855;GO:0003676;GO:0005737
P15309	GO:0042802;GO:0051930;GO:0042131;GO:0060168;GO:0005634;GO:0042803;GO:0046085;GO:0006772;GO:0005765;GO:0030175;GO:0005886;GO:0035577;GO:0052642;GO:0016021;GO:0043312;GO:0016311;GO:0016791;GO:0007040;GO:0070062;GO:0005764;GO:0009117;GO:0006144;GO:0008253;GO:0012506;GO:0003993;GO:0005615
B2TJ39	GO:0003700;GO:0045892;GO:0003677;GO:0005737;GO:0005525
Q7TQF2	GO:0006511;GO:0016567;GO:0042981;GO:0006915;GO:0005737
Q5UQK8	GO:0046872
Q88XY8	GO:0003924;GO:0003746;GO:0005737;GO:0005525
Q114R3	GO:0006457;GO:0031072;GO:0051082;GO:0006260;GO:0009408;GO:0005737;GO:0008270;GO:0005524
P30835	GO:0006007;GO:0042802;GO:0005945;GO:0016208;GO:0070061;GO:0048029;GO:0061615;GO:0030388;GO:0006096;GO:0004331;GO:0009749;GO:0051289;GO:0016020;GO:0005524;GO:0019900;GO:0005829;GO:0003872;GO:0070095;GO:0046676;GO:0061621;GO:0005975;GO:0006002;GO:0046872
P15207	GO:0043410;GO:0060571;GO:0003382;GO:0060748;GO:0006357;GO:0045597;GO:0030425;GO:0019098;GO:0000790;GO:0007620;GO:0043565;GO:0071383;GO:0030521;GO:0050681;GO:0050680;GO:0001228;GO:2001237;GO:0048608;GO:0060520;GO:0072520;GO:0005496;GO:0001085;GO:0033327;GO:0030518;GO:0045720;GO:0051117;GO:0008584;GO:0060736;GO:0005102;GO:0006355;GO:0030424;GO:0045893;GO:0000978;GO:0060742;GO:0060685;GO:0019102;GO:0046661;GO:0009987;GO:0005886;GO:0001091;GO:0032355;GO:0004879;GO:0003682;GO:0008284;GO:0030522;GO:0045945;GO:0060769;GO:0045944;GO:0042327;GO:0070974;GO:0003677;GO:0033574;GO:0060749;GO:0001225;GO:0007283;GO:0014734;GO:0048638;GO:0008049;GO:0001701;GO:0060740;GO:0071372;GO:0008013;GO:0019899;GO:0035264;GO:0008134;GO:0048645;GO:0003700;GO:0019904;GO:0032868;GO:0033148;GO:0051092;GO:0032991;GO:0003073;GO:0061458;GO:0010468;GO:0005634;GO:0008285;GO:0030520;GO:0060406;GO:0005737;GO:0000122;GO:0045726;GO:0007338;GO:0016607;GO:0009566;GO:0010628;GO:0000976;GO:1903076;GO:0071394;GO:0043568;GO:0048808;GO:0005497;GO:0045892;GO:0071391;GO:0060599;GO:0032553;GO:0008270
A8GFH0	GO:0042780;GO:0003676;GO:0008408;GO:0005737;GO:0000166;GO:0033890
P32304	GO:0004930;GO:0042322;GO:0008021;GO:0051412;GO:0010976;GO:0007192;GO:0030594;GO:0005791;GO:0060073;GO:0007210;GO:0043025;GO:0030425;GO:2000300;GO:0007623;GO:0007187;GO:0048266;GO:0005887;GO:0050966;GO:0099055;GO:0014832;GO:0007613;GO:0062086;GO:0014063;GO:0060291;GO:0043679;GO:0004993;GO:0099056;GO:0071542;GO:0007268;GO:0042310
B3PXH3	GO:0006457;GO:0051082;GO:0005524
A8A1H0	GO:0030091;GO:0042597;GO:0043546;GO:0046872;GO:0016672
O67757	GO:0031564;GO:0006354;GO:0032784;GO:0005829;GO:0006353
B4TAY8	GO:0005737;GO:0042626;GO:0016887;GO:0005524
Q9U3B6	GO:0051731;GO:0005634;GO:0005730;GO:0006396;GO:0000448;GO:0006364;GO:0005524
Q8TT55	GO:0004152;GO:0004589;GO:0005737;GO:0044205;GO:0006207
Q9JJ79	GO:0007507;GO:0045880;GO:0016485;GO:0021522;GO:0005868;GO:0005794;GO:0030326;GO:0031514;GO:0045177;GO:0051959;GO:0030286;GO:0005886;GO:0007030;GO:0005930;GO:0005524;GO:0001822;GO:0035721;GO:0045505;GO:1905515;GO:0060976;GO:0009953;GO:0060271;GO:0007018;GO:0030900;GO:0007368;GO:0030182;GO:0005874;GO:0061512;GO:0008569
B8H2S1	GO:0019556;GO:0005737;GO:0004397;GO:0019557
O74522	GO:0000978;GO:0005634;GO:0000981;GO:0007155;GO:0005737;GO:0010811;GO:0032153;GO:0045944
Q86VY4	GO:0003682;GO:0040008;GO:0042393;GO:0005634;GO:0006334;GO:0008284;GO:0031398;GO:0071480;GO:0051897
B5YK66	GO:0055129;GO:0004350;GO:0005737;GO:0050661
Q0HX56	GO:0005737;GO:0006427;GO:0004821;GO:0005524
O15020	GO:0030054;GO:0098978;GO:0000165;GO:0006888;GO:0051693;GO:0045296;GO:0098918;GO:0003779;GO:0016192;GO:0035264;GO:0043025;GO:0005829;GO:0021692;GO:0098793;GO:0005200;GO:0007411;GO:0008091;GO:0005543;GO:0016324;GO:0019886;GO:0007416;GO:0005615;GO:0030534
A8F977	GO:0006351;GO:0003899;GO:0003677;GO:0008270;GO:0000287
Q8T137	GO:0045454;GO:0031154;GO:0006749;GO:0004362;GO:0005739;GO:0043295;GO:0050660;GO:0034599;GO:0050661;GO:0005829
Q3V0L5	
Q6NUC6	GO:0000288;GO:0000932;GO:0003725;GO:0010494;GO:0071347;GO:0061014;GO:0042129;GO:0010608;GO:0035613;GO:0000209;GO:0046872;GO:0003730;GO:0000956;GO:0061158;GO:0004842
Q8RI93	GO:0065002;GO:0006605;GO:0031522;GO:0015462;GO:0017038;GO:0005524;GO:0046872;GO:0043952;GO:0005829;GO:0005887
Q4I9B7	GO:0005819;GO:0051301;GO:0007049;GO:0005874;GO:0005634;GO:0005737
O06942	GO:0006457;GO:0051082;GO:0005524
P24936	GO:0042025;GO:0019012;GO:0019028;GO:0031423
B3SRX5	GO:0020002;GO:0044172;GO:0044163;GO:0039624;GO:0044168;GO:0016020;GO:0099008;GO:0039665;GO:0019062
Q8ER25	GO:0004479
P9WJC2	GO:0009405;GO:0005576
P9WFZ0	GO:0016429;GO:0031515
Q8TZ12	GO:0004812;GO:0050567;GO:0005737;GO:0005524;GO:0006412
P36773	GO:0034605;GO:0004176;GO:0043565;GO:0005737;GO:0005524;GO:0006515;GO:0004252
Q6LYD8	GO:0015948;GO:0051912
Q9DBT4	GO:0030173;GO:0031410;GO:0097637;GO:0045134
B7ZRM8	GO:0039013;GO:0072196;GO:0039022;GO:0003677;GO:0016607;GO:0046872
Q01371	GO:0005634;GO:0018298;GO:0043565;GO:0008270;GO:0006355;GO:0050896;GO:0009881
Q7T1K4	GO:0003700;GO:0030521;GO:0005634;GO:0043565;GO:0005737;GO:0008270;GO:0006355;GO:0005497;GO:0050681;GO:0004879;GO:0005496
A4HWT0	GO:0005634;GO:0005759;GO:0052906
B7M1Y5	GO:0009245;GO:0008915
Q99KG5	GO:0030228;GO:1904274;GO:0061436;GO:0061833;GO:0019216;GO:0034362;GO:0042627;GO:0001889;GO:0005886;GO:0060856;GO:0034361;GO:0016021;GO:0030169;GO:0042953;GO:0061689
O13648	GO:0019919;GO:0043022;GO:0005737;GO:0005840;GO:0046872;GO:0005829;GO:0042254;GO:0008168;GO:0016274
P0C866	GO:0006886;GO:0005802;GO:0031410;GO:0099041
Q96YF6	GO:0006231;GO:0050660;GO:0032259;GO:0006235;GO:0050797
Q8JZW8	GO:0003676;GO:0005730;GO:0008270
O82730	GO:0006631;GO:0035250;GO:0019374;GO:0009707;GO:0009247;GO:0046509;GO:0016036
P79293	GO:0030016;GO:0032982;GO:0005516;GO:0030017;GO:0005524;GO:0051015;GO:0003774;GO:0016459
A0K8F6	GO:0009014;GO:0009089;GO:0050897;GO:0008270;GO:0019877
Q4R731	
Q6C7D7	GO:0003697;GO:1902977;GO:0031261;GO:0000733;GO:0006270;GO:0005737;GO:0003688;GO:0000727
Q39UC4	GO:0006094;GO:0000287;GO:0005737;GO:0042132
Q3BXQ3	GO:0016992;GO:0051539;GO:0005737;GO:0102553;GO:0046872;GO:0102552;GO:0009249
Q9JIS1	GO:0044325;GO:0048167;GO:0017157;GO:0042995;GO:0098978;GO:0006887;GO:0016082;GO:0016081;GO:0045202;GO:0019933;GO:1903861;GO:0097151;GO:0098982;GO:2000300;GO:0030073;GO:0007269;GO:0010628;GO:0042734;GO:0048791;GO:0050806;GO:0098882;GO:2000463;GO:0017137;GO:0019904;GO:0060077;GO:0044877;GO:0061669;GO:0006886;GO:0042391;GO:0046872;GO:0032991;GO:0098831;GO:0048788;GO:0017156
Q9C7X0	GO:0007165;GO:0050135;GO:0034644;GO:0061809;GO:0006952;GO:0005737;GO:0005524;GO:0009817;GO:0002229;GO:0043531
C1C6H7	GO:0004139;GO:0005737;GO:0016052;GO:0009264;GO:0046386
C4Z541	GO:0003924;GO:0003746;GO:0043022;GO:0005886;GO:0045727;GO:0005525
Q58123	GO:0046944;GO:0003725;GO:0016743;GO:0051604;GO:0016874;GO:0008270
Q9H2D6	GO:0120044;GO:0007015;GO:0005925;GO:0005815;GO:0007049;GO:0030047;GO:0005634;GO:0017049;GO:0030496;GO:0045159;GO:0051301;GO:1900026;GO:0007605;GO:0005737;GO:0051015;GO:0031625;GO:0015629;GO:0060088;GO:0051016
Q9WV18	GO:0038037;GO:0045211;GO:0098978;GO:0099579;GO:0008285;GO:0045121;GO:0005737;GO:0043198;GO:0008021;GO:0097060;GO:0004965;GO:0007194;GO:0046982;GO:1902710;GO:0007193;GO:0032811;GO:0043025;GO:0016020;GO:0098982;GO:0043231;GO:0060124;GO:0005887;GO:0043197;GO:0008134;GO:0042734;GO:0033602;GO:0099055;GO:0001649;GO:0005789;GO:0014048;GO:0004888;GO:0098793;GO:0098685;GO:0043005;GO:0030673;GO:0050805;GO:0150099;GO:0014053;GO:0099056;GO:1990430;GO:0007214;GO:0014049;GO:0031966;GO:0005615;GO:0038039
Q9Z0U4	GO:0038037;GO:0045211;GO:0098978;GO:0099579;GO:0008285;GO:0045121;GO:0005737;GO:0043198;GO:0008021;GO:0097060;GO:0004965;GO:0007194;GO:0046982;GO:1902710;GO:0007193;GO:0032811;GO:0043025;GO:0016020;GO:0098982;GO:0043231;GO:0043204;GO:0060124;GO:0005887;GO:0043197;GO:0008134;GO:0042734;GO:0033602;GO:0099055;GO:0001649;GO:0005789;GO:0014048;GO:0004888;GO:0098793;GO:0098685;GO:0043005;GO:0045471;GO:0030673;GO:0050805;GO:0150099;GO:0014053;GO:1990430;GO:0007214;GO:0014049;GO:0031966;GO:0005615;GO:0035094;GO:0038039
O14319	GO:0006511;GO:0007165;GO:0043130;GO:0005737;GO:0031624
Q669Z6	GO:0000049;GO:0005737;GO:0005524;GO:0004826;GO:0000287;GO:0006432
Q28UR2	GO:0003991;GO:0005737;GO:0042450;GO:0005524
Q96SR6	GO:0003700;GO:0000978;GO:0006357;GO:0000790;GO:0046872
P70196	GO:0007250;GO:0042802;GO:0042981;GO:0050852;GO:0042088;GO:0005634;GO:0001843;GO:0019901;GO:0043011;GO:0007165;GO:0047485;GO:0070555;GO:0005737;GO:0000122;GO:0043123;GO:0007249;GO:0004842;GO:0032147;GO:0048661;GO:0051865;GO:0006974;GO:0016567;GO:0005164;GO:0006955;GO:0035631;GO:0031435;GO:0042826;GO:0061630;GO:0070534;GO:0005886;GO:0032991;GO:0046330;GO:0005829;GO:0032743;GO:2000679;GO:1901224;GO:0051023;GO:0001503;GO:0071222;GO:0043507;GO:0051091;GO:0071345;GO:0009887;GO:0031666;GO:0032755;GO:0046849;GO:0045453;GO:0031625;GO:0043422;GO:0042475;GO:0033209;GO:0048471;GO:0045944;GO:0019221;GO:0031996;GO:0045892;GO:0030316;GO:0009898;GO:0070498;GO:0007254;GO:0043122;GO:0005938;GO:0019886;GO:0048468;GO:1904996;GO:0042102;GO:0045672;GO:0000209;GO:0008270;GO:0031624;GO:0051092;GO:0002726;GO:0032735;GO:0005811
Q2KWI6	GO:0006402;GO:0006396;GO:0005737;GO:0004654;GO:0003723;GO:0000287
Q9HA47	GO:0043097;GO:0044206;GO:0044211;GO:0004849;GO:0016301;GO:0005524;GO:0005829
P04786	GO:0003917;GO:0006357;GO:0006260;GO:0005634;GO:0005730;GO:0006265;GO:0006338;GO:0000019;GO:0007097;GO:0000183;GO:0003677;GO:0005654;GO:0006333;GO:0006368;GO:0007059;GO:0007076;GO:0031298;GO:0009303;GO:0006271
P57968	GO:0008233;GO:0016887;GO:0009376;GO:0043335;GO:0005524
P38248	GO:0031505;GO:0005576;GO:0005739;GO:0031225;GO:0009277;GO:0005886;GO:0005783;GO:0005618
Q55740	GO:0043190;GO:0016887;GO:0042626;GO:0005524
Q5HGK3	GO:0006633;GO:0004314
Q04KF8	GO:0003678;GO:0008408;GO:0000724;GO:0005524;GO:0003690
Q7MAE3	GO:0042026;GO:0005737;GO:0051082;GO:0005524
A6VIK1	GO:0004820;GO:0006426;GO:0046983;GO:0005737;GO:0005524
O16867	GO:0000978;GO:0006357;GO:0030182;GO:0005634;GO:0000981;GO:0048843;GO:0046983;GO:0007411;GO:0007423;GO:0016319
C0ZT86	GO:0006457;GO:0051082;GO:0005524
P49446	GO:0042802;GO:0007185;GO:0005634;GO:0004725;GO:0005737;GO:0005886;GO:0033003;GO:0016021;GO:0046627;GO:0006470
Q5HMC9	GO:0009229;GO:0009228;GO:0004417;GO:0005524;GO:0000287
C0M7T9	GO:0006457;GO:0051082;GO:0005524
A2BJZ0	GO:0005840;GO:0003735;GO:0008270;GO:0006412
P21614	GO:0003779;GO:0005499;GO:1902118;GO:0042359;GO:0090482;GO:0005737;GO:0005615;GO:0005829;GO:0048471;GO:0030424
Q96BR6	GO:0006357;GO:0001227;GO:0000790;GO:0000981;GO:0000122;GO:0046872;GO:0000977
B7N6T9	GO:0000160;GO:0003700;GO:0008134;GO:0003677;GO:0005524
A6URK3	GO:0004820;GO:0006426;GO:0046983;GO:0005737;GO:0005524
A0A0U1RPR8	GO:0004984;GO:0007165;GO:0060170;GO:0007608;GO:0005886;GO:0016941;GO:0005524;GO:0016021;GO:0006182;GO:0008355;GO:0010753;GO:0005549;GO:0004672;GO:0042048;GO:0035556;GO:0003031;GO:0007168;GO:0097730;GO:0001653;GO:0050911;GO:0004383
Q06RE1	GO:0006351;GO:0003899;GO:0003677;GO:0008270;GO:0009507
Q44557	GO:0005525;GO:0003924
Q04418	GO:0006366;GO:0005737
Q9NSI6	GO:0008360;GO:0006357;GO:0038111;GO:0005634;GO:0005730;GO:0005654;GO:0007010;GO:0005829;GO:0006325
Q48RY6	GO:0055129;GO:0005737;GO:0004349;GO:0005524
P78688	GO:0003700;GO:0006357;GO:0005634;GO:0042128;GO:0043565;GO:0008270
A6USJ0	GO:0043039;GO:0043816;GO:0000049;GO:0005524;GO:0006412
Q9ER47	GO:0005242;GO:0005267;GO:0034765;GO:0071805;GO:0044877;GO:0042391;GO:0005249;GO:0006813;GO:0005887
P29600	GO:0005576;GO:0030435;GO:0004252;GO:0046872
A8GUI6	GO:0008829;GO:0006226;GO:0000166;GO:0006229
Q1RHT1	GO:0051301;GO:0007049;GO:0003677;GO:0005737;GO:0007059;GO:0009037;GO:0006313
E9QUT3	GO:0046148;GO:0005768;GO:0042438;GO:0047039
C1AZ44	GO:0006782;GO:0050661;GO:0008883
Q5PNP6	GO:0007283;GO:0042138;GO:0048477;GO:0006310;GO:0000800;GO:0007129
Q75AV6	GO:1904263;GO:0035859;GO:0097042;GO:0046872
Q9LVY1	GO:0006572;GO:0009058;GO:0006559;GO:0004838;GO:0030170;GO:0006520;GO:0009536;GO:0005829
B9G5Y5	GO:0016887;GO:0042626;GO:0005524;GO:0016021
Q03FR6	GO:0006457;GO:0031072;GO:0051082;GO:0006260;GO:0009408;GO:0005737;GO:0008270;GO:0005524
Q75C43	GO:0006914;GO:0005769;GO:0034498;GO:0036010;GO:0000407;GO:0000422;GO:0032266;GO:0032258;GO:0010008;GO:0019898;GO:0005829;GO:0034727;GO:0032456
O42896	GO:0005634;GO:0005829;GO:0016491;GO:0006740
Q7VIM2	GO:0000049;GO:0006424;GO:0005737;GO:0005524;GO:0004818
Q60675	GO:0043197;GO:0032224;GO:0030155;GO:0005576;GO:0005604;GO:0005201;GO:0030334;GO:0045995;GO:0043083;GO:0014037;GO:0007155;GO:0009887;GO:0009888;GO:0005102;GO:0007411;GO:0031594;GO:0062023;GO:0042383
Q80905	GO:0075521;GO:0042025;GO:0075732;GO:0003677;GO:0044174;GO:0044177;GO:0005198;GO:0046718;GO:0019028
Q9MUT4	GO:0009535;GO:0046933;GO:0005524;GO:0045261
Q1GIN9	GO:0005886;GO:0048038;GO:0051287;GO:0050136
A8W3I9	GO:0006412;GO:0009536;GO:0015935;GO:0003735;GO:0019843
Q64213	GO:0042802;GO:0005681;GO:0033327;GO:0050810;GO:0005634;GO:0030238;GO:0030575;GO:0048662;GO:0045131;GO:0003729;GO:0016604;GO:0005737;GO:0000398;GO:0008270;GO:0003723;GO:0000381
A9MXC3	GO:0005737;GO:0042626;GO:0016887;GO:0005524
Q90Z10	GO:0022625;GO:0051726;GO:0006412;GO:0003723;GO:0003735
G5EEG1	GO:0003700;GO:0000978;GO:0001217;GO:0110039;GO:0005634;GO:0016602;GO:0001228;GO:0010723;GO:0009888;GO:0006355;GO:0010468
Q8ZDX1	GO:0009328;GO:0000049;GO:0005524;GO:0004826;GO:0000287;GO:0006432
B0BZH9	GO:0006189;GO:0004643;GO:0003937
Q5BIM8	GO:0097680;GO:0016363;GO:0009411;GO:0044877;GO:0000012;GO:0006289;GO:0031464;GO:0032991;GO:0000109;GO:0000209;GO:0043161;GO:0006979;GO:0045739;GO:0010165;GO:0051865;GO:0006283;GO:0006974
A0KIB2	GO:0015386;GO:0005887;GO:0006884;GO:0050660
C6BSE9	GO:0030956;GO:0016787;GO:0050567;GO:0005524;GO:0006412
O35600	GO:0005319;GO:0140326;GO:0140347;GO:0016887;GO:0006649;GO:0090555;GO:0006869;GO:0045494;GO:0007601;GO:0005548;GO:0140327;GO:0001750;GO:0042626;GO:0045332;GO:0050896;GO:0005783;GO:0005524;GO:0043231;GO:0005887
Q8C6G8	GO:0005739;GO:0005634;GO:0005654;GO:0005737;GO:0005829;GO:0000151
A9HWW6	GO:0004823;GO:0006429;GO:0002161;GO:0005737;GO:0005524
A1V500	GO:0050518;GO:0016114;GO:0019288
P31434	GO:0042802;GO:0030246;GO:0061634;GO:0080176;GO:0005975
B5YSJ7	GO:0030091;GO:0042597;GO:0043546;GO:0046872;GO:0016672
A7IFD4	GO:0046872;GO:0016208;GO:0003987;GO:0005524;GO:0019427
Q6WKZ8	GO:0006511;GO:0016567;GO:0006342;GO:0033522;GO:0007283;GO:0005634;GO:0032007;GO:0061630;GO:0071233;GO:0005737;GO:0071596;GO:0008270;GO:0007131;GO:0007141;GO:0070728;GO:0000151;GO:0007140;GO:0010529
Q7Z6B7	GO:0048365;GO:0007165;GO:0030336;GO:0005737;GO:0051056;GO:0005829;GO:0005096
Q6NV66	GO:0000976;GO:0046872;GO:0005634;GO:0045944;GO:0010468
Q35142	GO:0031966;GO:0016021
Q5YYG7	GO:0008964;GO:0015977;GO:0006107;GO:0006099;GO:0000287
P07247	GO:0007400;GO:0040034;GO:0005634;GO:0000981;GO:0048749;GO:0000122;GO:0035206;GO:2000177;GO:0000978;GO:0006357;GO:0006342;GO:0050767;GO:0000790;GO:0007517;GO:0043565;GO:0007411;GO:0061332;GO:0003700;GO:0045892;GO:0035290;GO:0046872;GO:0007354
Q1GDM6	GO:0051539;GO:0003861;GO:0009098;GO:0046872
A1D9W1	GO:0050525;GO:0005576
Q5YNB0	GO:0004613;GO:0006094;GO:0005737;GO:0030145;GO:0005525
Q15928	GO:0006366;GO:0000978;GO:0046872;GO:0005634;GO:0000981;GO:0035108;GO:0009653;GO:0000122;GO:0006355
B7URJ0	GO:0033737;GO:0019477;GO:0051287;GO:0019145;GO:0009447
Q29CW2	GO:0003700;GO:0005634;GO:0003677;GO:0048749;GO:0007379;GO:0006355;GO:0007469
O77591	GO:0046855;GO:0052834;GO:0031403;GO:0008934;GO:0006021;GO:0005737;GO:0030145;GO:0052833;GO:0000287;GO:0052832;GO:0046854
Q03306	GO:0004672;GO:0018105;GO:0035556;GO:0005524;GO:0004674;GO:0006468;GO:0000196
Q9SAK2	GO:0009899;GO:0010333;GO:0009686;GO:0009740;GO:0016102;GO:0009570;GO:0000287;GO:0009507
Q8Z2R1	GO:0005737;GO:0042626;GO:0016887;GO:0005524
Q0G819	GO:0006935;GO:0005634;GO:0005516;GO:0040018;GO:0010446;GO:0006972;GO:0007635;GO:0005737;GO:0030424;GO:0043052;GO:0034608;GO:0070262;GO:0043025;GO:0030425;GO:0008355;GO:0043204;GO:0005509;GO:0097720;GO:0019722;GO:0034606;GO:0097499;GO:0042048;GO:0005955;GO:0033192;GO:0004721;GO:0040040;GO:0006470;GO:0040010;GO:0097730;GO:0008340;GO:0006897;GO:0040024;GO:0010468
O14156	GO:0004722;GO:0005759;GO:0033549;GO:0005743;GO:0004724;GO:0061191;GO:1903715;GO:1901098;GO:0005737;GO:0034599;GO:0000329;GO:0046872;GO:0023052
A1VE86	GO:0006457;GO:0051301;GO:0007049;GO:0005737;GO:0003755;GO:0015031
Q5WDX0	GO:0006094;GO:0006096;GO:0005737;GO:0004347
Q7NXU5	GO:0006082;GO:0008776;GO:0005737;GO:0005524;GO:0000287;GO:0006085
Q9VMA3	GO:0000932;GO:0005634;GO:0007297;GO:0005737;GO:0071598;GO:1905536;GO:0003723;GO:0008582;GO:1990124;GO:0007143;GO:0043195;GO:0003729;GO:0048477;GO:0031594;GO:0005829;GO:0030715;GO:0045947;GO:0009953;GO:0045182;GO:0007319;GO:0008298;GO:0045132;GO:0017148;GO:0008190;GO:0007317
Q2UN61	GO:0045490;GO:0005576;GO:0071555;GO:0031218;GO:0015926
Q196T5	
Q5RF70	GO:1990837;GO:0005634;GO:0005730;GO:0007030;GO:0046872
B2V4F3	GO:0003700;GO:0045892;GO:0003677;GO:0005737;GO:0005525
Q9HAH1	GO:0006357;GO:0001227;GO:0000790;GO:0000981;GO:0000122;GO:0046872;GO:0000977
A5CTX3	GO:0042026;GO:0005737;GO:0051082;GO:0005524
Q9TT90	GO:0005634;GO:0030518;GO:0045720;GO:0008584;GO:0005737;GO:0008013;GO:0000978;GO:0006357;GO:0004879;GO:0010628;GO:0000976;GO:1903076;GO:0000790;GO:0008284;GO:0030522;GO:0030521;GO:0005497;GO:0045944;GO:0003700;GO:0042327;GO:2001237;GO:0051092;GO:0008270;GO:0005496
Q6D7Q9	GO:0051392;GO:0002101;GO:0000049;GO:0005737;GO:0005524;GO:0051391
P93293	GO:0005739
A5FGL1	GO:0006457;GO:0051082;GO:0005524
B8JK76	GO:0007098;GO:0005813;GO:0030054;GO:0042995;GO:0005737;GO:0030030;GO:0005814;GO:0043009
F4K0C4	GO:0005769;GO:0034498;GO:0005802;GO:0000911;GO:0000919;GO:0005829;GO:0006891;GO:1990071
B2INW0	GO:0004139;GO:0005737;GO:0016052;GO:0009264;GO:0046386
Q6V9R5	GO:0000978;GO:0046872;GO:0006355;GO:0005634;GO:0000981
Q837W3	GO:0006457;GO:0051301;GO:0007049;GO:0005737;GO:0003755;GO:0015031
Q149N8	GO:0016567;GO:0031625;GO:0046872;GO:0006334;GO:0061630;GO:0000786;GO:0003677;GO:0005654;GO:0006281;GO:0000209;GO:0005524;GO:0004386;GO:0004842;GO:0006974
Q9KT88	GO:0051539;GO:0005886;GO:0009055;GO:0046872;GO:0016651
Q1ACD7	GO:0006914;GO:0043410;GO:0000932;GO:0005634;GO:0070534;GO:0051607;GO:0051092;GO:0008270;GO:0043123;GO:0045087;GO:0004842;GO:0002218;GO:0031664;GO:0038187
Q3IX44	GO:0050112;GO:0019310
Q9JW54	GO:0006633;GO:0005737;GO:0043811;GO:0008654
Q5D7J0	GO:0006914;GO:0043410;GO:0000932;GO:0005634;GO:0070534;GO:0051607;GO:0051092;GO:0008270;GO:0043123;GO:0045087;GO:0004842;GO:0002218;GO:0031664;GO:0038187
O74796	GO:0000790;GO:0005634;GO:0031261;GO:0006270;GO:0043596;GO:0005656;GO:1902975;GO:0003688;GO:0005664;GO:0005829
B5BIQ0	GO:0005737;GO:0042626;GO:0016887;GO:0005524
B0RYW0	GO:0005384;GO:0005886;GO:0016021
A8EXK9	GO:0006351;GO:0003899;GO:0003677;GO:0008270;GO:0000287
Q469Y2	GO:0004812;GO:0050567;GO:0005737;GO:0005524;GO:0006412
Q06277	GO:0005576;GO:0070733;GO:0004197;GO:0009405;GO:0006464;GO:0005524;GO:0018117;GO:0034260;GO:0009279
Q8CKU7	GO:0016491
P08401	GO:0047484;GO:0005886;GO:0046777;GO:0000155;GO:0005524;GO:0018106;GO:0019660;GO:0005887
Q5SUV1	GO:0006779;GO:0051539;GO:0005739;GO:0005737;GO:0004109;GO:0046872;GO:0020037
Q868T3	GO:0008188;GO:0018990;GO:0007218;GO:0005000;GO:0016021;GO:0005887;GO:0007186
A1SJB8	GO:0003676;GO:0004815;GO:0050560;GO:0005737;GO:0006422;GO:0005524
Q6G5R9	GO:0006189;GO:0004641;GO:0005524;GO:0005737
Q8ZKW2	GO:0005737;GO:0042626;GO:0016887;GO:0005524
P02469	GO:0005604;GO:0005201;GO:0005634;GO:0070831;GO:0005607;GO:0042476;GO:0021812;GO:0019899;GO:0043256;GO:0005576;GO:0031012;GO:0043259;GO:0009888;GO:0007566;GO:0034446;GO:0062023;GO:0007611;GO:0005606;GO:0009887;GO:0030335;GO:0048471;GO:0005178;GO:0007162;GO:0016477;GO:0005615;GO:0043208;GO:0031175;GO:0043257
Q53VY1	GO:0051607
A5GT34	GO:0042372;GO:0009234;GO:0030145;GO:0030976;GO:0070204;GO:0000287
B9E8I5	GO:0004139;GO:0005737;GO:0016052;GO:0009264;GO:0046386
Q9UBS5	GO:0005576;GO:0042734;GO:0045211;GO:0099579;GO:0150099;GO:0007193;GO:0004888;GO:0005737;GO:0005886;GO:0007214;GO:0030425;GO:0004965;GO:0098685;GO:0098982;GO:0038039;GO:0005887;GO:0007186
B7N4K1	GO:0033737;GO:0019477;GO:0051287;GO:0019145;GO:0009447
A1KHF6	GO:0008360;GO:0009252;GO:0000902;GO:0009103;GO:0006048;GO:0003977;GO:0071555;GO:0005737;GO:0000287;GO:0009245;GO:0019134
Q75J39	GO:0030139;GO:0004672;GO:0090627;GO:0048439;GO:0032585;GO:0009786;GO:0009793;GO:0009986;GO:0005886;GO:0042803;GO:0046777;GO:0005524;GO:0016021;GO:0048829;GO:0004674;GO:0099402;GO:0010311
Q4WYS7	GO:0071885;GO:0018027;GO:0018013;GO:0005737;GO:0016279
Q5A1E3	GO:0003700;GO:0009086;GO:0005634;GO:0046983;GO:0043565;GO:0000103;GO:0007059;GO:0009303
Q97ED6	GO:0004817;GO:0005737;GO:0005524;GO:0008270;GO:0006423
P0DQD3	GO:0005576;GO:0008289;GO:0008201;GO:0009405;GO:0009986;GO:0005886;GO:0046872
Q4ZMA9	GO:0030170;GO:0008710;GO:0009102
Q2S7U9	GO:0016879;GO:0008616;GO:0008270;GO:0005524
Q2IYX0	GO:0102752;GO:0003844;GO:0043169;GO:0005978;GO:0004553
A6U8Q3	GO:0019464;GO:0004375
A5HYY0	GO:0033202;GO:0043138;GO:0008408;GO:0000724;GO:0006281;GO:0005524;GO:0005829;GO:0000725;GO:0003690
Q0I600	GO:0043815;GO:0004644;GO:0005524;GO:0006189;GO:0000287
Q5FVR7	GO:1990837;GO:0005847;GO:0008270;GO:0098789;GO:0003723
A6NNH2	
C3PH25	GO:0006433;GO:0002161;GO:0005737;GO:0005524;GO:0004827
A1A1W7	GO:0005737;GO:0004055;GO:0006526;GO:0005524
Q39TA7	GO:0006541;GO:0003922;GO:0005524;GO:0016462
P07627	GO:0098024;GO:0046718;GO:0019062
Q5U4Q0	GO:0003682;GO:0000993;GO:0005634;GO:0071894;GO:0044783;GO:0010390;GO:0045893;GO:0006974
Q9H2E6	GO:0071526;GO:0030215;GO:0001755;GO:1903671;GO:0030424;GO:0045499;GO:2001224;GO:0016021;GO:0007010;GO:0007166;GO:0005887;GO:0009887;GO:0035924;GO:0007411;GO:0030335;GO:0016525;GO:0106089;GO:0070373;GO:1900747;GO:0050919;GO:0006915;GO:0007399;GO:0048843;GO:0005615
Q5RCX4	GO:0003677;GO:0046872;GO:0005634;GO:0006355
B6YUQ3	GO:0004817;GO:0005737;GO:0005524;GO:0008270;GO:0006423
E9PVA8	GO:0034198;GO:0036003;GO:0033674;GO:0019901;GO:0043022;GO:0006417;GO:0005829;GO:0019887;GO:1990253;GO:0005844
Q9KJH8	GO:0016740
Q2SZW0	GO:0016887;GO:0005886;GO:0005524;GO:0016021;GO:0034040
Q9I5Q5	GO:0016773;GO:0046677;GO:0097175;GO:0006040;GO:0016301;GO:0005524;GO:0009254;GO:0005975
A4QBV0	GO:0006541;GO:0003922;GO:0005524;GO:0016462
P0DQD2	GO:0005576;GO:0008289;GO:0008201;GO:0009405;GO:0005737;GO:0005886
Q197E9	
Q9KVX5	GO:0009360;GO:0006260;GO:0003887;GO:0003677;GO:0008408;GO:0005737;GO:0006271
F1N476	GO:0007507;GO:0046872;GO:0004222;GO:0007420;GO:0000139;GO:0016486;GO:0030658;GO:0010002;GO:0016021;GO:0030659
Q80V23	GO:1990837;GO:0000978;GO:0006357;GO:0005634;GO:0000981;GO:0046872
O94414	GO:0071782;GO:0046872;GO:0071786;GO:0005789;GO:0000139;GO:0016021;GO:1990809;GO:0005794;GO:0005783;GO:0005635
P0DMG3	GO:0006520;GO:0016639
Q8ET54	GO:0004373;GO:0009011;GO:0033201;GO:0005978
A4QAN3	GO:0003677;GO:0006281;GO:0006310;GO:0046872
P51905	GO:0015844;GO:0046872;GO:0043679;GO:0008504;GO:0051378;GO:0051610;GO:0006837;GO:0005886;GO:0035725;GO:0043005;GO:0016021;GO:0030424;GO:0005335
Q29RR6	GO:0003382;GO:0005886;GO:0030277;GO:0016021;GO:0016323
Q8WZ73	GO:0006511;GO:0070936;GO:0019901;GO:0010804;GO:0005654;GO:0005737;GO:0010008;GO:0061630;GO:1901797;GO:0005886;GO:0016020;GO:0055038;GO:0005829;GO:1902042;GO:0032006;GO:0031625;GO:0002020;GO:2001271;GO:0010762;GO:0006915;GO:0002039;GO:0043161;GO:0046872
P03109	GO:0075521;GO:0042025;GO:0044418;GO:0075732;GO:0003677;GO:0044185;GO:0046718;GO:0044167;GO:0044177;GO:0019073;GO:0005198;GO:0000149;GO:0019028
A2SD22	GO:0003991;GO:0005737;GO:0042450;GO:0005524
Q9CFJ0	GO:0006541;GO:0003922;GO:0005524;GO:0016462
P29727	GO:0016462;GO:0005524;GO:0006541;GO:0005829;GO:0003922;GO:0003921;GO:0006177
Q2SF13	GO:0004222;GO:0030163;GO:0016021;GO:0004176;GO:0005886;GO:0005524;GO:0008270
B5DG51	GO:0003682;GO:0051301;GO:0005634;GO:0007062;GO:0006261
Q4FQH3	GO:0003677;GO:0006351;GO:0032549;GO:0003899
Q09FC8	GO:0000978;GO:0006357;GO:0005634;GO:0000981;GO:0005737;GO:0046872;GO:0001650;GO:0015630
Q9USM1	GO:0006511;GO:0008541;GO:0005634;GO:0070628;GO:0043130;GO:0043161;GO:0061133;GO:0005829;GO:0045842
B9F2Y7	GO:0003777;GO:0008017;GO:0005874;GO:0007052;GO:0071555;GO:0005524;GO:0007018
A1AB46	GO:0033737;GO:0019477;GO:0051287;GO:0019145;GO:0009447
A6X6V1	GO:0006400;GO:0016705
Q1K8E7	GO:0000978;GO:0005634;GO:0000981;GO:0000122;GO:0008270;GO:0045944
B7USY1	GO:0030091;GO:0042597;GO:0043546;GO:0046872;GO:0016672
A2SE05	GO:0030170;GO:0000105;GO:0004400
F4JSV3	GO:0009506;GO:0005886;GO:0010197;GO:0046872;GO:0016740
Q63DX6	GO:0051539;GO:0003861;GO:0009098;GO:0046872
Q726J3	GO:0005737;GO:0008690;GO:0009103;GO:0033468
Q6LM58	GO:0010181;GO:0019344;GO:0050660;GO:0000103;GO:0070814;GO:0004783
O60072	GO:0099053;GO:0003729;GO:0002181;GO:0003724;GO:0006417;GO:0005524;GO:0005829;GO:0051321;GO:0010494
Q8PXJ8	GO:0003991;GO:0005737;GO:0042450;GO:0005524
Q2GK70	GO:0005524;GO:0005737;GO:0006433;GO:0004827
B0UUD3	GO:0016879;GO:0005737;GO:0006400;GO:0005524
B6IVA5	GO:0006457;GO:0031072;GO:0051082;GO:0006260;GO:0009408;GO:0005737;GO:0008270;GO:0005524
O86835	GO:0008237;GO:0046872
B1IZU1	GO:0030091;GO:0042597;GO:0043546;GO:0046872;GO:0016672
P62297	GO:0005819;GO:0051301;GO:0005634;GO:0005516;GO:0005737;GO:0007051
Q49374	GO:0005737;GO:0005524
Q8U7H6	GO:0003676;GO:0006430;GO:0005737;GO:0004824;GO:0005524;GO:0000287
Q3B820	GO:0042802;GO:0005813;GO:1901985;GO:0008017;GO:0097431;GO:0032391;GO:0007601;GO:0005876;GO:0001917;GO:0044782;GO:0050896;GO:0060271;GO:0072686;GO:0036064;GO:0000235
Q82X51	GO:0002161;GO:0005737;GO:0004832;GO:0005524;GO:0006438
B0SBH6	GO:0008615;GO:0033856;GO:0005737
B3P5D2	GO:0003700;GO:0006357;GO:0005634;GO:0003677;GO:0009792
Q8EHD6	GO:0006508;GO:0002949;GO:0000408;GO:0005737;GO:0005506;GO:0061711
P44951	GO:0009058;GO:0045303;GO:0030170
Q888Q7	GO:0006094;GO:0006096;GO:0005737;GO:0004347
O13714	GO:0022857;GO:0055085;GO:0005794;GO:0000329;GO:0016021
P59109	GO:0047151;GO:0005737;GO:0030698;GO:0050660
B1LFH3	GO:0033737;GO:0019477;GO:0051287;GO:0019145;GO:0009447
Q9H222	GO:0033344;GO:0045796;GO:0042632;GO:0046982;GO:0010212;GO:0010949;GO:0038183;GO:0070328;GO:0005886;GO:0030299;GO:0005524;GO:0043190;GO:0005887;GO:0042626;GO:0014850;GO:0120020;GO:0016324;GO:0007584;GO:0007588;GO:0055085;GO:0015918;GO:0042493;GO:0046872;GO:0043235
Q7VF00	GO:0008360;GO:0009252;GO:0000902;GO:0009103;GO:0006048;GO:0003977;GO:0071555;GO:0005737;GO:0000287;GO:0009245;GO:0019134
Q8FGI7	GO:0030091;GO:0042597;GO:0043546;GO:0046872;GO:0016672
P15644	GO:0042802;GO:0015628;GO:0015627;GO:0016021;GO:0009279
P15208	GO:0043410;GO:0019901;GO:2000252;GO:0005525;GO:0032147;GO:0031405;GO:0019903;GO:0005524;GO:0005829;GO:0008286;GO:0060417;GO:0045995;GO:0043560;GO:0060267;GO:0038083;GO:0009887;GO:0010560;GO:0032809;GO:0007275;GO:0031667;GO:0005899;GO:0006898;GO:0031981;GO:0043243;GO:0043235;GO:0051446;GO:0005901;GO:0031994;GO:0002092;GO:0031995;GO:0008584;GO:0046326;GO:0001934;GO:0014068;GO:0043548;GO:0006355;GO:0030424;GO:0045893;GO:0042593;GO:0005009;GO:0045821;GO:0018108;GO:0005886;GO:0016020;GO:0046777;GO:0043231;GO:0001933;GO:2000194;GO:0005764;GO:0004713;GO:0008284;GO:0031017;GO:0001540;GO:0032148;GO:0071363;GO:0007169;GO:0009897;GO:0004714;GO:0042327;GO:0033674;GO:0003007;GO:0043559;GO:0019087;GO:0030325;GO:0045840;GO:0051425;GO:0032869;GO:0031410;GO:0006468;GO:0010629;GO:0005770;GO:0005887;GO:0045725;GO:0004672;GO:0038024;GO:0045429;GO:0034612;GO:0000187;GO:0005768;GO:1990535;GO:0019904;GO:0044877;GO:0051897;GO:0005159;GO:0042802;GO:0005634;GO:0048639;GO:0005198;GO:0045202;GO:0097242;GO:0010310;GO:0032590;GO:0043025;GO:0055038;GO:0007186;GO:0032410;GO:0030238;GO:0005635;GO:0030335;GO:0043423;GO:0097062;GO:0008544
C3MRB8	GO:0009073;GO:0009423;GO:0004764
Q8A8C3	GO:0031072;GO:0051082;GO:0006260;GO:0009408;GO:0005737;GO:0051085;GO:0008270;GO:0005524;GO:0042026
B8MW97	GO:0030245;GO:0005576;GO:0008810
Q96AC6	GO:0005871;GO:0003777;GO:0005815;GO:0008017;GO:0005874;GO:0005634;GO:0016887;GO:0005737;GO:0005524;GO:0072686;GO:0007018;GO:0090307
Q9E787	GO:0019012;GO:0030430
Q6ZN30	GO:0043586;GO:0003416;GO:0006357;GO:0060021;GO:0005654;GO:0060485;GO:0046872;GO:0000977
Q947D2	GO:0070300;GO:0035091;GO:0017112;GO:0046872
A4QG13	GO:0004452;GO:0016787;GO:0008299;GO:0050992;GO:0005737;GO:0046872
C3NG01	GO:0009073;GO:0009423;GO:0004764
Q7KWN2	GO:0004497;GO:0016705;GO:0005506;GO:0016021;GO:0020037
Q48DN1	GO:0004823;GO:0006429;GO:0002161;GO:0005737;GO:0005524
Q7WK13	GO:0006541;GO:0003922;GO:0005524;GO:0016462
Q3SZH7	GO:0004301;GO:0004177;GO:0005634;GO:0070006;GO:0005654;GO:0044255;GO:0044267;GO:0008270;GO:0005829;GO:0004463;GO:0043171;GO:0019370
Q971T2	GO:0006265;GO:0003677;GO:0003918;GO:0005524;GO:0006268
Q3URY0	GO:0003676;GO:0050890;GO:0042415;GO:0008270
Q875A7	GO:0006914;GO:0005789;GO:0000139;GO:0016021;GO:0034045;GO:0030659;GO:0015031
Q5I4H3	GO:0017108;GO:0005739;GO:0006260;GO:0005730;GO:0043137;GO:0060041;GO:0003677;GO:0005654;GO:0000287;GO:0006284;GO:0008409
Q8X947	GO:0042597;GO:0005507;GO:0016491
A6NKF1	GO:0005819;GO:0005813;GO:0051225;GO:0051301;GO:0051298;GO:0005634;GO:0005737
B2UFN5	GO:0004814;GO:0004820;GO:0006426;GO:0006420;GO:0005737;GO:0005524
P11048	GO:0005635;GO:0005882
Q8J0D5	GO:0009405;GO:0004222;GO:0008270;GO:0005615
A6NHR8	
Q8DD33	GO:0008360;GO:0009252;GO:0007049;GO:0051301;GO:0071949;GO:0071555;GO:0005737;GO:0008762
A5FZ54	GO:0046961;GO:0045261;GO:0005886;GO:0005524;GO:0046933
Q49682	GO:0016226
Q8R5A0	GO:0007507;GO:0018027;GO:0034968;GO:0000993;GO:0018026;GO:0005634;GO:0002039;GO:0008285;GO:0046975;GO:0005737;GO:0000122;GO:0018024;GO:0046872;GO:0043516;GO:0005829;GO:0016279;GO:0016571
Q08AV7	GO:0030496;GO:0005737;GO:0051233;GO:0051255
P49843	GO:0005819;GO:0005739;GO:0005634;GO:1990794;GO:0098531;GO:0004883;GO:0005737;GO:0006325;GO:0005815;GO:0016607;GO:0004879;GO:0010628;GO:0051414;GO:0001046;GO:0031963;GO:0043565;GO:0071383;GO:0046688;GO:0045944;GO:0003700;GO:1990239;GO:0008270;GO:0005496
Q7VVM4	GO:0006541;GO:0003922;GO:0005524;GO:0016462
C3KUC5	GO:0006541;GO:0003922;GO:0005524;GO:0016462
B7LR95	GO:0033737;GO:0019477;GO:0051287;GO:0019145;GO:0009447
Q8BJI1	GO:0032328;GO:0015293;GO:0030285;GO:0042995;GO:0007420;GO:0098978;GO:0015804;GO:0006836;GO:0015824;GO:0035725;GO:0015820;GO:0008021;GO:0098794;GO:0098982;GO:0005887;GO:0015816
P22414	GO:0016853;GO:0005777;GO:0006635;GO:0016491;GO:0016829
Q5LKW3	GO:0047580
Q9CM20	GO:0006457;GO:0005737;GO:0051082;GO:0005524
Q8P5Q4	GO:0042802;GO:0030170;GO:0006526;GO:0005737;GO:0003992
Q65SB8	GO:0019288;GO:0016114;GO:0005524;GO:0050515
Q95KV0	GO:0004672;GO:0018105;GO:0033209;GO:0005634;GO:0071356;GO:0045121;GO:0008384;GO:0008385;GO:0005737;GO:0042803;GO:0051092;GO:0005524;GO:0046982;GO:0004674;GO:0006468;GO:0045944
Q7MGQ8	GO:0008360;GO:0009252;GO:0007049;GO:0051301;GO:0071949;GO:0071555;GO:0005737;GO:0008762
Q54RD4	GO:0051539;GO:0008622;GO:0000278;GO:0006287;GO:0008310;GO:0006272;GO:0003887;GO:0003677;GO:0006289;GO:0006297;GO:0005657;GO:0000166;GO:0008270;GO:0045004
Q9LZR3	GO:0009294;GO:0000139;GO:0071555;GO:0009617;GO:0005794;GO:0016757;GO:0016021;GO:0047259;GO:0051753
P16355	GO:0006351;GO:0003899;GO:0005730;GO:0003677;GO:0008270
A0L6H3	GO:0052865;GO:0009228;GO:0008661;GO:0030976;GO:0000287;GO:0016114
P19970	GO:0005634;GO:0007623;GO:0005737;GO:0006355
B5RFU9	GO:0005737;GO:0042626;GO:0016887;GO:0005524
A8I6D2	GO:0016887;GO:0032300;GO:0005524;GO:0006298;GO:0030983
Q7KQM6	GO:0010506;GO:0046716;GO:0070050
Q3JBJ1	GO:0051539;GO:0019344;GO:0009337;GO:0000103;GO:0050661;GO:0070814;GO:0004783;GO:0046872;GO:0020037
Q6RCE1	GO:0030992;GO:0048487;GO:0060271;GO:0031514;GO:0035735
Q7BUE1	GO:0016491;GO:0017000
O94689	GO:0003723;GO:0005737;GO:0000002;GO:0031305
P34739	GO:0008094;GO:0007283;GO:0005634;GO:0007143;GO:0003677;GO:0005737;GO:0005524;GO:0004386;GO:0034454;GO:0006353
B8JAT1	GO:0051539;GO:0004160;GO:0009099;GO:0009097;GO:0046872
P38621	GO:0003677;GO:0005634;GO:0046872
B0V9D9	GO:0008759;GO:0009245;GO:0103117;GO:0046872
A5IHY4	
B4TU46	GO:0016979;GO:0005737;GO:0005524;GO:0009249
Q9SVQ6	GO:0045490;GO:0030570;GO:0046872
Q32743	GO:0065002;GO:0006605;GO:0009570;GO:0017038;GO:0009535;GO:0005524
Q5MJ68	GO:0005634;GO:0019901;GO:0005737;GO:0007049
P0CQ05	GO:0005886;GO:0043332;GO:0032220;GO:0016021
Q3Z0L8	GO:0030091;GO:0042597;GO:0043546;GO:0046872;GO:0016672
Q869P0	GO:0005634;GO:0003724;GO:0005524;GO:0003723;GO:0042254
Q9BE73	GO:0003677;GO:0005634;GO:0046872
P39173	GO:0047938;GO:0030246;GO:0005975;GO:0005737;GO:0005829;GO:0006974
Q6NH13	GO:0006520;GO:0044205;GO:0016597;GO:0004070;GO:0006207
A7TFI4	GO:0006865;GO:1990877;GO:1904263;GO:0005774;GO:0005096;GO:0015031
A6T1E5	GO:0042026;GO:0005737;GO:0051082;GO:0005524
Q87VX3	GO:0004823;GO:0006429;GO:0002161;GO:0005737;GO:0005524
Q3J273	GO:0004642;GO:0005737;GO:0005524;GO:0006189;GO:0000287
Q74CM2	GO:0006000;GO:0005986;GO:0006094;GO:0005737;GO:0006002;GO:0000287;GO:0042132;GO:0030388;GO:0005829
Q7V6H6	GO:0006541;GO:0015420;GO:0009236;GO:0003824
C3N7H5	GO:0009073;GO:0009423;GO:0004764
P03749	GO:0098015;GO:0099001;GO:0030430;GO:0098670;GO:0046813;GO:0019062;GO:0098003
Q6ZUB1	GO:0030154;GO:0007283;GO:0016021
Q6P9H4	GO:0070373;GO:2000651;GO:0016324;GO:0033137;GO:0005737;GO:0010765
Q0T8I5	GO:0005737;GO:0009088;GO:0005524;GO:0004413
F4J6F6	GO:0040008;GO:0018105;GO:0035556;GO:0005886;GO:0016301;GO:0046777;GO:0005524;GO:0046872;GO:0035618;GO:0005829;GO:0004674
Q99M75	GO:0098978;GO:0035374;GO:0045121;GO:0043198;GO:0005783;GO:1905573;GO:0043025;GO:0009986;GO:0005886;GO:0030517;GO:0035025;GO:0043547;GO:0007166;GO:0043204;GO:0005887;GO:0007409;GO:0048495;GO:0048681;GO:0038131;GO:0008201;GO:0098793;GO:0007411;GO:0043005;GO:0050771;GO:0038023;GO:0050919;GO:0031362;GO:0030426;GO:0044295;GO:0044877;GO:1905576;GO:0022038;GO:0023041;GO:0010977
A0A0H3AJC2	GO:0051539;GO:0005886;GO:0046872;GO:0009055
Q041Z0	GO:0006282;GO:0005737
Q86V48	GO:0060840;GO:0070062;GO:0021503;GO:0003281;GO:0005634;GO:0016020
A0PNL7	GO:0042026;GO:0005737;GO:0051082;GO:0005524
P10072	GO:0046872;GO:0006357;GO:0001227;GO:0000790;GO:0000981;GO:0000122;GO:0007275;GO:0006355;GO:0000977
P35918	GO:0043410;GO:0001945;GO:0038033;GO:0038085;GO:0002244;GO:0043066;GO:0001666;GO:0061042;GO:0051894;GO:0097755;GO:0005524;GO:0071944;GO:0038083;GO:0035924;GO:0007275;GO:0043524;GO:0050850;GO:0005769;GO:0016477;GO:0043235;GO:0050927;GO:1903010;GO:0048469;GO:0045121;GO:0008584;GO:0055074;GO:0001934;GO:0014068;GO:0048597;GO:0030324;GO:0036324;GO:0090141;GO:0018108;GO:0005886;GO:0046777;GO:0001570;GO:0003158;GO:0002053;GO:0005021;GO:0004713;GO:0008284;GO:0010595;GO:0035584;GO:0043005;GO:0007169;GO:0045446;GO:0009897;GO:0004714;GO:0043536;GO:0033674;GO:0016239;GO:0043129;GO:0038084;GO:0048812;GO:0030054;GO:2000352;GO:0030513;GO:1901532;GO:0045165;GO:0090050;GO:0008360;GO:0010629;GO:0043491;GO:0009986;GO:0005887;GO:0001936;GO:0003416;GO:0048010;GO:0051770;GO:0019838;GO:0030949;GO:0003157;GO:0005768;GO:0001569;GO:0005178;GO:0070374;GO:0001938;GO:0048170;GO:0042802;GO:0005634;GO:0035162;GO:0050679;GO:0030097;GO:0005737;GO:0005794;GO:0005783;GO:0070371;GO:0045296;GO:2001214;GO:0005576;GO:0043025;GO:1904881;GO:0001541;GO:0002042;GO:0051901;GO:0060837;GO:0030335;GO:0032008;GO:0048754;GO:0042493;GO:0048286;GO:0007204;GO:0045766;GO:0097443
Q3SH82	GO:0015940;GO:0005737;GO:0004592;GO:0005524
Q5VW22	GO:0005634;GO:0005096;GO:0046872
B6EGY4	GO:0051539;GO:0002935;GO:0070040;GO:0000049;GO:0005737;GO:0046872;GO:0019843;GO:0070475
Q10738	GO:0042742;GO:0005576;GO:0006508;GO:0004222;GO:0008233;GO:0008237;GO:0050830;GO:0050829;GO:0008201;GO:0004175;GO:0031012;GO:0009986;GO:0030574;GO:0042493;GO:0008270;GO:0005615;GO:0042127;GO:0002780;GO:0002779;GO:0030198
Q8JHI3	GO:0021532;GO:0021943;GO:0007224;GO:0021830;GO:0097500;GO:0097730;GO:0060271;GO:0005929;GO:0031514;GO:0005525;GO:1905515;GO:0035845;GO:0060170
Q2Y5P2	GO:0006782;GO:0050661;GO:0008883
B4F1A4	GO:0008295;GO:0009446;GO:0046872;GO:0006527;GO:0008792
Q9RYX9	GO:0004789;GO:0009229;GO:0009228;GO:0005737;GO:0000287
O02713	GO:0016324;GO:0061459;GO:0015562;GO:0008504;GO:0005326;GO:0097638;GO:0051610;GO:0098793;GO:0005275;GO:0140115;GO:0090494;GO:0016021;GO:0015220;GO:0051615;GO:0042910;GO:0051620;GO:0019534
O42132	GO:0003700;GO:0005634;GO:0005496;GO:0043565;GO:0008270;GO:0030284
Q55DQ4	GO:0017137;GO:0005968;GO:0018344;GO:0005737;GO:0004663
Q88RB3	GO:0016887;GO:0005886;GO:0005524;GO:0015424;GO:0015821
Q9CFM7	GO:0004139;GO:0005737;GO:0016052;GO:0009264;GO:0046386
A4JF45	GO:0006541;GO:0003922;GO:0005524;GO:0016462
Q47VU0	GO:0008968;GO:0005737;GO:0097367;GO:0008270;GO:2001061;GO:0005975
B7LTX5	GO:0019543;GO:0008980;GO:0051144;GO:0005524
Q1JFK5	GO:0055129;GO:0005737;GO:0004349;GO:0005524
Q92BV3	GO:0003684;GO:0030983;GO:0005524;GO:0006298
Q0VFM6	GO:0009058;GO:0005737;GO:0016779
P12883	GO:0006941;GO:0006936;GO:0005516;GO:0046034;GO:0000146;GO:0005859;GO:0030018;GO:0007512;GO:0032982;GO:0002026;GO:0005524;GO:0016459;GO:0014898;GO:0030016;GO:0016887;GO:0030898;GO:0003009;GO:0055010;GO:0030049;GO:0014883;GO:0002027;GO:0031449;GO:0060048;GO:0014728;GO:0001725;GO:0030017;GO:0051015
Q8EUL1	GO:0009380;GO:0016887;GO:0009432;GO:0003677;GO:0006289;GO:0005737;GO:0009381;GO:0008270;GO:0005524
B1YKW2	GO:0050661;GO:0004324;GO:0050660
Q0UY53	GO:0006914;GO:0030259;GO:0016906;GO:0016126;GO:0102205;GO:0043231;GO:0102202;GO:0034045;GO:0102203;GO:0015031;GO:0005975
B2GLU6	GO:0009073;GO:0005737;GO:0009423;GO:0003866
Q04FB5	
Q6IE36	GO:0004867;GO:0005615
Q31KY9	GO:0003697;GO:0006260;GO:0009432;GO:0005737;GO:0006281;GO:0005524
A1UG51	GO:0016887;GO:0015594;GO:0015595;GO:0005524;GO:0043190
P0DPE3	GO:0007165;GO:0016021
B4F2V6	GO:0006457;GO:0031072;GO:0051082;GO:0006260;GO:0009408;GO:0005737;GO:0008270;GO:0005524
P0AD03	GO:0009408;GO:0005886;GO:0005887
Q6PK81	GO:0000978;GO:0006357;GO:0005634;GO:0000981;GO:0046872
O60522	GO:0033391;GO:0007283;GO:0005737;GO:0007275;GO:0030154
Q50270	GO:0005737;GO:0005524
P13828	GO:0009405;GO:0005886;GO:0031225
Q29480	GO:0016605;GO:0005759;GO:0000978;GO:0005813;GO:0045892;GO:0007049;GO:0006915;GO:0000981;GO:1990841;GO:0043153;GO:2001244;GO:0005783;GO:0046872;GO:0048512;GO:0045944;GO:0006974
P43905	GO:0009073;GO:0005737;GO:0009423;GO:0003866
P15800	GO:0005604;GO:0005201;GO:0070831;GO:0007601;GO:0048677;GO:0043256;GO:0045202;GO:0014002;GO:0009888;GO:0005608;GO:0007528;GO:0034446;GO:0031594;GO:0072274;GO:0043083;GO:0060041;GO:0009887;GO:0072249;GO:0050808;GO:0007411;GO:0005178;GO:0000904;GO:0014044;GO:0016477;GO:0031175
P78324	GO:0022409;GO:0046329;GO:0071349;GO:1900016;GO:0045428;GO:0101003;GO:0030695;GO:0032680;GO:0032720;GO:0070301;GO:0071641;GO:0071650;GO:0071346;GO:0050728;GO:0070821;GO:1990782;GO:0035696;GO:1990405;GO:0009986;GO:0019903;GO:0005886;GO:0016020;GO:0043312;GO:0001933;GO:0005887;GO:0032651;GO:0032688;GO:0050900;GO:0070062;GO:0071222;GO:0050870;GO:0017124;GO:0045019;GO:0050765;GO:0070373;GO:0098632;GO:0071347;GO:0032715;GO:0007155;GO:0032649;GO:0050766;GO:0016477;GO:0086080;GO:1903720;GO:0032675;GO:0010468
A5PKL1	GO:1903204;GO:0005739;GO:0005634;GO:0005730;GO:0006979
B0CKF4	GO:0048034;GO:0005886;GO:0008495;GO:0016021
P36746	GO:0075521;GO:0042025;GO:0075732;GO:0003677;GO:0044174;GO:0044177;GO:0005198;GO:0046718;GO:0019028
C4ZQP1	GO:0030091;GO:0042597;GO:0043546;GO:0046872;GO:0016672
Q9Y6N6	GO:0014002;GO:0005576;GO:0005604;GO:0031012;GO:0060041;GO:0009887;GO:0007601;GO:0009888;GO:0016477;GO:0016020;GO:0034446;GO:0005198;GO:0030198
B2A532	GO:0000105;GO:0009086;GO:0004477;GO:0004488;GO:0006164;GO:0035999
Q9FFY9	GO:0000781;GO:0005634;GO:0003691;GO:0003677;GO:0000723;GO:0042162
A7GAJ8	GO:0003678;GO:0008408;GO:0000724;GO:0005524;GO:0003690
A6Q1J2	GO:0005840;GO:0003735;GO:0019843;GO:0006412
D1CDJ5	GO:0065002;GO:0006605;GO:0005886;GO:0016021;GO:0043952;GO:0015450
C5FFE1	GO:0051539;GO:0051537;GO:0005758;GO:0046872;GO:0016226;GO:0009055
A1TYE0	GO:0005737;GO:0002949;GO:0005506;GO:0061711
A8M9G2	GO:0004812;GO:0050567;GO:0005737;GO:0005524;GO:0006412
B1IBR6	GO:0003678;GO:0008408;GO:0000724;GO:0005524;GO:0003690
Q8UCT2	GO:0009039;GO:0005737;GO:0016151;GO:0043419
Q5JZY3	GO:0004714;GO:0005576;GO:0033674;GO:0048013;GO:0005005;GO:0016021;GO:0043235;GO:0005886;GO:0007275;GO:0005524;GO:0007411;GO:0007169;GO:0043005;GO:0005887
Q4L756	GO:0009229;GO:0009228;GO:0000049;GO:0005737;GO:0016783;GO:0005524;GO:0034227;GO:0004810
A5E8A4	GO:0004834
Q1QRU1	GO:0006457;GO:0051082;GO:0005524
Q2NVX7	
Q1LJB8	GO:0006428;GO:0004822;GO:0002161;GO:0000049;GO:0005737;GO:0005524;GO:0008270
O76924	GO:0006511;GO:0032436;GO:0005634;GO:0061630;GO:0005737;GO:0000209;GO:0008270;GO:0031624;GO:0004842;GO:0000151
Q3BVL7	GO:0009245;GO:0008915
Q9Y673	GO:0007368;GO:0005789;GO:0004581;GO:0006487;GO:0016020;GO:0016021;GO:0018279;GO:0004576;GO:0006486
Q741E4	GO:0005525;GO:0005524
Q7WH03	GO:0004751;GO:0009052
P31895	GO:0048038;GO:0016151;GO:0051287;GO:0016651
Q75K18	GO:0003924;GO:0045335;GO:0030942;GO:0006616;GO:0005786;GO:0008312;GO:0005525;GO:0005829
Q9QZJ5	GO:0003700;GO:0051000;GO:0010863;GO:0005634;GO:0030284;GO:0043124;GO:0030518;GO:0051091;GO:0071392;GO:0043565;GO:0005886;GO:0005794;GO:0043433;GO:0008270;GO:0045429;GO:0007200;GO:0007204;GO:0045893;GO:0005496
Q0UC19	GO:0004222;GO:0008270;GO:0005615
Q50212	GO:0005737;GO:0005524
A8ALA6	GO:0009245;GO:0008915
Q2KI89	GO:0045880;GO:0097542;GO:0005737;GO:0060271;GO:0005929;GO:0005814;GO:0036064
Q56738	GO:0006094;GO:0005737;GO:0006096;GO:0004807
A0KF85	GO:0019556;GO:0050415;GO:0030145;GO:0019557
Q98GF5	GO:0015416;GO:0005886;GO:0016887;GO:0005524
A0KZT8	GO:0005737;GO:0002949;GO:0005506;GO:0061711
Q13873	GO:0030509;GO:0060173;GO:0060413;GO:0007420;GO:0014916;GO:0030513;GO:0003186;GO:0003183;GO:0005654;GO:0005737;GO:0030166;GO:0036122;GO:0044214;GO:0048286;GO:0098821;GO:0060412;GO:0010634;GO:0004674;GO:0006468;GO:0045296;GO:0005615;GO:0009925;GO:0071773;GO:1990782;GO:0061298;GO:0005912;GO:0001944;GO:0060836;GO:0043025;GO:0009986;GO:0001893;GO:0001935;GO:0003148;GO:0003085;GO:0005524;GO:0005886;GO:0030425;GO:0042127;GO:0045669;GO:2000279;GO:0030501;GO:0005887;GO:0001707;GO:0060840;GO:0046872;GO:0060841;GO:0061626;GO:0016362;GO:1902731;GO:0045906;GO:0005901;GO:0003252;GO:0045778;GO:0061036;GO:0001568;GO:0010595;GO:0001946;GO:0003177;GO:0007178;GO:0071363;GO:0014069;GO:0002063;GO:0009952;GO:0019838;GO:0045944;GO:0030308;GO:0010862;GO:0048842;GO:0072577;GO:0016324;GO:0060350;GO:0005024;GO:0003176;GO:1905314;GO:0009267;GO:0001938;GO:0003197;GO:0043235;GO:0003151;GO:0001974
Q1GVQ8	GO:0006402;GO:0006396;GO:0005737;GO:0004654;GO:0003723;GO:0000287
Q3ECH2	GO:0004674;GO:0030247;GO:0005524;GO:0016021
B1V9R1	GO:0003924;GO:0005737;GO:0042274;GO:0046872;GO:0005525;GO:0019843
P18338	GO:0030430;GO:0044163;GO:0046740;GO:0044219;GO:0003723
P10773	GO:0008152;GO:0042742;GO:0019835;GO:0003796
Q5F5A9	GO:0008964;GO:0015977;GO:0006107;GO:0006099;GO:0000287
B3Q0S4	GO:0003676;GO:0006430;GO:0005737;GO:0004824;GO:0005524;GO:0000287
A9L982	GO:0045263;GO:0046933;GO:0009535;GO:0016021
A4G9I9	GO:0000105;GO:0005737;GO:0004424
Q4VZP3	GO:0006351;GO:0003899;GO:0003677;GO:0008270;GO:0009507
Q96N21	GO:0030662;GO:0031965;GO:0005737;GO:0005794;GO:0016607;GO:0032588;GO:0005829;GO:0031312
Q3IEE3	GO:0006635;GO:0005737;GO:0003988
P54974	GO:0045436;GO:0016117;GO:0016705
P0DPE2	GO:0007507;GO:0046872;GO:0004222;GO:0007420;GO:0000139;GO:0016486;GO:0030658;GO:0010002;GO:0032259;GO:0016021;GO:0008168
Q2IK16	GO:0030060;GO:0019752;GO:0006099;GO:0005975
P41125	GO:0022625;GO:0060348;GO:0005730;GO:0005783;GO:0006412;GO:0003723;GO:0005829;GO:0003735
B0TZA7	GO:0034605;GO:0004176;GO:0043565;GO:0005737;GO:0005524;GO:0006515;GO:0004252
P11501	GO:0042802;GO:0051879;GO:0030331;GO:0051082;GO:0030235;GO:0005634;GO:0009408;GO:0009409;GO:0005737;GO:0030424;GO:1902751;GO:0034605;GO:0043025;GO:0009986;GO:0005886;GO:0008022;GO:0050821;GO:0005524;GO:0051087;GO:0005829;GO:0043204;GO:0006457;GO:0031072;GO:0046677;GO:0010243;GO:0097718;GO:0046790;GO:0016887;GO:0008284;GO:0032570;GO:0051219;GO:0014070;GO:0042470;GO:0043209;GO:0045429;GO:0048471;GO:0033142;GO:0030911;GO:0032991;GO:0043235
A6VDL7	GO:0019556;GO:0005737;GO:0016153;GO:0019557
P13179	GO:0019012;GO:0030430;GO:0039689;GO:0004482;GO:0005524;GO:0003968
Q9PF80	GO:0008360;GO:0009252;GO:0007049;GO:0051301;GO:0071555;GO:0005737;GO:0008763;GO:0005524
Q6MQD7	GO:0005198;GO:0071973;GO:0009428;GO:0030288
Q8K4Z4	GO:1904646;GO:0043410;GO:0005634;GO:0009409;GO:0008179;GO:0010739;GO:0031398;GO:0005794;GO:0042803;GO:0050873;GO:0002032;GO:0045986;GO:0040015;GO:0051380;GO:0007189;GO:0002028;GO:0030501;GO:0015459;GO:0005887;GO:1904504;GO:0120162;GO:0031649;GO:0071902;GO:0002024;GO:0001540;GO:0061885;GO:0045453;GO:2000969;GO:0045944;GO:0006898;GO:0002025;GO:0005769;GO:0016324;GO:1901098;GO:0044877;GO:0004941;GO:0043235;GO:0007190
Q2YWB1	GO:0016887;GO:0005524
O95985	GO:0003917;GO:0005634;GO:0003916;GO:0000793;GO:0006265;GO:0003677;GO:0007059;GO:0003723
P12110	GO:0070062;GO:0005576;GO:0005518;GO:0009749;GO:0007155;GO:0062023;GO:0030020;GO:0005788;GO:0005615;GO:0032991;GO:0042383;GO:0005581;GO:0030198;GO:1903561
Q32MD9	GO:0043410;GO:0048598;GO:0007224;GO:0001934;GO:2000179;GO:0051146;GO:0010172;GO:0045666;GO:0045664;GO:0051057;GO:0014816;GO:0043393;GO:0098609;GO:0009986;GO:0016202;GO:0021987;GO:0005887;GO:0007520;GO:0048643;GO:0009952;GO:0045944;GO:0045663;GO:0007155;GO:0001708;GO:0002088;GO:0060059
P86916	GO:0090729
Q63623	GO:0006366;GO:0006378;GO:0000993;GO:0006369;GO:0016363;GO:0005634;GO:0019904;GO:0006397;GO:0043175;GO:1990269;GO:0003729;GO:0005737;GO:2000805;GO:0032786;GO:0070063;GO:0003723;GO:0005849
Q5YWV1	GO:0000287;GO:0016835;GO:0017001;GO:0046677
P57395	GO:0003723;GO:0005840;GO:0003735;GO:0006412
Q8XIP1	GO:0006633;GO:0050343;GO:0051287
Q75LJ4	GO:0008289;GO:0005777;GO:0000062;GO:0006869;GO:0005829
B2HHM1	GO:0008152;GO:0047388;GO:0008882;GO:0000820;GO:0005524;GO:0000287
Q5X186	
P27310	GO:0070180;GO:0005840;GO:0003735;GO:0006412
Q2R3B4	GO:0005737;GO:0016881;GO:0009416;GO:0009733
Q6FWX8	GO:0016192
A7MTS9	GO:0003723;GO:0051539;GO:0070041;GO:0005506
Q57251	GO:0015129;GO:0015295;GO:0005886;GO:0005887
Q5X6L7	GO:0009014;GO:0009089;GO:0050897;GO:0008270;GO:0019877
A0LNR3	GO:0017168;GO:0005524;GO:0005975
A5CRW8	GO:0004479
Q87WV5	GO:0051287;GO:0000105;GO:0004399;GO:0008270
A0A1L8FZ84	GO:0005634;GO:0005886;GO:0022008;GO:0030182
Q6DHF9	GO:2000980;GO:0000976;GO:0045892;GO:0048741;GO:0006915;GO:0005634;GO:0000981;GO:0007519;GO:0048856;GO:0005667;GO:0005737;GO:0014857
A3QFP3	GO:0006635;GO:0003857;GO:0004300;GO:0005737;GO:0051287;GO:0008692
Q2GT05	GO:0006886;GO:0010008
Q6MSR8	GO:0004668;GO:0047632;GO:0009446
A8AU93	GO:0006281;GO:0006310
A1VA25	GO:0005737;GO:0008690;GO:0009103;GO:0033468
Q5DTU0	GO:0030296;GO:0035591;GO:0032675;GO:0042169;GO:0006954;GO:0007346;GO:0017124;GO:0005737;GO:0005886;GO:0045742;GO:0005829;GO:0032757;GO:0045893
Q7TPM1	GO:0030154
B2JX47	GO:0006094;GO:0005737;GO:0042132
P37116	GO:0010181;GO:0005789;GO:0003958;GO:0050660;GO:0050661;GO:0016021
P03244	GO:0042025;GO:0039502;GO:0030430;GO:0039526;GO:0039580
F7FQM7	GO:0042802;GO:0032489;GO:0033344;GO:0051180;GO:0010804;GO:0034364;GO:0045723;GO:0034372;GO:0010875;GO:0055091;GO:0007229;GO:0042157;GO:0042632;GO:0051006;GO:0070653;GO:0034366;GO:0051496;GO:0019899;GO:0010903;GO:0008211;GO:0045499;GO:0001932;GO:0018206;GO:0030139;GO:0050728;GO:0006695;GO:0060228;GO:0070508;GO:0043691;GO:0034375;GO:0070328;GO:0051346;GO:1900026;GO:0042627;GO:0001935;GO:0050821;GO:0035025;GO:0046470;GO:0042158;GO:0060354;GO:0030300;GO:0033700;GO:0007186;GO:0031210;GO:1902995;GO:0015485;GO:0008035;GO:0031072;GO:0032691;GO:0001540;GO:0010873;GO:0019915;GO:0034115;GO:0034361;GO:0006656;GO:0034380;GO:0046889;GO:0120020;GO:0043534;GO:0005543;GO:0010898;GO:0018158;GO:0050766;GO:0002719;GO:0034191;GO:0030325
Q91ZY6	GO:0030331;GO:0050692;GO:0030374;GO:0005634;GO:0065003;GO:0044877;GO:0003677;GO:0035259;GO:0007131;GO:0046966;GO:0050681;GO:0045944
Q0C7K7	GO:0005576;GO:0000272;GO:0030246;GO:0102210;GO:0071555
B6Q4Z5	GO:0016567
Q5AUM3	GO:0045490;GO:0005576;GO:0046558;GO:0045493;GO:0031222
Q8CTX6	GO:0006006;GO:0005737;GO:0008861
P09690	GO:0006936;GO:0045211;GO:0007165;GO:0035095;GO:1904315;GO:0045202;GO:0001941;GO:0030594;GO:0015267;GO:0005886;GO:0022848;GO:0031594;GO:0005887;GO:0007271;GO:0003009;GO:0005892;GO:0007274;GO:0043005;GO:0015464;GO:0006812;GO:0042166;GO:0015276;GO:0048747;GO:0042391;GO:0050877;GO:0007268;GO:0034220
Q68VN9	GO:0009014;GO:0009089;GO:0050897;GO:0008270;GO:0019877
Q2SWT6	GO:0050518;GO:0016114;GO:0019288
B3QXJ8	GO:0005840;GO:0003735;GO:0006412
Q48R90	GO:0008408;GO:0003677;GO:0003887;GO:0005737;GO:0006261
Q1J9R4	GO:0008408;GO:0003677;GO:0003887;GO:0005737;GO:0006261
Q0HKV8	GO:0005737;GO:0006427;GO:0004821;GO:0005524
P70169	GO:0031340;GO:0005509;GO:0008104;GO:0019905;GO:0048791;GO:0061669;GO:0032024;GO:0098793;GO:0005737;GO:0005886;GO:0045956;GO:0005544
Q8Z123	GO:0005737;GO:0006526;GO:0004585;GO:0016597
Q8PEZ6	GO:0005384;GO:0005886;GO:0016021
A0QF52	GO:0050511;GO:0008360;GO:0009252;GO:0007049;GO:0030259;GO:0051301;GO:0071555;GO:0005886;GO:0051991;GO:0005975
Q14II4	GO:0051539;GO:0004160;GO:0009099;GO:0009097;GO:0046872
B0Y0L8	GO:0045490;GO:0047490;GO:0005576;GO:0071555
Q98QJ8	GO:0047465;GO:0019262;GO:0009385;GO:0006051;GO:0005975
B1L7Q0	GO:0003924;GO:0006414;GO:0003746;GO:0005737;GO:1990904;GO:0005525
Q499U8	GO:0016021
A5DDB7	GO:0005634;GO:0006351;GO:0046872
B4T3Z4	GO:0030170;GO:0043825;GO:0019544;GO:0019545;GO:0006593
A7XXC2	GO:0039620;GO:0030430
Q8PY52	GO:0000049;GO:0006417;GO:0006412;GO:0003735;GO:0019843;GO:0015934
Q86UE4	GO:0001085;GO:0003725;GO:0005634;GO:0043066;GO:0005737;GO:0000122;GO:0005783;GO:0043123;GO:0003723;GO:0031663;GO:0051059;GO:0006357;GO:0010508;GO:0016021;GO:0005789;GO:0031965;GO:0001650;GO:0070830;GO:0048471;GO:0016324;GO:0016604;GO:0003713;GO:0003712;GO:0005923;GO:0046581;GO:0051092;GO:0045766;GO:0051897
Q9Z6V6	GO:0005737;GO:0004045;GO:0006412
Q2NWC3	GO:0005507;GO:0051301;GO:0007049;GO:0016491;GO:0042597
B6QMS8	GO:0031902;GO:0005794;GO:0015031;GO:0016021
A5GMJ9	GO:0006400;GO:0000049;GO:0005737;GO:0016783;GO:0005524
Q49093	GO:0005737;GO:0005524
Q7U4Z8	GO:0019286;GO:0052730;GO:0032259;GO:0017174
Q9M3J5	GO:0015031;GO:0009706;GO:0016021
B4G072	GO:0080043;GO:0047254;GO:0080044
Q9S816	GO:0004629;GO:0034480;GO:0009247;GO:0009395;GO:0016036;GO:0005829
Q8TDY2	GO:0006914;GO:0007507;GO:0019901;GO:0060090;GO:0001889;GO:0001934;GO:0000422;GO:0046330;GO:0034045;GO:0005829;GO:0034727;GO:1990316;GO:0061723;GO:0016241;GO:0007049;GO:0030242;GO:0000407;GO:0005789;GO:0005764;GO:0031965;GO:0019898;GO:0045793;GO:0000045;GO:0016236;GO:0061709;GO:2001237
Q65D22	GO:0004139;GO:0005737;GO:0016052;GO:0009264;GO:0046386
Q5BIP9	GO:0017017;GO:0005743;GO:0005634;GO:0008138;GO:0004725;GO:0005737;GO:0016311;GO:0035335;GO:0035970;GO:0016791
Q6S004	GO:0005813;GO:0003777;GO:0008017;GO:0005874;GO:0007052;GO:0005737;GO:0005524;GO:0007018
Q69ZU6	GO:0005576;GO:0031532;GO:0001525;GO:0005886;GO:0016021;GO:0030154;GO:0098846
B8NKS1	GO:0005737;GO:0030435;GO:0046872
Q4L5Q4	GO:0006526;GO:0044205;GO:0005524;GO:0006541;GO:0006207;GO:0004088
Q8BXR5	GO:0060075;GO:0070588;GO:0005261;GO:0071805;GO:0034765;GO:0005272;GO:0035725;GO:0016021;GO:0005244;GO:0022840
Q8R2N2	GO:0000462;GO:0032040;GO:0030686;GO:0005730;GO:0005694;GO:0006355;GO:0030490;GO:0001650;GO:0034455
P46153	GO:1990837;GO:0051145;GO:0005634;GO:0000981;GO:0010666;GO:0019901;GO:0035239;GO:0001103;GO:0030513;GO:0008584;GO:0032911;GO:0043066;GO:0001701;GO:0000122;GO:0001889;GO:0043627;GO:0006644;GO:0070848;GO:0045893;GO:0051591;GO:0045165;GO:0000978;GO:0007493;GO:0032912;GO:0071773;GO:0060510;GO:0048738;GO:0003148;GO:0051891;GO:0003310;GO:0003690;GO:0014898;GO:0003682;GO:0008134;GO:0000976;GO:0060045;GO:0060430;GO:0071158;GO:0005667;GO:0043565;GO:0000987;GO:0055007;GO:0042475;GO:0031016;GO:0048645;GO:0009636;GO:0045944;GO:0060486;GO:0003700;GO:0035987;GO:0045892;GO:0030855;GO:0060947;GO:0071371;GO:0110024;GO:0071456;GO:1902894;GO:0003677;GO:0042493;GO:0008270;GO:0060575;GO:0045766;GO:0003309;GO:0010468
Q6BHF8	GO:0006914;GO:0005737;GO:0016020;GO:0015031
B1KXT6	GO:0046933;GO:0046961;GO:0005524;GO:0042777
C6DIA7	GO:0005737;GO:0008743;GO:0008270;GO:0019518
Q7T2G1	GO:0005634;GO:0046872;GO:0006357;GO:0003714
P36311	GO:0003678;GO:0046872;GO:0042025;GO:0006260;GO:0039526;GO:0039592;GO:0003677;GO:0039645;GO:0005524;GO:0004519;GO:0039693
Q57950	GO:0005737;GO:0008270
P94516	GO:0005886;GO:0019835;GO:0012501;GO:0016021
Q65WJ5	GO:0030145;GO:0005737;GO:0019569;GO:0008733
Q09901	GO:0009313;GO:0044247;GO:0030246;GO:0009986;GO:0090599
Q08016	GO:0005737;GO:0004585;GO:0016597;GO:0019240;GO:0042450
Q9DLD3	GO:0019012;GO:0030430;GO:0004482;GO:0005524;GO:0003968
Q8VDL9	GO:1990837;GO:0005634;GO:0000981;GO:0061005;GO:0005737;GO:0000122;GO:0045893;GO:0000978;GO:0006357;GO:0016607;GO:0001822;GO:0060994;GO:0045879;GO:0000976;GO:0005667;GO:1900182;GO:0000977;GO:0045944;GO:0003700;GO:0045892;GO:0097730;GO:0007417;GO:0001228;GO:0003677;GO:0043433;GO:0046872
B1GZ76	GO:0006351;GO:0003899;GO:0003677;GO:0008270;GO:0000287
P16753	GO:0042802;GO:0042025;GO:0030430;GO:0019076;GO:0004252
Q07NF6	GO:0000162;GO:0004425
O34449	GO:0003677
Q5DRE8	GO:0042802;GO:0005509;GO:0007155;GO:0007156;GO:0005887
Q8NZB5	GO:0008408;GO:0003677;GO:0003887;GO:0005737;GO:0006261
Q2PS20	GO:0007204;GO:0010314;GO:0030314;GO:0005634;GO:0033017;GO:0032266;GO:0055074;GO:0000122;GO:0030018;GO:0005886;GO:0016020;GO:0016021;GO:0080025;GO:0001227;GO:0005789;GO:0001046;GO:0005546;GO:0005547;GO:0001786;GO:0007275;GO:0045892;GO:0070273;GO:0070300;GO:0055024;GO:0060316;GO:0016529
Q60331	GO:0006520;GO:0006450;GO:0050567;GO:0004067;GO:0005524;GO:0006412
F2Y4A3	GO:0017050;GO:0071215;GO:0006665;GO:0070300;GO:0009737;GO:0008481;GO:0046512;GO:0001727;GO:0005737;GO:0016020;GO:0016310;GO:0009705;GO:0005524;GO:0043231;GO:0003951
B3QUL7	
A9B9Z7	GO:0005737;GO:0006427;GO:0004821;GO:0005524
P22193	GO:0033314;GO:0031573;GO:0140445;GO:0005634;GO:0030896;GO:0035861;GO:0005737;GO:0000077;GO:0006281;GO:0000723;GO:0033315;GO:0007095;GO:0005829
C5A739	GO:0004817;GO:0005737;GO:0005524;GO:0008270;GO:0006423
P0DMS6	GO:1902995;GO:0008289;GO:0008203;GO:0034364;GO:0006869;GO:0050766;GO:0010875;GO:0050821;GO:0042157
Q2KJD6	GO:0055037;GO:0005769;GO:0005813;GO:0051301;GO:0007049;GO:1990126;GO:0030496;GO:1903566;GO:0032465;GO:0030030;GO:0045724;GO:0036064;GO:0015031
Q9UMN6	GO:0097692;GO:0080182;GO:0009994;GO:0045652;GO:0001541;GO:0005634;GO:0030728;GO:0007613;GO:0016458;GO:0044648;GO:0005654;GO:0042800;GO:0035097;GO:0008270;GO:0045322;GO:0051569;GO:0051568;GO:0045893
A4QP73	GO:0051301;GO:0007049;GO:0005743;GO:0055114;GO:0070469;GO:0034551
O68033	GO:0008408;GO:0006259;GO:0004519
O60894	GO:0001635;GO:0060050;GO:0097647;GO:1990408;GO:0031623;GO:0008277;GO:0001525;GO:0007189;GO:0009986;GO:0032870;GO:0005886;GO:1990406;GO:0005887;GO:0007186;GO:0150056;GO:0015026;GO:0006816;GO:0072659;GO:0097643;GO:1990407;GO:0006886;GO:0005615;GO:0043235;GO:0032092;GO:0015031
P09257	GO:0020002;GO:0044175;GO:0055036;GO:0019031;GO:0046718;GO:0016021;GO:0044178;GO:0019062
Q7N706	GO:0051539;GO:0046429;GO:0019288;GO:0005506;GO:0016114
Q1J6Q6	GO:0016887;GO:0015594;GO:0015595;GO:0005524;GO:0043190
Q57RG6	GO:0019556;GO:0005737;GO:0004397;GO:0019557
Q9ZR12	GO:0009733;GO:0019005;GO:0005634;GO:0010152;GO:0045014;GO:0006952;GO:0000822;GO:0031146;GO:0004842;GO:0010011;GO:0009734
A0LEB2	GO:0005737;GO:0004055;GO:0006526;GO:0005524
C0SPA5	GO:0016616;GO:0008270
Q5WIL7	GO:0015416;GO:0005886;GO:0016887;GO:0005524
Q8TDM0	GO:0031083
P04391	GO:0005737;GO:0004585;GO:0016597;GO:0046872;GO:0019240;GO:0042450
Q9CBT4	GO:0008152;GO:0047388;GO:0008882;GO:0000820;GO:0005524;GO:0000287
Q9HFC8	GO:0004198
Q7L2R6	GO:0000978;GO:0006357;GO:0005634;GO:0000981;GO:0046872
Q6A6A0	GO:0047465;GO:0019262;GO:0009385;GO:0006051;GO:0005975
P24054	GO:0005509;GO:0005518;GO:0098978;GO:0098965;GO:0099560;GO:0007165;GO:0048856;GO:0050840;GO:0005615;GO:0045202
Q8S3D2	GO:0003700;GO:0005634;GO:0046983;GO:0003677;GO:0006355
A4WBC2	GO:0008676;GO:0005737;GO:0019294
Q0AVM4	GO:0019605;GO:0005737;GO:0004085;GO:0050660
Q2PIU8	GO:0005634;GO:0006281;GO:0008156;GO:0051321
P42328	GO:0004022;GO:0008270
Q898R1	GO:0006007;GO:0006096;GO:0005737;GO:0030145;GO:0046537
A0Q6R5	GO:0051539;GO:0004160;GO:0009099;GO:0009097;GO:0046872
P35161	GO:0005886;GO:0017004;GO:0016021
Q48884	GO:0005737;GO:0005524
B8EPU9	GO:0009039;GO:0005737;GO:0016151;GO:0043419
P27448	GO:0070062;GO:0018105;GO:0050321;GO:0000165;GO:0035556;GO:0032092;GO:0005737;GO:0005886;GO:0030425;GO:0035331;GO:0005524;GO:0036289;GO:0048156;GO:0005829;GO:0004674;GO:0006468;GO:0000226
P18745	GO:0003677;GO:0005634;GO:0046872
Q111U1	GO:0042773;GO:0042651;GO:0048038;GO:0019684;GO:0016021;GO:0008137
Q5UPG7	
O80742	GO:0005634;GO:0004842;GO:0010029;GO:0005737
O62714	GO:0038023;GO:0005509;GO:0006874;GO:0004930;GO:0042803;GO:0016597;GO:0051924;GO:0005513;GO:0005887;GO:0007186
Q5D7I9	GO:0006914;GO:0043410;GO:0000932;GO:0005634;GO:0070534;GO:0051607;GO:0051092;GO:0008270;GO:0043123;GO:0045087;GO:0004842;GO:0002218;GO:0031664;GO:0038187
Q9UPW0	GO:1990837;GO:0000978;GO:0000790;GO:0000981;GO:0001228;GO:0043565;GO:0045944
Q1IJG7	GO:0006419;GO:0000049;GO:0005737;GO:0004813;GO:0005524;GO:0008270
B1LQN8	GO:0030091;GO:0042597;GO:0043546;GO:0046872;GO:0016672
Q39KT9	GO:0019464;GO:0008483;GO:0004047
F0SLK8	GO:0052856;GO:0052857;GO:0000166;GO:0046872
A8LKJ1	GO:0051539;GO:0003861;GO:0009098;GO:0046872
B2FL33	GO:0006419;GO:0000049;GO:0005737;GO:0004813;GO:0005524;GO:0008270
B1LFT4	GO:0005737;GO:0009088;GO:0005524;GO:0004413
G5ECX0	GO:0030246;GO:0004930;GO:0004175;GO:0007189;GO:0007166;GO:0005887;GO:0097264
Q9LHQ7	GO:0006370;GO:0005634;GO:0004482;GO:0003723;GO:0005845
B3EAF2	GO:0006402;GO:0006396;GO:0005737;GO:0004654;GO:0003723;GO:0000287
A3M1C6	GO:0008360;GO:0009252;GO:0007049;GO:0051301;GO:0071555;GO:0005737;GO:0005524;GO:0008764
A2SLG4	GO:0006351;GO:0003899;GO:0003677;GO:0008270;GO:0000287
B8NTI4	GO:0042732;GO:0005737;GO:0005998;GO:0005524;GO:0004856
Q5R5J8	GO:0031228;GO:0005789;GO:0002178;GO:0005794;GO:0005783;GO:0016021;GO:0018230;GO:0043849
O75122	GO:1903754;GO:0007020;GO:0051301;GO:0031023;GO:0007163;GO:0005802;GO:0005737;GO:0005794;GO:0032956;GO:0010634;GO:0002162;GO:0031113;GO:0006903;GO:0000226;GO:0090091;GO:0010458;GO:0005815;GO:0030516;GO:0035791;GO:1990782;GO:0045921;GO:0007052;GO:0007026;GO:0005886;GO:0007030;GO:0016020;GO:0005881;GO:0090307;GO:0032886;GO:0005829;GO:0051895;GO:0031110;GO:0005828;GO:0051010;GO:0008017;GO:0032587;GO:0010470;GO:0045180;GO:0005876;GO:0051497;GO:0072659;GO:0000777;GO:0010717;GO:0005874;GO:0044295;GO:0005938;GO:1904261;GO:0040001;GO:0034453;GO:0031252;GO:0051015;GO:1903690
B5BLH9	GO:0006457;GO:0031072;GO:0051082;GO:0006260;GO:0009408;GO:0005737;GO:0008270;GO:0005524
A2ZC67	GO:0004190
C0ZAN3	GO:0009432;GO:0003677;GO:0006281;GO:0006310;GO:0009379;GO:0005524;GO:0009378
Q0T431	GO:0033737;GO:0019477;GO:0051287;GO:0019145;GO:0009447
B1XBC8	GO:0005737;GO:0009088;GO:0005524;GO:0004413
Q876L3	GO:0005789;GO:0008374;GO:0016021
A9WS85	GO:0004823;GO:0006429;GO:0002161;GO:0005737;GO:0005524
A6ZYV1	GO:0031505;GO:0005794;GO:0015031
Q2U3V4	GO:0042732;GO:0005737;GO:0005998;GO:0005524;GO:0004856
P45800	GO:0005886;GO:0016021
Q8TIU5	GO:0046872;GO:0006418;GO:0000049;GO:0005524;GO:0006431;GO:0005829;GO:0004825
B3CSG3	GO:0008360;GO:0009252;GO:0007049;GO:0051301;GO:0019277;GO:0008760;GO:0005737;GO:0071555
E1C8P7	GO:0007417;GO:0007156;GO:0010842;GO:0005886;GO:0007416;GO:0016021;GO:0060219;GO:0045202
P42240	GO:0008867;GO:0046392;GO:0019698
P50023	GO:0006457;GO:0051082;GO:0005524
Q8W475	GO:0003677;GO:0007275;GO:0006338;GO:0016514
P33561	GO:0004386;GO:0008186;GO:0005524;GO:0003723;GO:0006353
Q8VZU2	GO:0031201;GO:0051301;GO:0007049;GO:0040008;GO:0005484;GO:0006887;GO:0006886;GO:0005886;GO:0006906;GO:0012505;GO:0016021;GO:0000149;GO:0048278
O42202	GO:0045746;GO:0000978;GO:0006357;GO:0030182;GO:0005634;GO:0000981;GO:0031099;GO:0046983;GO:0005737;GO:0048923;GO:0060119;GO:0062139;GO:0031018
P37242	GO:0042802;GO:1990837;GO:0002154;GO:0001225;GO:0090207;GO:0005634;GO:0000122;GO:0097067;GO:0008016;GO:0006355;GO:0031490;GO:0019899;GO:0009755;GO:0000978;GO:0006357;GO:0070324;GO:0003690;GO:0004879;GO:0007621;GO:0045778;GO:0008284;GO:0009887;GO:0007605;GO:0030154;GO:0045944;GO:0090181;GO:0003700;GO:0032332;GO:0045892;GO:0008050;GO:0019216;GO:0060509;GO:0016604;GO:0008270
B7HPY8	GO:0003676;GO:0006430;GO:0005737;GO:0004824;GO:0005524;GO:0000287
A0AIK5	GO:0003684;GO:0030983;GO:0005524;GO:0006298
P83304	GO:0005537;GO:0007157;GO:0005536
P38813	GO:0006078;GO:0030176;GO:0071555;GO:0009272;GO:0005783
Q15652	GO:0046872;GO:0006357;GO:0033169;GO:0032454;GO:0005654;GO:0000118;GO:0003712;GO:0000785;GO:0006355;GO:0046966;GO:0031490;GO:0051213;GO:0007596
Q2UKH7	GO:0005634;GO:0036265;GO:0030488
Q1I2G9	GO:0003725;GO:0002949;GO:0061710;GO:0005737;GO:0005524
A1K719	GO:0009014;GO:0009089;GO:0050897;GO:0008270;GO:0019877
A2C6Z6	GO:0042026;GO:0005737;GO:0051082;GO:0005524
B0R4W1	GO:0070180;GO:0042254;GO:0005840;GO:0006412
Q6ZM89	GO:0005096;GO:0007165
Q8CI75	GO:0000932;GO:0010587;GO:0051301;GO:0000278;GO:0000178;GO:0019827;GO:0006402;GO:0000175;GO:0008266;GO:0008285;GO:0051306;GO:0005737;GO:0004540;GO:1990074;GO:0000287;GO:0034427;GO:0000291
Q9PUI1	GO:0102568;GO:0005509;GO:0004623;GO:0005576;GO:0090729;GO:0102567;GO:0016042;GO:0006644;GO:0050482
Q5ZJJ9	GO:0005737;GO:0007165
A8AX59	GO:0004139;GO:0005737;GO:0016052;GO:0009264;GO:0046386
P0A3J0	GO:0006457;GO:0051082;GO:0044406;GO:0009986;GO:2001065;GO:0005524;GO:0098630
A6T017	GO:0004107;GO:0009423;GO:0009073
O26890	GO:0009088;GO:0071266;GO:0004073;GO:0046983;GO:0050661;GO:0009097;GO:0009089;GO:0051287;GO:0019877
Q9YHZ7	GO:0003700;GO:0005634;GO:0030520;GO:0042562;GO:0005496;GO:0071392;GO:0043565;GO:0008270;GO:0050776;GO:0030284
P55673	GO:0065003;GO:0009399;GO:0016163
C7M0M0	GO:0004222;GO:0030163;GO:0016021;GO:0004176;GO:0005886;GO:0005524;GO:0008270
Q42262	GO:0022626;GO:0042788;GO:0009506;GO:0005730;GO:0003729;GO:0005886;GO:0006412;GO:0005829;GO:0022627;GO:0003735;GO:0005618
Q9E6P8	GO:0005198;GO:0042025;GO:0039622
C1D195	GO:0005737;GO:0008743;GO:0008270;GO:0019518
B0F0H3	GO:0006351;GO:0009798;GO:0014065;GO:0043491;GO:0046872;GO:0050768;GO:0016740;GO:0045944;GO:0009792
Q9XTT4	GO:0005819;GO:0040011;GO:0005634;GO:0017049;GO:0030496;GO:0000915;GO:0040038;GO:0030590;GO:0005737;GO:0008104;GO:0008017;GO:0051017;GO:0031106;GO:0045138;GO:0032154;GO:0005874;GO:0030865;GO:0030426;GO:0000281;GO:0040002;GO:0005826;GO:0005938;GO:0040035;GO:0051015;GO:0031252;GO:0009792
Q0DWQ1	GO:0009247;GO:0046509;GO:0031969
Q93971	GO:0000278;GO:0005261;GO:0070838;GO:0005886;GO:0030421;GO:0098655;GO:0008406;GO:0006812;GO:0005887;GO:0008324
Q2P3Z2	GO:0016750;GO:0005737;GO:0006535
Q5HS76	GO:0003852;GO:0009098
A8F461	GO:0005198;GO:0071973;GO:0009428;GO:0030288
G0SAK3	GO:0005643;GO:0016787;GO:0031965;GO:0003723;GO:0017056;GO:0051028;GO:0015031
Q1GZV9	GO:0005198;GO:0071973;GO:0009428;GO:0030288
Q9HYV7	GO:0042758;GO:0006631;GO:0061990;GO:0006633;GO:0033818;GO:0004315
A6V383	GO:0006635;GO:0005737;GO:0003988
P44894	GO:0045284;GO:0000104;GO:0016491;GO:0050660;GO:0005886;GO:0006113;GO:0102040;GO:0009061;GO:0009055
Q8QZR4	
Q5QXD0	GO:0005886;GO:0015439;GO:0005524
Q59906	GO:0006096;GO:0005737;GO:0050661;GO:0051287;GO:0004365;GO:0006006
A5EMM2	GO:0019464;GO:0004375
Q7NC65	GO:0006072;GO:0019563;GO:0006071;GO:0005524;GO:0004370
B5YY97	GO:0005737;GO:0009088;GO:0005524;GO:0004413
A0A142C799	GO:0006633;GO:0016788;GO:0004315;GO:0031177
B0K1Y9	GO:0051539;GO:0002935;GO:0070040;GO:0000049;GO:0005737;GO:0046872;GO:0019843;GO:0070475
B0K9Q9	GO:0019288;GO:0070402;GO:0030604;GO:0046872;GO:0016114
A5UBH4	GO:0032259;GO:0009086;GO:0003871;GO:0008270
D5MP61	GO:0030247;GO:0030245;GO:0033905;GO:0045493
E2IUA9	GO:0016104;GO:0000250;GO:0042300;GO:0016866;GO:0005811
Q41607	GO:0016157;GO:0005985
Q28479	GO:0005739;GO:0006099;GO:0004449;GO:0051287;GO:0000287
P97329	GO:0005871;GO:0061952;GO:0005819;GO:0003777;GO:0008017;GO:0032154;GO:0005874;GO:0005634;GO:0019901;GO:0016887;GO:0030496;GO:0000281;GO:0045171;GO:0005654;GO:0032465;GO:0005794;GO:0005524;GO:0001578;GO:0007018;GO:0015031
Q9U903	GO:0003677;GO:0003700;GO:0007275;GO:0005634
Q9CNT1	GO:0030170;GO:0005737;GO:0006526;GO:0003992
Q6ZPI0	GO:0046872;GO:0006915;GO:0005634;GO:0043981;GO:2000134;GO:0043966;GO:0003713;GO:0005737;GO:0005886;GO:0016607;GO:0005694;GO:0036064;GO:0090090;GO:0000123;GO:0043983;GO:0043982;GO:0005829
Q9NYJ7	GO:0001501;GO:0005509;GO:0048339;GO:0005112;GO:0016021;GO:0050768;GO:0007219;GO:0001756;GO:0007386
C3K1N5	GO:0008616;GO:0016740;GO:0005737;GO:0016853
B2I9B2	GO:0008360;GO:0009252;GO:0007049;GO:0051301;GO:0071555;GO:0005737;GO:0008763;GO:0005524
Q8JG69	GO:0071880;GO:0006940;GO:0071881;GO:0030168;GO:0004930;GO:0004938;GO:0019229;GO:0051379;GO:0005887
Q4JR05	GO:0020002;GO:0044175;GO:0055036;GO:0019031;GO:0046718;GO:0016021;GO:0044178;GO:0019062
A1V6L4	GO:0008712;GO:0050661;GO:0097171;GO:0005975
Q29131	GO:0003700;GO:0005634;GO:0043565;GO:0005737;GO:0008270;GO:0005496
Q5LRF9	GO:0006189;GO:0004641;GO:0005524;GO:0005737
Q6PHK6	GO:0001227;GO:0005634;GO:0008283;GO:0043565;GO:0032422;GO:0000977;GO:0030154;GO:0003690
P96315	GO:0009405;GO:0090729;GO:0005102;GO:0030435
A9VB27	GO:0017108;GO:0005739;GO:0005634;GO:0006260;GO:0005730;GO:0043137;GO:0003677;GO:0004523;GO:0005654;GO:0030145;GO:0000287;GO:0048256;GO:0006284;GO:0008409
O35774	GO:0008104;GO:0044458;GO:0097225;GO:0045184;GO:0097228;GO:0097229;GO:0005737;GO:0051018;GO:0005929;GO:0030018;GO:0007178;GO:0031514;GO:0030317;GO:0035686;GO:0048471;GO:0097224
P75588	GO:0005886;GO:0016021
O77086	GO:0045214;GO:0016203;GO:0043087;GO:0045880;GO:0005088;GO:0017124;GO:0007525;GO:0007265;GO:0043547;GO:0017034
Q5UQR4	GO:0019012
Q7VW48	GO:0005737;GO:0030145;GO:0070006
Q5F8N2	GO:0003887;GO:0005737;GO:0006281;GO:0000287;GO:0003684;GO:0006261
P54261	GO:0005829;GO:0008483;GO:0019464;GO:0004047
Q80TF6	GO:0005871;GO:0003777;GO:0008017;GO:0008289;GO:0005874;GO:0005634;GO:0008574;GO:0016887;GO:0051225;GO:0005737;GO:0005524;GO:0005814;GO:0007018
B7KSZ4	GO:0006457;GO:0051082;GO:0005524
P46097	GO:0043533;GO:0030672;GO:0030424;GO:0017158;GO:0016192;GO:0071277;GO:1903861;GO:0030276;GO:0005886;GO:0016079;GO:0042584;GO:0005509;GO:0019905;GO:0070382;GO:0048791;GO:0001786;GO:0048488;GO:0005544;GO:0014059;GO:0030285;GO:0031045;GO:0000149;GO:0017156
Q9M9H6	GO:0004103;GO:0009611;GO:0005524
P0C7T2	GO:0004984;GO:0004930;GO:0005886;GO:0016021
A4SPS7	GO:0009014;GO:0009089;GO:0050897;GO:0008270;GO:0019877
A1A756	GO:0005737;GO:0009088;GO:0005524;GO:0004413
Q8BX13	GO:0030332;GO:0005634;GO:0044390;GO:0061630;GO:0043161;GO:0000209;GO:0006513;GO:0031624;GO:0005829;GO:0000151;GO:0051865
P03243	GO:0039526;GO:0042025;GO:0061665;GO:0030430
Q7SDH9	GO:1902983;GO:0000811
Q9UPA5	GO:0099526;GO:0044306;GO:0046872;GO:0060076;GO:0098978;GO:0048788;GO:0005634;GO:0048786;GO:0009986;GO:0098685;GO:0008021;GO:0030425;GO:0030672;GO:0007268;GO:0098982;GO:0014069;GO:1904071;GO:0035418;GO:0030424;GO:0098882
Q3BVY2	GO:0042744;GO:0004096;GO:0046872;GO:0006979;GO:0020037
Q306W5	GO:0020002;GO:0042025;GO:0005198;GO:0030430;GO:0055036;GO:0039619;GO:0039657;GO:0016021;GO:0003723;GO:0039654;GO:0019062;GO:0004252
Q6FR76	GO:0017116;GO:0061631;GO:0097505;GO:0005737;GO:0071455;GO:0051569;GO:0031571;GO:0042276;GO:0120174;GO:0030435;GO:0042138;GO:0030433;GO:0006348;GO:0090089;GO:0000724;GO:0070987;GO:0070534;GO:0005524;GO:2000639;GO:0003697;GO:1990303;GO:0033503;GO:0000790;GO:0000722;GO:0070628;GO:0071596;GO:0010390;GO:1990304;GO:0006353;GO:0006366;GO:0000781;GO:0071894;GO:0042275;GO:0071629
Q9D0F1	GO:0042802;GO:0005813;GO:0051301;GO:1905342;GO:0005634;GO:0051315;GO:0005654;GO:0007059;GO:0008608;GO:0031262;GO:0007052;GO:0090267;GO:0051383;GO:0000942;GO:0000070;GO:0000777;GO:0000778;GO:0000775;GO:0000132;GO:0000776;GO:0051310
Q607S4	GO:0009380;GO:0009432;GO:0003677;GO:0006289;GO:0005737;GO:0009381
C0ME86	GO:0006457;GO:0051082;GO:0005524
O00241	GO:0022409;GO:0050870;GO:0007165;GO:0050766;GO:0009986;GO:0005886;GO:0030667;GO:0043312;GO:0045087;GO:0007166;GO:0005887
Q8IX01	GO:0006397;GO:0005654;GO:0008380;GO:0016604;GO:0003723
F7AEX0	GO:0016567;GO:0000993;GO:0009411;GO:0005694;GO:0006283
Q7W5K6	GO:0005737;GO:0030145;GO:0070006
B2S239	GO:0004817;GO:0005737;GO:0005524;GO:0008270;GO:0006423
Q2RQZ4	GO:0003998
O07737	GO:0004022;GO:0008270
C5D3N0	GO:0003935;GO:0008686;GO:0009231;GO:0008270;GO:0030145;GO:0005525;GO:0000287
A4FZ74	GO:0003689;GO:0005663;GO:0005524;GO:0006260
Q8BLH5	GO:0006508;GO:0004298;GO:0005737;GO:0005783;GO:0016021;GO:0004252
Q9SA22	GO:0004722;GO:0005634;GO:0005886;GO:0046872;GO:0005829
A1WGI4	GO:0055129;GO:0004350;GO:0005737;GO:0050661
A4G230	GO:0000287;GO:0004775;GO:0005524;GO:0006099
Q5P4J6	GO:0002098;GO:0050660;GO:0005737
B0KPG6	GO:0008616;GO:0016740;GO:0005737;GO:0016853
B2IPX3	GO:0003678;GO:0008408;GO:0000724;GO:0005524;GO:0003690
Q9ZSB5	GO:0006511;GO:0008234;GO:0016579;GO:0004843
Q8GY54	GO:0046686;GO:0003839;GO:0006751;GO:0005737;GO:0010288
Q90625	GO:0000978;GO:0006357;GO:0001227;GO:0005654;GO:0046872
Q1IDS5	GO:0003677;GO:0004386;GO:0005524;GO:0006355
Q9RDH8	GO:0016872;GO:0062193;GO:0016866;GO:0005829;GO:0048029;GO:0019303
Q8R1D1	GO:0000978;GO:0006357;GO:0046872;GO:0005634;GO:0000981
Q49A88	GO:0005813;GO:0071539;GO:0005737;GO:0034451;GO:0021762
P53686	GO:0005634;GO:0045950;GO:0031939;GO:0000183;GO:0070933;GO:0005737;GO:0046970;GO:0008270;GO:0070403;GO:0017136;GO:0016740
Q68WT3	GO:0019430;GO:0005737;GO:0004791
Q0TLY6	GO:0005737;GO:0009088;GO:0005524;GO:0004413
Q1LJF1	GO:0019556;GO:0019557;GO:0005737;GO:0050480;GO:0008270;GO:0005506
P22663	GO:0046933;GO:0033178;GO:0005524;GO:0042777
Q92750	GO:0006366;GO:0051059;GO:0007283;GO:0016251;GO:1901796;GO:0005669;GO:0003677;GO:0005654;GO:0005737;GO:0048477;GO:0046982;GO:0001650;GO:0006367
Q9P2E9	GO:0038023;GO:0001649;GO:0030176;GO:0005840;GO:0016020;GO:0005783;GO:0006412;GO:0003723;GO:0015031
Q65JJ8	GO:0003746;GO:0005737
O42900	GO:0042147;GO:0034272;GO:0016236;GO:0030242;GO:0034271;GO:0071561;GO:0045324;GO:0005524;GO:0006623;GO:0005829;GO:0004674;GO:0006468;GO:0005770;GO:0023052
Q2M2H8	GO:0004339;GO:0030246;GO:0016021;GO:0005975
Q31QF1	GO:0051539;GO:0044689;GO:0005506
Q8N187	GO:0051090;GO:0003700;GO:0000978;GO:0061400;GO:0071277;GO:0001652;GO:0005634;GO:0001228;GO:0003677;GO:0035865
Q0IXP9	GO:0005737;GO:0004252
Q9A2I0	GO:0046872;GO:0016208;GO:0003987;GO:0005524;GO:0019427
Q60J38	GO:0003723;GO:0005737
P21521	GO:0008021;GO:0030672;GO:0042803;GO:0030424;GO:0031340;GO:0017158;GO:0016192;GO:0071277;GO:0043195;GO:0030276;GO:0005886;GO:0016021;GO:0031594;GO:0016079;GO:0007269;GO:0005509;GO:0019905;GO:0050803;GO:0070382;GO:1900073;GO:0048791;GO:0001786;GO:0048488;GO:0005544;GO:0014059;GO:0030285;GO:0031045;GO:0060024;GO:0007268;GO:0000149;GO:0150007;GO:0017156;GO:0007317;GO:0008345
Q83R90	GO:0033737;GO:0019477;GO:0051287;GO:0019145;GO:0009447
O88600	GO:0001085;GO:0005739;GO:0005634;GO:0009408;GO:0043066;GO:0005737;GO:0043392;GO:0032092;GO:0051131;GO:0010629;GO:0005524;GO:0001822;GO:0060548;GO:0005829;GO:0001933;GO:0010628;GO:0070062;GO:0045040;GO:0044877;GO:0045766;GO:0033613;GO:0005811
Q3SS04	GO:0005737;GO:0030145;GO:0070006
O02626	GO:0000187;GO:0042981;GO:2000294;GO:0007618;GO:0006915;GO:0032483;GO:0010877;GO:0014057;GO:1904731;GO:0005737;GO:0016020;GO:0017112;GO:0030421;GO:0007268;GO:0018991;GO:0007419;GO:1905488;GO:0045202
G4MLU0	GO:0005576;GO:0031225;GO:0045493;GO:0005886;GO:0031176
Q72CE9	GO:0006457;GO:0051301;GO:0007049;GO:0005737;GO:0003755;GO:0015031
Q8RR32	GO:0005737;GO:0006741;GO:0019674;GO:0005524;GO:0046872;GO:0003951
Q5BK61	GO:0005546;GO:0032266;GO:0031901;GO:0005654;GO:0005886;GO:0015031
Q7K1U0	GO:0048168;GO:0051028;GO:1903561;GO:0098975;GO:0003729;GO:0030017;GO:0016020;GO:0042595;GO:0110077;GO:0003012;GO:0045202
P58929	GO:0042802;GO:0000978;GO:0006357;GO:0005634;GO:0001228;GO:0005654;GO:0046872;GO:0005829
P07719	
Q155Z9	GO:0039694;GO:0039557;GO:0004197;GO:0039540;GO:0039722;GO:1990380;GO:0005198;GO:0003723;GO:0039548;GO:0046718;GO:0018144;GO:0039617;GO:0004843;GO:0044162;GO:0016020;GO:0039707;GO:0005524;GO:0039547;GO:0039538;GO:0039545;GO:0005216;GO:0003724;GO:0039618;GO:0061578;GO:0003968;GO:0044385;GO:0006351;GO:0039723;GO:0051259;GO:0044196;GO:0019062
A8EU69	GO:0005737;GO:0070043
P17576	GO:0004190
Q9FMF7	GO:0009534;GO:0071423;GO:0015813;GO:0009624;GO:0015140;GO:0009706;GO:0019676;GO:0009536;GO:0005313;GO:0016021;GO:0015729;GO:0015131;GO:0009507;GO:0009941
A0R8E9	GO:0003676;GO:0006430;GO:0005737;GO:0004824;GO:0005524;GO:0000287
Q8NN99	GO:0004452;GO:0016787;GO:0008299;GO:0050992;GO:0005737;GO:0046872
Q742L2	GO:0004648;GO:0030170;GO:0005737;GO:0006564;GO:0008615
Q53QK0	GO:0008171;GO:0008757;GO:0019438;GO:0046983;GO:0032259
P15423	GO:0019064;GO:0055036;GO:0019031;GO:0009405;GO:0075509;GO:0046813;GO:0016021;GO:0039654;GO:0044173
Q5L5M0	GO:0004523;GO:0005737;GO:0030145;GO:0003723;GO:0006401
P44893	GO:0051539;GO:0045284;GO:0051538;GO:0051537;GO:0006099;GO:0046872;GO:0102040;GO:0009061;GO:0009055
Q89EA0	GO:0022857;GO:0015141;GO:0015138;GO:0005886;GO:0016020;GO:0070778;GO:0016021;GO:0015366
A5F6A9	GO:0005198;GO:0009420;GO:0005576;GO:0071973
Q60187	GO:0046933;GO:0033178;GO:0005524;GO:0042777
B3NSE1	GO:0015771;GO:0005886;GO:0015574;GO:0016021
Q8XAG0	GO:0009039;GO:0005737;GO:0016151;GO:0043419
Q6BPW7	GO:0016740;GO:0005739
B8J025	GO:0005737;GO:0002949;GO:0005506;GO:0061711
C5FRB0	GO:0031307;GO:0032865;GO:0008289;GO:0000002;GO:0006869
P12430	GO:0019048;GO:0055036;GO:0044167;GO:0016021;GO:0039654;GO:0044178;GO:0019062
Q603U2	GO:0046961;GO:0045261;GO:0005886;GO:0005524;GO:0046933
P0CH02	GO:0016567;GO:0016021;GO:0030247;GO:0046872;GO:0016740
A7H9F8	GO:0006402;GO:0006396;GO:0005737;GO:0004654;GO:0003723;GO:0000287
Q8R7T8	GO:0003924;GO:0003746;GO:0005737;GO:0005525
P35319	GO:0043565;GO:0003700
Q9UBP6	GO:0006400;GO:0008176;GO:0030488;GO:0005634;GO:0036265;GO:0005730;GO:0000049;GO:0005654;GO:0043527;GO:0005829
A7ZN92	GO:0030091;GO:0042597;GO:0043546;GO:0046872;GO:0016672
Q7VDL7	GO:0003676;GO:0018364;GO:0036009;GO:0102559
Q25434	GO:0005576
Q7T0L6	GO:0016567;GO:0051301;GO:0007049;GO:0019005;GO:0005634;GO:0010826;GO:0005737;GO:0031146;GO:0005814
P96793	GO:0009898;GO:0030246;GO:0061634;GO:0005975
Q2JXF5	GO:0003991;GO:0005737;GO:0042450;GO:0005524
Q8PH31	GO:0030170;GO:0005737;GO:0006526;GO:0003992
B7KAT5	GO:0019288;GO:0070402;GO:0030604;GO:0046872;GO:0016114
B7LWR1	GO:0005737;GO:0009088;GO:0005524;GO:0004413
Q61169	GO:1990837;GO:0051145;GO:0005634;GO:0000981;GO:0010666;GO:0019901;GO:0035239;GO:0001103;GO:0030513;GO:0008584;GO:0005654;GO:0032911;GO:0001701;GO:0000122;GO:0001889;GO:0043066;GO:0006644;GO:0043627;GO:0070848;GO:0045893;GO:0045165;GO:0000978;GO:0007493;GO:0032912;GO:0071773;GO:0043065;GO:0060510;GO:0048738;GO:0003148;GO:0051891;GO:0003310;GO:0003690;GO:0014898;GO:0003682;GO:0008134;GO:0000976;GO:0060045;GO:0060430;GO:0071158;GO:0005667;GO:0031965;GO:0000987;GO:0043565;GO:0055007;GO:0031016;GO:0048645;GO:0045944;GO:0060486;GO:0003700;GO:0035987;GO:0045892;GO:0030855;GO:0060947;GO:0071371;GO:0110024;GO:0071456;GO:1902894;GO:0003677;GO:0042493;GO:0008270;GO:0060575;GO:0045766;GO:0003309;GO:0010468
A6Q826	GO:0004590;GO:0044205;GO:0006207
B9L8Z0	GO:0006457;GO:0051082;GO:0005524
Q55725	GO:0042372;GO:0009234;GO:0030145;GO:0030976;GO:0070204;GO:0000287
Q4UX86	GO:0009073;GO:0005737;GO:0009423;GO:0000166;GO:0046872;GO:0003856
P13533	GO:0006941;GO:0006936;GO:0019901;GO:0005516;GO:0008217;GO:0046034;GO:0000146;GO:0030239;GO:0001701;GO:0005859;GO:0030018;GO:0008016;GO:0007512;GO:0032982;GO:0002026;GO:0043462;GO:0005524;GO:0005829;GO:0016459;GO:0014898;GO:0045214;GO:0007522;GO:0030016;GO:0017018;GO:0060420;GO:0016887;GO:0030898;GO:0055009;GO:0055010;GO:0048739;GO:0030049;GO:0002027;GO:0060048;GO:0001725;GO:0030017;GO:0051015
A9A885	GO:0004820;GO:0006426;GO:0046983;GO:0005737;GO:0005524
Q87YA4	GO:0005737;GO:0006310;GO:0009295
P54518	GO:0016787;GO:0046872
Q4WQY8	GO:0005507;GO:0016491;GO:0044550
B4J3F3	GO:0016992;GO:0051539;GO:0005739;GO:0102553;GO:0046872;GO:0102552;GO:0009249
Q89AM2	GO:0071555;GO:0016829
B9MPK5	GO:0004222;GO:0030163;GO:0016021;GO:0004176;GO:0005886;GO:0005524;GO:0008270
Q9JVP2	GO:0019464;GO:0008483;GO:0004047
A9M916	GO:0003677;GO:0008170;GO:0009007;GO:0006260
Q1Q8P9	GO:0003677;GO:0006351;GO:0032549;GO:0003899
A6V9B1	GO:0005198;GO:0071973;GO:0009428;GO:0030288
O89053	GO:0042802;GO:0030595;GO:0098978;GO:0032796;GO:0001845;GO:0005737;GO:0030027;GO:0032956;GO:0042803;GO:0043548;GO:0005911;GO:0030424;GO:0008092;GO:0051279;GO:0045202;GO:0031339;GO:0043029;GO:0008360;GO:0003779;GO:0061502;GO:0001891;GO:0001772;GO:0005886;GO:0008022;GO:0030036;GO:0005829;GO:0030864;GO:0031589;GO:0007015;GO:0006909;GO:0048873;GO:0050870;GO:0006816;GO:0038180;GO:0034097;GO:0030335;GO:0030833;GO:0043524;GO:0005769;GO:0045335;GO:0032036;GO:0003785;GO:0043320;GO:0050918;GO:0051126;GO:0071353;GO:0005884;GO:0016477;GO:0008064;GO:0030670;GO:0042102;GO:0031252;GO:0032991;GO:0051015;GO:0032426
Q65X71	GO:0046872;GO:0005516;GO:0005388;GO:0005524;GO:0016021;GO:0043231;GO:0019829
Q0I4S8	GO:0006433;GO:0002161;GO:0005737;GO:0005524;GO:0004827
A5CW13	GO:0008676;GO:0005737;GO:0019294
Q5BIR6	GO:0070847;GO:0006357;GO:0019827;GO:0016592;GO:0003712
Q9D9D5	GO:0016021
P79892	GO:0016605;GO:0005759;GO:0000978;GO:0005813;GO:0045892;GO:0007049;GO:0006915;GO:0000981;GO:1990841;GO:0043153;GO:2001244;GO:0005783;GO:0046872;GO:0048512;GO:0045944;GO:0006974
Q54D07	GO:0046872;GO:0005743;GO:0005750;GO:0042776;GO:0045153;GO:0006122;GO:0016021;GO:0020037
B5YUX3	GO:0009039;GO:0005737;GO:0016151;GO:0043419
A0KR37	GO:0003697;GO:0006260;GO:0009432;GO:0005737;GO:0006281;GO:0005524
Q6GDV6	GO:0016491
Q6DAT5	GO:0005737;GO:0008743;GO:0008270;GO:0019518
Q7V8B4	GO:0006782;GO:0005737;GO:0004853
Q8BWD2	GO:0040011;GO:0005634;GO:0032958;GO:0000832;GO:0052723;GO:0046488;GO:0000831;GO:0000827;GO:0005737;GO:0016301;GO:0005524;GO:0000828;GO:0006468;GO:0052724;GO:0046854
A8F4T8	GO:0015935;GO:0003735;GO:0019843;GO:0006412
Q3UHR0	GO:0003682
B0U4B5	GO:0005737;GO:0002949;GO:0005506;GO:0061711
Q9FFH8	GO:0018105;GO:0005634;GO:0004674;GO:0090397;GO:0005737;GO:0005524;GO:0006897
Q12641	GO:0055129;GO:0004735
B2UTK0	GO:0051539;GO:0046429;GO:0019288;GO:0005506;GO:0016114
Q8YFS6	GO:0003677;GO:0008170;GO:0009007;GO:0006260
P14963	GO:0003924;GO:0003746;GO:0005737;GO:0005525
Q8VHL0	GO:0015204;GO:0015265;GO:0071918;GO:0015840;GO:0006833;GO:0005372;GO:0005886;GO:0016021;GO:0016323;GO:0005887
Q99J21	GO:0042995;GO:0005654;GO:0005794;GO:0098655;GO:0005765;GO:0099604;GO:0071277;GO:0090382;GO:0005261;GO:0051289;GO:0001891;GO:0051209;GO:0005886;GO:0016020;GO:0016021;GO:0016197;GO:0043231;GO:0072345;GO:0005770;GO:0002250;GO:0097352;GO:0070588;GO:0008289;GO:0005764;GO:0097682;GO:0097708;GO:0071467;GO:0030670;GO:0043235;GO:0031902
Q6YMS4	GO:0039694;GO:0003725;GO:0039502;GO:0042025;GO:0019031;GO:0039564;GO:0004483;GO:0075512;GO:0005198;GO:0005576;GO:0044220;GO:0004482;GO:0039707;GO:0005524;GO:0016021;GO:0019028;GO:0039545;GO:0005216;GO:0003724;GO:0033650;GO:0003968;GO:0039654;GO:0044385;GO:0039574;GO:0055036;GO:0051259;GO:0046983;GO:0044167;GO:0046872;GO:0039520;GO:0019062;GO:0004252
A3CMP6	GO:0004139;GO:0005737;GO:0016052;GO:0009264;GO:0046386
O02828	GO:0008017;GO:0005874;GO:0005737;GO:0005886;GO:0030425;GO:0005829;GO:0030424
Q47JB0	GO:0003677;GO:0006351;GO:0032549;GO:0003899
Q8GWA9	
Q8R1N0	GO:0001832;GO:0005681;GO:0033314;GO:0051301;GO:0060729;GO:0001541;GO:0000278;GO:0003676;GO:0005634;GO:0006397;GO:0044773;GO:0048478;GO:0051276;GO:0008380;GO:0033260;GO:0043066;GO:0016607;GO:0005694;GO:0008270;GO:0001546
Q3JES8	GO:0008152;GO:0047388;GO:0008882;GO:0000820;GO:0005524;GO:0000287
B0V9X6	GO:0019556;GO:0005737;GO:0016153;GO:0019557
Q5YTQ0	GO:0005525;GO:0005524
Q4K7E8	GO:0016879;GO:0008616;GO:0008270;GO:0005524
D4DF09	GO:0009405;GO:0005576;GO:0004177;GO:0046872
A4TB85	GO:0010125;GO:0008270;GO:0005524;GO:0035446
Q4QXJ7	GO:0020002;GO:0042025;GO:0005198;GO:0030430;GO:0055036;GO:0039619;GO:0039657;GO:0016021;GO:0003723;GO:0039654;GO:0019062;GO:0004252
D4AMT2	GO:0004359;GO:0005576
Q87WL6	GO:0042744;GO:0004096;GO:0046872;GO:0006979;GO:0020037
Q8BU27	GO:0004722;GO:0004724;GO:0005634;GO:0030145;GO:0004721;GO:0006470
Q694C4	GO:0047844;GO:0000932;GO:0005634;GO:0009972;GO:0005737;GO:0070383;GO:0004126;GO:0008270;GO:1990904;GO:0051607;GO:0045087;GO:0016553;GO:0010529
Q4FNF5	GO:0009014;GO:0009089;GO:0050897;GO:0008270;GO:0019877
Q8TX99	GO:0010181;GO:0004452;GO:0016491;GO:0008299;GO:0070402;GO:0005737;GO:0000287
B2I2C4	GO:0019556;GO:0005737;GO:0016153;GO:0019557
Q0AF59	GO:0051539;GO:0006400;GO:0035596;GO:0005737;GO:0046872
P9WJC3	GO:0009405;GO:0005576
Q9HZJ3	GO:0006635;GO:0005737;GO:0003988;GO:0010124
O35854	GO:0009081;GO:0010817;GO:0004084;GO:0009099;GO:0006550;GO:0052654;GO:0005739;GO:0005634;GO:0052655;GO:1990830;GO:0006551;GO:0005737;GO:0006573;GO:0007595;GO:0052656;GO:0009098;GO:0006549;GO:0009083
Q9WVS4	GO:0046872;GO:0004693;GO:0005634;GO:0035556;GO:0005737;GO:0005929;GO:0005524;GO:0004707;GO:0097546;GO:0010468
Q7SIC9	GO:0004802;GO:0005509;GO:0006098;GO:0019253;GO:0009535;GO:0030145;GO:0050897;GO:0005829
Q7ZWG9	GO:0005637;GO:0005789;GO:0005640;GO:0006869;GO:0009611;GO:0005783;GO:0016021;GO:0031410
B9KSX6	GO:0006420;GO:0005737;GO:0004814;GO:0005524
Q08378	GO:0090498;GO:0007283;GO:0005730;GO:0000139;GO:0005654;GO:0005737;GO:0016020;GO:0005794;GO:0017119;GO:0005829;GO:0006891;GO:0032580;GO:0045296
A7H2I0	GO:0050567;GO:0005524;GO:0006412
A6V8R6	GO:0042780;GO:0003676;GO:0008408;GO:0005737;GO:0000166;GO:0033890
Q9VPT8	GO:0004521;GO:0005847;GO:0007275;GO:0008270;GO:0098789;GO:0003723
Q5JSH3	GO:0017137;GO:0005794;GO:0010008;GO:0005829;GO:0048471
P42784	GO:0031977;GO:0004252
Q7M9L1	GO:0004125;GO:0005737;GO:0001514;GO:0097056
Q8UD57	GO:0004252;GO:0004176;GO:0005737
Q49160	GO:0005737;GO:0005524
A5YM72	GO:0016887;GO:0006548;GO:0035499;GO:0005524;GO:0046872;GO:0047730;GO:0005829;GO:0102102
Q92X16	GO:0046872;GO:0016491;GO:0051287;GO:0005975
Q9ZVP2	
Q9CAN6	GO:0005739
Q4R6J4	GO:0003677;GO:0046872;GO:0005634;GO:0006355
Q99LJ8	GO:0043536;GO:0019408;GO:0051000;GO:0001525;GO:0005789;GO:0055092;GO:0035268;GO:1904423;GO:0032383;GO:0045547;GO:0004659;GO:0016020;GO:0038084;GO:0006489;GO:0005783;GO:0016021;GO:0042632;GO:0030154;GO:0006486
P31948	GO:0051879;GO:0030544;GO:0005634;GO:0098761;GO:0101031;GO:0005794;GO:0008022;GO:0032991;GO:0051087;GO:0003723;GO:0005829
A0QI03	GO:0005525;GO:0005524
A9HFY5	GO:0010181;GO:0003955;GO:0050660;GO:0050661;GO:0051287
A5FW68	GO:0016887;GO:0032300;GO:0005524;GO:0006298;GO:0030983
Q99K41	GO:0042802;GO:0034668;GO:0030948;GO:0098640;GO:1904027;GO:0005576;GO:0010629;GO:0030023;GO:0031012;GO:0062023;GO:0010811;GO:0010628;GO:0060394;GO:0007160;GO:0030512;GO:0050866;GO:0005581;GO:0030198;GO:0016525;GO:0070373;GO:0032966;GO:1990971;GO:0016477;GO:1901203;GO:1905522;GO:0048251;GO:0003180;GO:0005615
Q9W6G7	GO:0003677;GO:0006260;GO:0006281;GO:0005739
Q9ZQF9	GO:0009908;GO:0061630;GO:0043161;GO:0010228;GO:0046872
B8J2Y1	GO:0005198;GO:0071973;GO:0009428;GO:0030288
Q8BDV6	GO:0019031;GO:0055036;GO:0016021
Q1GC88	GO:0009014;GO:0009089;GO:0050897;GO:0008270;GO:0019877
Q9X670	GO:0006094;GO:0006096;GO:0005737;GO:0004347
A9HEA3	GO:0006457;GO:0051082;GO:0005524
A2AAJ9	GO:0010314;GO:0005516;GO:0032266;GO:0030018;GO:0004674;GO:0006468;GO:0045296;GO:0005886;GO:0031430;GO:0043325;GO:0005524;GO:0046777;GO:0005829;GO:0031432;GO:0005085;GO:0046872;GO:0004672;GO:0005546;GO:0005547;GO:0014704;GO:0005863;GO:0007275;GO:1902936;GO:0030154;GO:0042383;GO:0070273;GO:0030506;GO:0016604;GO:0030017;GO:0005615;GO:0014067
P59974	
A4XG37	
L0E163	GO:0009820;GO:0004735;GO:0016021;GO:0006561
B7JJK4	GO:0004139;GO:0005737;GO:0016052;GO:0009264;GO:0046386
Q9TSZ1	GO:0004190;GO:0005576;GO:0016020
Q49V26	GO:0003676;GO:0006430;GO:0005737;GO:0004824;GO:0005524;GO:0000287
B5FPE7	GO:0070205;GO:0009234
Q80W47	GO:0034497;GO:0000045;GO:0010314;GO:0034045;GO:0000407;GO:0000422;GO:0032266;GO:0061739;GO:0005654;GO:0009267;GO:0098792;GO:0005776;GO:0006497;GO:0019898;GO:0032991;GO:0005829;GO:0080025;GO:0044804
Q9FHK7	GO:0005886;GO:2000605;GO:0005524;GO:0016021;GO:0004674;GO:0005618
A4VYE7	GO:0006400;GO:0000049;GO:0005737;GO:0016783;GO:0005524
Q5SCX2	GO:0051539;GO:0046872;GO:0019685;GO:0005524;GO:0016730;GO:0036068;GO:0009507;GO:0016636
Q8CCE9	GO:0005819;GO:0051301;GO:0005634;GO:0005654;GO:0005737;GO:0000122;GO:0006355;GO:0016740;GO:0035497;GO:0016567;GO:0000978;GO:0010564;GO:0006357;GO:0040008;GO:0006260;GO:0007049;GO:0001227;GO:0000790;GO:0009794;GO:0000977;GO:0045944;GO:0003700;GO:0001228;GO:0003677;GO:0046872
P48487	GO:0004721;GO:0046872
Q0SRA3	GO:0006633;GO:0050343;GO:0051287
Q59Z29	GO:1900445;GO:0030447;GO:0036170;GO:0036180;GO:0036267;GO:0006879;GO:0005634;GO:0000981;GO:0007155;GO:1900436;GO:0009405;GO:0009267;GO:0034599;GO:0036086;GO:0006355
A8B2Z8	GO:0017108;GO:0033557;GO:0008821;GO:0000724;GO:0046872
Q49UL9	GO:0051539;GO:0019344;GO:0009337;GO:0000103;GO:0050661;GO:0070814;GO:0004783;GO:0046872;GO:0020037
A9W296	GO:0006807;GO:0005737;GO:0016151
Q9FGB0	GO:0003700;GO:0005634;GO:0046983;GO:0003677;GO:0006355
Q9SE95	GO:0016567;GO:0051260
Q6BRL3	GO:0005768;GO:0015031
Q848I4	GO:0006094;GO:0006096;GO:0005737;GO:0004347
Q5L6Z0	GO:0002098;GO:0050660;GO:0005737
O15757	GO:0004722;GO:0000164;GO:0005634;GO:0005737;GO:0046872
O94462	GO:0000288;GO:0000932;GO:0060213;GO:1905762;GO:0003729;GO:0034063;GO:0010608;GO:0005737;GO:0044692;GO:0003730;GO:0005829;GO:0005741;GO:0010494
Q6ZTA4	GO:0046580;GO:0005737;GO:0005856;GO:2000060;GO:0008270;GO:1903827;GO:0010976
Q9NQ75	GO:0005925;GO:1990782;GO:1900026;GO:0007155;GO:0005737;GO:0005856;GO:0016477;GO:0090527;GO:0007169;GO:0030335;GO:0061098
B2GUY1	GO:0042802;GO:0005813;GO:0007099;GO:0000278;GO:0005634;GO:0098535;GO:0000922;GO:0005730;GO:0032465;GO:0005737;GO:0005524;GO:0005814;GO:0046601;GO:0005829;GO:0004674;GO:0006468;GO:0060707;GO:0001741;GO:0098536
A2SH42	GO:0042274;GO:0005737
B1VHR9	GO:0006400;GO:0016705
P50617	GO:0043197;GO:0000978;GO:0045211;GO:0042995;GO:0005634;GO:0000981;GO:0005789;GO:0032591;GO:0005737;GO:0005886;GO:0030425;GO:0005783;GO:0016021;GO:0043204;GO:0045944
Q4A0A8	GO:0071555;GO:0047349;GO:1902012;GO:0008299
P93031	GO:0042351;GO:0019673;GO:0009826;GO:0008446;GO:0005737;GO:0005525;GO:0005829
Q5KTS5	GO:0016491
Q8CHT3	GO:0032039;GO:0005634;GO:0005654;GO:0031965;GO:0005737;GO:0034472;GO:0016021;GO:0016180;GO:0005829
Q8BMQ3	GO:0043586;GO:0003416;GO:0006357;GO:0060021;GO:0005634;GO:0003677;GO:0005654;GO:0060485;GO:0046872;GO:0000977
A6WWX6	GO:0051539;GO:0006400;GO:0035596;GO:0005737;GO:0046872
P43976	GO:0030170;GO:0030151;GO:0003824
Q8X4S6	GO:0009016;GO:0030170;GO:0006526;GO:0005737;GO:0009089;GO:0003992
Q80TY4	GO:0000978;GO:2001269;GO:0006357;GO:0070102;GO:0005634;GO:0000981;GO:0045944;GO:0008285;GO:0070498;GO:0003677;GO:0000122;GO:0008270;GO:0000977;GO:0033209;GO:0032993
A1APQ8	GO:0000287;GO:0004775;GO:0005524;GO:0006099
Q6NY89	GO:0003924;GO:0015030;GO:0000054;GO:0051168;GO:0005783;GO:0005525;GO:0005829
Q505D9	GO:0046580;GO:0005737;GO:0005856;GO:2000060;GO:0008270;GO:0010976
C1CXB5	GO:0006402;GO:0006396;GO:0005737;GO:0004654;GO:0003723;GO:0000287
Q1DR42	GO:0051539;GO:0051537;GO:0005758;GO:0046872;GO:0016226;GO:0009055
Q5VV43	GO:0033555;GO:0030665;GO:0005769;GO:0010996;GO:0060391;GO:0001764;GO:0031901;GO:2000171;GO:0005886;GO:0030517;GO:0043231;GO:0048692;GO:0016021;GO:0031410;GO:0061024
Q9RTJ5	GO:0000287;GO:0000162;GO:0004048;GO:0005829
Q12WL0	GO:0046933;GO:0033178;GO:0005524;GO:0042777
Q80957	GO:0003678;GO:0042025;GO:0006260;GO:0003677;GO:0005524
A1XQY1	GO:0046872;GO:0007155;GO:0001525;GO:0016021
P9WL97	GO:0005886
B6EHG2	GO:0008360;GO:0009252;GO:0000902;GO:0009103;GO:0006048;GO:0003977;GO:0071555;GO:0005737;GO:0000287;GO:0009245;GO:0019134
P29101	GO:0043533;GO:0030672;GO:0030424;GO:0017158;GO:0016192;GO:0071277;GO:1903861;GO:0043195;GO:0030276;GO:0005886;GO:0031594;GO:0016079;GO:0042584;GO:0005509;GO:0019905;GO:0070382;GO:0048791;GO:0001786;GO:0048488;GO:0005544;GO:0014059;GO:0030285;GO:0099502;GO:0031045;GO:0000149;GO:0017156
O64862	GO:0002143;GO:0032447;GO:0000049;GO:0002144;GO:0016779
O74511	GO:0051301;GO:0007049;GO:0000790;GO:0005634;GO:0072542;GO:0033048;GO:0043666;GO:1903379;GO:0008287;GO:1905341;GO:0005654;GO:0019903;GO:0019888;GO:0005829
Q5FJG6	GO:0006308;GO:0009318;GO:0008855;GO:0003676;GO:0005737
A5GFW5	GO:0005925;GO:1900026;GO:0007155;GO:0005737;GO:0005856;GO:0016477;GO:0090527;GO:0007169;GO:0030335;GO:0061098
P30940	GO:0030594;GO:0051378;GO:0004930;GO:0004993;GO:0007193;GO:0007198;GO:0030425;GO:0007268;GO:0007187;GO:0005887;GO:0045202
Q03909	GO:0020002;GO:0046761;GO:0019064;GO:0055036;GO:0019031;GO:0075512;GO:0046789;GO:0016021;GO:0039654;GO:0019062
Q9LF53	GO:0003700;GO:2000033;GO:0005634;GO:0009737;GO:2000377;GO:0009723;GO:0009740;GO:0042538;GO:0009739;GO:0009863;GO:0043565;GO:0007275;GO:0010187;GO:0009867;GO:0006355;GO:0009938
A1RSA3	GO:0003689;GO:0005524;GO:0006260
Q9JWH1	GO:0008964;GO:0015977;GO:0006107;GO:0006099;GO:0000287
Q61316	GO:0010628;GO:0070062;GO:0001085;GO:0005739;GO:0005634;GO:0009408;GO:0010629;GO:0033613;GO:0044877;GO:0045040;GO:0043066;GO:0005737;GO:0043392;GO:0005524;GO:0060548;GO:0005829;GO:0032092;GO:0001933;GO:0005811;GO:0051131
B1W3X8	GO:0003723;GO:0031119;GO:0106029
Q9N1R2	GO:0098712;GO:0046872;GO:0005887;GO:0005314
Q2G6N0	GO:0006457;GO:0051082;GO:0005524
Q6FSG0	GO:0034399;GO:0000139;GO:0004252;GO:0016021
A8ERV3	GO:0004823;GO:0006429;GO:0002161;GO:0005737;GO:0005524
Q1QN48	GO:0070180;GO:0005840;GO:0003735;GO:0006412
P30015	GO:0003676;GO:0004386;GO:0005524
C1DJM5	GO:0019556;GO:0005737;GO:0016153;GO:0019557
O42422	GO:0098978;GO:0007420;GO:0048013;GO:0031290;GO:0008046;GO:0001934;GO:0072178;GO:0045499;GO:0048671;GO:0043525;GO:0048755;GO:0005524;GO:0005887;GO:0005004;GO:0070372;GO:0005005;GO:0004713;GO:0007275;GO:0007411;GO:0043005;GO:0007169;GO:0043281;GO:0004714;GO:0051964;GO:0006915;GO:0031952;GO:0033674;GO:0099175;GO:0016310;GO:0022407;GO:0043235;GO:0050730
Q9WYV0	GO:0009380;GO:0016887;GO:0009432;GO:0003677;GO:0006289;GO:0005737;GO:0009381;GO:0008270;GO:0005524
O75398	GO:0005634;GO:0000981;GO:0001843;GO:0007281;GO:0008542;GO:0005654;GO:0005737;GO:0000122;GO:0045893;GO:0005576;GO:0006357;GO:0033599;GO:0048706;GO:0001227;GO:0000790;GO:0005667;GO:0000977;GO:0001650;GO:0003700;GO:0006366;GO:0045892;GO:0009653;GO:0001662;GO:0046872
Q58516	GO:0070981;GO:0004066;GO:0005524;GO:0006541;GO:0005829;GO:0006529
Q00900	GO:0000978;GO:0005634;GO:0001228;GO:0046872;GO:0045944
Q9R101	GO:0005739;GO:0005634;GO:0004806;GO:0005737;GO:0006361;GO:0102259;GO:0102258;GO:0033878;GO:0008203;GO:0016020;GO:0005829;GO:0006363;GO:0004771;GO:0050253;GO:0019433;GO:0046340;GO:0046485;GO:0047372;GO:0016042;GO:0042134;GO:0005901;GO:0005811
Q05133	GO:0003678;GO:0042025;GO:0006260;GO:0003677;GO:0005524
Q573D4	
Q3BVJ3	GO:0009014;GO:0009089;GO:0050897;GO:0008270;GO:0019877
Q9EYU0	GO:0005737;GO:0016810;GO:0046872
A4G4F3	GO:0004107;GO:0009423;GO:0009073
A1ISV1	GO:0065002;GO:0006605;GO:0005737;GO:0005886;GO:0017038;GO:0005524;GO:0046872
P0DTU6	GO:0008289;GO:0008203;GO:0034364;GO:0006869;GO:0042157
Q96H96	GO:0002083;GO:0047293;GO:0005743;GO:0005739;GO:0006071;GO:0008299;GO:0004659;GO:0006744;GO:0016765;GO:0031305
Q8HXK7	GO:0003676;GO:0008270
Q2KTI2	GO:0003924;GO:0006400;GO:0005737;GO:0046872;GO:0005525
Q6P9J5	GO:0005737;GO:0005856;GO:0030837;GO:0051497;GO:0005829;GO:0015630
O60674	GO:0010870;GO:0060397;GO:0099527;GO:0019901;GO:0060396;GO:0005654;GO:0070106;GO:0046579;GO:0010667;GO:0045597;GO:0070671;GO:0008022;GO:0005524;GO:0005829;GO:0043560;GO:0046677;GO:0050727;GO:0005730;GO:0035556;GO:0022408;GO:0043524;GO:0042307;GO:0031904;GO:0006915;GO:0060333;GO:0005901;GO:0033194;GO:0031959;GO:0032731;GO:0098978;GO:0042393;GO:0007165;GO:0000165;GO:0032496;GO:0045121;GO:0014068;GO:0043548;GO:0005102;GO:0050731;GO:0000791;GO:0001774;GO:0097191;GO:0035722;GO:0050867;GO:0018108;GO:0042531;GO:0005886;GO:0046777;GO:0010811;GO:0002250;GO:0048008;GO:0120162;GO:0004713;GO:1902728;GO:0045348;GO:0030154;GO:0005143;GO:0042976;GO:0007167;GO:0035409;GO:0060399;GO:0030218;GO:0050729;GO:0070102;GO:0046425;GO:0030041;GO:0006468;GO:0032760;GO:0060391;GO:0005925;GO:0032024;GO:0032516;GO:0004672;GO:0004715;GO:0051770;GO:0045429;GO:0007596;GO:0043388;GO:0019221;GO:0020037;GO:0034612;GO:0042169;GO:0060334;GO:0042535;GO:0045822;GO:0098794;GO:1904037;GO:0000186;GO:0008631;GO:0042802;GO:1904707;GO:0042981;GO:0005634;GO:0045428;GO:0050804;GO:0008285;GO:0005737;GO:0005856;GO:0007259;GO:0043392;GO:0007260;GO:0051428;GO:0061180;GO:0005131;GO:0097296;GO:0031103;GO:0007498;GO:0007186;GO:0031702;GO:0051091;GO:0070757;GO:0030335;GO:0033209;GO:0038155;GO:0035401;GO:0033130;GO:0006919;GO:0046872;GO:0007204
Q5QY68	GO:0055129;GO:0004350;GO:0005737;GO:0050661
Q9JLZ9	GO:1990837;GO:0000978;GO:0016055;GO:0006357;GO:0030182;GO:0001227;GO:0005634;GO:0009950;GO:0007417;GO:0060041;GO:0043010;GO:0007601;GO:0001162;GO:0005737;GO:0000122;GO:0048048;GO:0031490;GO:0030900;GO:0007409
Q46F25	GO:0004642;GO:0005737;GO:0005524;GO:0006189;GO:0000287
A5GMH7	GO:0000287;GO:0009228;GO:0009229;GO:0004789
Q9CMJ8	GO:0006412;GO:0006464;GO:0016881;GO:0005524;GO:0046872
Q2Y676	GO:0006420;GO:0005737;GO:0004814;GO:0005524
B2UB12	GO:0019288;GO:0070402;GO:0030604;GO:0046872;GO:0016114
Q2FWE1	GO:0003676;GO:0018364;GO:0036009;GO:0102559
P21921	GO:0009236;GO:0008276;GO:0046025
Q9W3C2	GO:0005730;GO:0008097;GO:0005654;GO:0006364;GO:0000027
B5XVW2	GO:0006635;GO:0003857;GO:0004300;GO:0005737;GO:0051287;GO:0008692
Q06561	GO:0005604;GO:0005201;GO:0007005;GO:0040011;GO:0046716;GO:0030239;GO:0060279;GO:0031012;GO:0009888;GO:0031430;GO:0031581;GO:0002119;GO:0005509;GO:0009887;GO:0007517;GO:0048644;GO:1905905;GO:0060298;GO:0008543;GO:0040017;GO:0060465;GO:0055120;GO:0016477;GO:0009792
P26808	GO:0019068;GO:0004190;GO:0015074;GO:0020002;GO:0003964;GO:0003887;GO:0003677;GO:0004523;GO:0019013;GO:0006310;GO:0016020;GO:0044185;GO:0008270;GO:0039657;GO:0003723;GO:0044826;GO:0046718;GO:0072494;GO:0075713;GO:0039660
Q7YS70	GO:0019166;GO:0006631;GO:0006633;GO:0005739
Q9FLV8	
B0RH22	GO:0006308;GO:0009318;GO:0008855;GO:0003676;GO:0005737
A4FVP6	GO:0003700;GO:0005634;GO:0010200;GO:0003677;GO:0016021;GO:1900057;GO:0045893
Q2GSM6	GO:0005643;GO:0005789;GO:1904263;GO:0000139;GO:0030127;GO:0090114;GO:0005198;GO:0051028;GO:0015031
Q99340	GO:0005886;GO:0016021
Q465N2	GO:0044686;GO:0019295;GO:0030170
Q8DJY2	GO:0010181;GO:0016491;GO:0046872
Q3IKE8	GO:0016879;GO:0008616;GO:0008270;GO:0005524
B6HZF6	GO:0009245;GO:0008915
O16845	GO:0005634;GO:0000981;GO:0002121;GO:0001222;GO:0043565;GO:0055057;GO:0000122;GO:0035271;GO:0051726;GO:0008270;GO:0001748;GO:0045165;GO:0016319;GO:0045944;GO:0014019;GO:0023061
P22545	GO:0009405;GO:0046789;GO:0016021
Q7N8V7	GO:0003723;GO:0005737;GO:0052908;GO:0000179
Q505G8	GO:0005634;GO:0003677;GO:0046872;GO:0045944;GO:0010468
C5P664	GO:0051539;GO:0051537;GO:0005758;GO:0046872;GO:0016226;GO:0009055
Q0IFL5	GO:0004055;GO:0000050;GO:0006526;GO:0005524
Q9Y6R4	GO:0019100;GO:0001890;GO:0060718;GO:1900745;GO:0032212;GO:0043507;GO:0004709;GO:0010225;GO:0035556;GO:0005737;GO:0005524;GO:0046872;GO:0051973;GO:0048471;GO:0000186;GO:1904355;GO:0010468
B0JHH4	GO:0008360;GO:0009252;GO:0007049;GO:0051301;GO:0071555;GO:0005737;GO:0008763;GO:0005524
B3QZ38	GO:0006457;GO:0051082;GO:0005524
Q38PU7	GO:0098839;GO:0004971;GO:0015277;GO:0005789;GO:0032281;GO:0035235;GO:0004970;GO:0005887
B3EL39	GO:0046961;GO:0045261;GO:0005886;GO:0005524;GO:0046933
A3MTW6	GO:0009030;GO:0009229;GO:0009228;GO:0042803;GO:0005524;GO:0000287
O18191	GO:0005680;GO:0007091;GO:0006836;GO:0060090;GO:0070979;GO:0009949;GO:0031145;GO:0044785;GO:0008356;GO:0051295
Q8DR60	GO:0008152;GO:0005576;GO:0030246;GO:0009405;GO:0033926;GO:0016020;GO:0046872;GO:0050110;GO:0005618
P47963	GO:0022625;GO:0060348;GO:0005730;GO:0005783;GO:0006412;GO:0003723;GO:0005829;GO:0003735
Q9W1M8	GO:0033627;GO:0007160;GO:0008305;GO:0007229;GO:0016021;GO:0046982;GO:0007157;GO:0001555
Q47317	GO:0019270;GO:0055072;GO:0050133;GO:0005737;GO:0005886
A5IG28	GO:0009014;GO:0009089;GO:0050897;GO:0008270;GO:0019877
Q3SG58	GO:0004823;GO:0006429;GO:0002161;GO:0005737;GO:0005524
Q2NAN2	GO:0005737;GO:0004045;GO:0006412
A2C0T9	
A1SR12	GO:0008534;GO:0006289;GO:0008270;GO:0140078;GO:0003684;GO:0006284
A1UFT9	GO:0005886;GO:0016021
O80467	GO:0080089;GO:0016410;GO:0080072;GO:0008216;GO:0006596
D3KYU3	GO:0032259;GO:0008169;GO:0042214;GO:0008757
Q88A30	GO:0046295;GO:0046872;GO:0008967;GO:0005975
E1C213	GO:0006511;GO:0000082;GO:0051301;GO:0004843;GO:0004197;GO:0035871;GO:0071108
P24629	GO:0031072;GO:0051082;GO:0034620;GO:0044183;GO:0016887;GO:0006986;GO:0051787;GO:0005737;GO:0051085;GO:0005524;GO:0042026
A5VP58	GO:0003677;GO:0008170;GO:0009007;GO:0006260
A7YWC4	GO:0005743;GO:0007005;GO:0005739;GO:0016887;GO:0042645;GO:0001558;GO:0016021;GO:0043066;GO:0140374;GO:0005524;GO:0008270
Q9PLL6	GO:0004613;GO:0006094;GO:0005737;GO:0030145;GO:0005525
Q06835	GO:0009410;GO:0071011;GO:0000245;GO:0005686;GO:0000398
Q4V7Q6	GO:0006914;GO:0045880;GO:0005737;GO:0046777;GO:0005524;GO:0004674;GO:0045879
B1GVX4	GO:0004499;GO:0050661;GO:0009405;GO:0050660
Q1LHM2	GO:0019464;GO:0004375
B1ZKX6	GO:0051539;GO:0003861;GO:0009098;GO:0046872
C7GNA4	GO:0005935;GO:0032012;GO:0005934;GO:0005737;GO:0005886;GO:0005086
Q1GK98	GO:0051539;GO:0006400;GO:0035596;GO:0005737;GO:0046872
Q9Z313	GO:0060348;GO:0005730;GO:0005840;GO:0005783;GO:0006412;GO:0005829;GO:0003735
Q9HU16	GO:0005886;GO:0022857;GO:0015740;GO:0016021
Q9RTU4	GO:0005737;GO:0008743;GO:0008270;GO:0019518
Q8TTI1	GO:0016758
Q80X76	GO:0004867;GO:0034097;GO:0009617;GO:0043434;GO:0005615;GO:0010951
Q2S0A0	GO:0009073;GO:0019632;GO:0009423;GO:0050661;GO:0004764
Q8BL48	GO:2000766;GO:0046872;GO:0001764;GO:1990715;GO:1905538;GO:0005737;GO:0048667;GO:0005844
B7IDK8	GO:0015940;GO:0005737;GO:0046872;GO:0003864
Q2NKQ1	GO:0017137;GO:0090630;GO:0006886;GO:0005737;GO:0005794;GO:0005829;GO:0030659;GO:0005096
A3DD27	GO:0019509;GO:0046523;GO:0019284
P37023	GO:0030509;GO:0007507;GO:0061154;GO:0070724;GO:0006275;GO:0008217;GO:0019901;GO:0007165;GO:0008285;GO:0030513;GO:0001701;GO:0071560;GO:0098821;GO:0006355;GO:0006468;GO:0004674;GO:0007179;GO:0043535;GO:0045893;GO:0001666;GO:0001525;GO:0071773;GO:0010629;GO:0061298;GO:0060836;GO:0043025;GO:0009986;GO:0005886;GO:0030425;GO:0043537;GO:0005524;GO:0045766;GO:0001937;GO:0051895;GO:2000279;GO:0005025;GO:0005887;GO:0003203;GO:0060840;GO:0001936;GO:0060841;GO:0016361;GO:0035912;GO:0030336;GO:0009953;GO:0045603;GO:0048185;GO:0001946;GO:0071363;GO:0035313;GO:0045944;GO:0008015;GO:0030308;GO:0010596;GO:0004675;GO:0010862;GO:0032332;GO:0045602;GO:0046332;GO:0005024;GO:0050431;GO:0007162;GO:0001938;GO:0001955;GO:0046872;GO:0043235;GO:0002043;GO:0001974
B0R7E9	GO:0000105;GO:0005737;GO:0003879;GO:0005524;GO:0000287
P51287	GO:0003924;GO:0003746;GO:0009507;GO:0005525
A2BT57	GO:0051539;GO:0002935;GO:0070040;GO:0000049;GO:0005737;GO:0046872;GO:0019843;GO:0070475
Q3KST2	GO:0016032;GO:0044204
B0TQD1	GO:0003887;GO:0005737;GO:0006281;GO:0000287;GO:0003684;GO:0006261
B2IJT2	GO:0006094;GO:0006096;GO:0005737;GO:0004347
Q9SKB2	GO:0004714;GO:0010942;GO:0005777;GO:0031349;GO:0004713;GO:0006952;GO:0005886;GO:0060862;GO:0005524;GO:0016021;GO:0004674
Q9HIT7	GO:0005840;GO:0008270;GO:0006412;GO:0003735;GO:0019843
Q2L1U0	GO:0006541;GO:0003922;GO:0005524;GO:0016462
Q5RDM4	GO:0005737;GO:0005524
P32900	GO:0005935;GO:1902413;GO:0071944;GO:0005934;GO:0000131;GO:0016021
Q87SL5	GO:0005737;GO:0002949;GO:0005506;GO:0061711
P03436	GO:0020002;GO:0046761;GO:0019064;GO:0055036;GO:0019031;GO:0075512;GO:0046789;GO:0016021;GO:0039654;GO:0019062
C1AAX0	GO:0005840;GO:0003735;GO:0006412
Q73A11	GO:0004139;GO:0005737;GO:0016052;GO:0009264;GO:0046386
O04856	GO:0004722;GO:0005737;GO:0005634;GO:0046872
A0A0E0RXA7	GO:0016491;GO:0000166
P42262	GO:0004971;GO:0007165;GO:2000310;GO:0035249;GO:0098843;GO:0030666;GO:0032281;GO:0032279;GO:0043025;GO:0035235;GO:0005886;GO:0030425;GO:0004970;GO:0005887;GO:0043197;GO:0098839;GO:0005789;GO:0001540;GO:0060076;GO:0014069;GO:0009897;GO:0038023;GO:0098794;GO:0007268;GO:0015276
A8H765	GO:0055129;GO:0004349;GO:0005737;GO:0005524;GO:0003723
Q8ZQQ9	GO:0019556;GO:0019557;GO:0016841;GO:0004397;GO:0006548;GO:0005737
Q8N2G6	GO:0003723;GO:0008270
A0T0K6	GO:0003924;GO:0003746;GO:0009507;GO:0005525
P12382	GO:0006007;GO:0042802;GO:0005945;GO:0016208;GO:0070061;GO:0048029;GO:0061615;GO:0030388;GO:0006096;GO:0009749;GO:0051289;GO:0016020;GO:0005524;GO:0019900;GO:0005829;GO:0003872;GO:0070095;GO:0046676;GO:0061621;GO:0005975;GO:0006002;GO:0046872
Q4R3I5	GO:0003677;GO:0005634;GO:0046872
P15368	GO:0004316;GO:0008897;GO:0042759;GO:0102131;GO:0102132;GO:0000287;GO:0004321;GO:0004315
Q88V72	GO:0051301;GO:0007049;GO:0003677;GO:0007059;GO:0005886;GO:0005524;GO:0016021
Q9AFA5	GO:0042026;GO:0005737;GO:0051082;GO:0005524
Q09357	GO:0007098;GO:0051301;GO:0005634;GO:0040025;GO:0052907;GO:0051321;GO:0070475;GO:0009792
Q10NY2	GO:0006355
Q67J66	GO:0070038;GO:0005737
Q8TXI4	GO:0016887;GO:0008270;GO:0006302;GO:0005524
C0MCR4	GO:0006397;GO:0008033;GO:0005737;GO:0006364;GO:0016075;GO:0046872;GO:0019843;GO:0004525
B9M211	GO:0004152;GO:0004589;GO:0005737;GO:0044205;GO:0006207
A8AIR5	GO:0006412;GO:0006464;GO:0016881;GO:0005524;GO:0046872
A1BBD2	GO:0015293;GO:0006835;GO:0005886;GO:0016021
Q2ISK2	GO:0006400;GO:0000049;GO:0005737;GO:0016783;GO:0005524
A5E936	GO:0000287;GO:0004775;GO:0005524;GO:0006099
B9E8Y0	GO:0006541;GO:0003922;GO:0005524;GO:0016462
Q65E55	GO:0016887;GO:0005886;GO:0015611;GO:0005524
Q08D68	GO:0006511;GO:0016567;GO:0060173;GO:0016055;GO:0061630;GO:0038018;GO:0072089;GO:0090090;GO:2000051;GO:0046872;GO:0004842;GO:0005109;GO:0005887
Q3AUW2	GO:0005840;GO:0003735;GO:0019843;GO:0006412
P26373	GO:0022626;GO:0022625;GO:0019083;GO:0060348;GO:0000184;GO:0005634;GO:0006413;GO:0005730;GO:0016020;GO:0005783;GO:0006412;GO:0003723;GO:0005829;GO:0003735;GO:0006614
Q1IXM5	GO:0004817;GO:0005737;GO:0005524;GO:0008270;GO:0006423
Q89MT4	GO:0005737;GO:0030145;GO:0070006
P0A4D7	GO:0010501;GO:0003724;GO:0005737;GO:0005524;GO:0003723;GO:0006401
A7Z4H4	GO:0004152;GO:0004589;GO:0005737;GO:0044205;GO:0006207
Q99PS8	GO:0043254;GO:0002839;GO:0015886;GO:0008285;GO:0030193;GO:0036019;GO:0010543;GO:0005102;GO:0010593;GO:0032956;GO:0010951;GO:0061474;GO:0042730;GO:0005576;GO:0004869;GO:0004867;GO:0043065;GO:0051894;GO:2000504;GO:0009986;GO:0004866;GO:0043395;GO:0033629;GO:0008201;GO:0014070;GO:0050832;GO:0016525;GO:0020037;GO:0030308;GO:1900747;GO:0061844;GO:0031982;GO:0034395;GO:0030168;GO:0097037;GO:0051918;GO:0007162;GO:0051838;GO:0019865;GO:0008270;GO:0046872;GO:2001027;GO:0043537;GO:0050730;GO:0010468
B1KKJ2	GO:0051539;GO:0046429;GO:0019288;GO:0005506;GO:0016114
A5CU73	GO:0015937;GO:0005737;GO:0004594;GO:0005524
A1CFB3	GO:0006914;GO:0032120;GO:0030259;GO:0016906;GO:0016126;GO:0102205;GO:0102202;GO:0034045;GO:0102203;GO:0015031;GO:0005975
Q13425	GO:0005925;GO:0005198;GO:0003779;GO:0005874;GO:0005516;GO:0030658;GO:0005737;GO:0016020;GO:0032991;GO:0003723;GO:0016010;GO:0045202
P54833	GO:0002025;GO:0005769;GO:0043410;GO:0051380;GO:0071880;GO:1904504;GO:1901098;GO:0004930;GO:0045986;GO:0005794;GO:0042803;GO:0004941;GO:0043235;GO:0002032;GO:0005887;GO:0007190;GO:0006898
Q8N0U7	
A9ND59	GO:0009245;GO:0009029;GO:0005524
P36142	GO:0005783;GO:0016021
A8N0V8	GO:0016887;GO:0045048;GO:0005783;GO:0046872;GO:0005524
Q0KA02	GO:0009014;GO:0009089;GO:0050897;GO:0008270;GO:0019877
Q0SHN1	GO:0000287;GO:0000162;GO:0004048
B1L1J7	GO:0006541;GO:0003922;GO:0005524;GO:0016462
P34932	GO:0070062;GO:0005739;GO:0005634;GO:0006986;GO:0045040;GO:0005524;GO:0005829;GO:0051131
Q9BXT5	GO:0007283;GO:0005634;GO:0005737;GO:0006281;GO:0010569;GO:0007129;GO:0030154;GO:0007140
Q603L5	GO:0002098;GO:0016765
A7IA28	GO:0051539;GO:0003861;GO:0009098;GO:0046872
B3R6A3	GO:0019556;GO:0019557;GO:0005737;GO:0050480;GO:0008270;GO:0005506
B3E4T4	GO:0004152;GO:0004589;GO:0005737;GO:0044205;GO:0006207
P17225	GO:0005634;GO:0005737;GO:0075522;GO:0070935;GO:0010976;GO:0045595;GO:0003729;GO:0032024;GO:1904411;GO:0051148;GO:0035307;GO:0045727;GO:0000014;GO:0001069;GO:0003697;GO:0070886;GO:0006397;GO:0008380;GO:0006417;GO:0043565;GO:0048025;GO:0045944;GO:0045665;GO:0044306;GO:0033119;GO:0036002;GO:0000381;GO:0000956;GO:0043484
Q5FVX7	GO:0031072;GO:0051082;GO:0016192;GO:0005634;GO:0034620;GO:0006986;GO:0016887;GO:0044183;GO:0051787;GO:0005737;GO:0005886;GO:0042026;GO:0051085;GO:0005524;GO:0005829
Q6L0S7	GO:0006457;GO:0051082;GO:0005524
Q2UDJ8	GO:0005576;GO:0000272;GO:0030246;GO:0102210;GO:0071555
Q80WC3	GO:0003682;GO:0005739;GO:0005654;GO:0031965;GO:0005829
P10047	GO:0005886;GO:0000155;GO:0005524;GO:0016021
Q4WNH8	GO:0003676;GO:0018024;GO:0005694;GO:0048188
C3MYQ9	GO:0004809;GO:0000049
Q90XB6	GO:0001502;GO:0060348;GO:0004065;GO:0030513;GO:0045121;GO:0060384;GO:0005794;GO:0005783;GO:0014846;GO:0035860;GO:0048661;GO:0090263;GO:0048706;GO:0008449;GO:0009986;GO:0001822;GO:0001937;GO:0051216;GO:0005509;GO:0048010;GO:0030201;GO:0030336;GO:0030177;GO:0005795;GO:0002063;GO:0016525;GO:0007155;GO:0036022;GO:0040037;GO:0005615;GO:0060686
P59568	GO:0005737;GO:0009088;GO:0005524;GO:0004413
A4TE23	GO:0051539;GO:0003861;GO:0009098;GO:0046872
A0K8I0	GO:0000049;GO:0006424;GO:0005737;GO:0005524;GO:0008270;GO:0004818
P52924	GO:0005768;GO:0043328;GO:0016021;GO:0005737;GO:0005783;GO:0005635;GO:0006897
P56946	GO:0008236;GO:0044260
P14802	GO:0055114;GO:0016616
Q6UDI0	GO:0042025;GO:0019033;GO:0030430
Q3ZJ92	GO:0006351;GO:0003899;GO:0003677;GO:0008270;GO:0000287;GO:0009507
Q2YB04	GO:0006351;GO:0003899;GO:0003677;GO:0008270;GO:0000287
Q2VLH6	GO:0005576;GO:0006953;GO:0005886;GO:0016021;GO:0005044;GO:0009897
Q51366	GO:0019306;GO:0042351;GO:0009103;GO:0070401;GO:0008446;GO:0009243;GO:0005737;GO:0019673
A4VKA4	GO:0006635;GO:0005737;GO:0003988
O35607	GO:0030509;GO:0060173;GO:0060413;GO:0007420;GO:0014916;GO:0030513;GO:0003186;GO:0003183;GO:0005654;GO:0005737;GO:0030166;GO:0036122;GO:0048286;GO:0098821;GO:0060412;GO:0010634;GO:0004674;GO:0006468;GO:0045296;GO:0009925;GO:0071773;GO:1990782;GO:0061298;GO:0005912;GO:0001944;GO:0060836;GO:0043025;GO:0009986;GO:0001893;GO:0001935;GO:0003148;GO:0003085;GO:0005524;GO:0005886;GO:0030425;GO:0042127;GO:0045669;GO:2000279;GO:0030501;GO:0005887;GO:0001707;GO:0060840;GO:0046872;GO:0060841;GO:0061626;GO:1902731;GO:0045906;GO:0005901;GO:0003252;GO:0045778;GO:0061036;GO:0001568;GO:0010595;GO:0001946;GO:0003177;GO:0007178;GO:0071363;GO:0014069;GO:0002063;GO:0009952;GO:0019838;GO:0045944;GO:0030308;GO:0010862;GO:0048842;GO:0072577;GO:0016324;GO:0060350;GO:0005024;GO:0003176;GO:1905314;GO:0009267;GO:0001938;GO:0003197;GO:0043235;GO:0003151;GO:0001974
B7IS80	GO:0004139;GO:0005737;GO:0016052;GO:0009264;GO:0046386
Q948R1	GO:0004620;GO:0052740;GO:0016042;GO:0008970;GO:0052739;GO:0009507
Q2YUL7	GO:0004645;GO:0006206;GO:0046872;GO:0006213;GO:0016154
Q9WV48	GO:0042802;GO:0045211;GO:0098978;GO:0030159;GO:0048854;GO:0030160;GO:0035176;GO:0008328;GO:0050885;GO:0046959;GO:0032232;GO:0045202;GO:0051968;GO:0065003;GO:0005886;GO:0008022;GO:0016020;GO:0030425;GO:0071532;GO:0005829;GO:2000311;GO:0097107;GO:0043197;GO:0007616;GO:0097110;GO:0060013;GO:0050894;GO:0031877;GO:0042048;GO:0017124;GO:0098685;GO:0044309;GO:0051124;GO:0043005;GO:0014069;GO:0060076;GO:0099173;GO:0060291;GO:0071625;GO:2000463;GO:0060997;GO:0044877;GO:0060074;GO:0008306;GO:0007416;GO:0060999;GO:0035255;GO:0030534;GO:0035418
Q93CH6	GO:0003700;GO:0005507;GO:0003677;GO:0005737;GO:0045893
Q182E8	GO:0006457;GO:0051082;GO:0005524
Q8V0N6	GO:0039694;GO:0004197;GO:0005198;GO:0003723;GO:0046718;GO:0072494;GO:0018144;GO:0044162;GO:0044193;GO:0039707;GO:0005524;GO:0016021;GO:0039545;GO:0005216;GO:0003724;GO:0039618;GO:0003968;GO:0044385;GO:0006351;GO:0051259;GO:0019062
Q8NLY6	GO:0006457;GO:0051082;GO:0005524
C3MCF3	GO:0000287;GO:0000162;GO:0004048
A5IYW9	GO:0015935;GO:0003735;GO:0019843;GO:0006412
Q8YY69	GO:0051539;GO:0016830;GO:0009229;GO:0009228;GO:0008270
Q9M8M6	GO:0005634;GO:0003700;GO:0043565;GO:0000976
Q9Z321	GO:0003917;GO:0005634;GO:0000793;GO:0006265;GO:0003677;GO:0007059;GO:0003916
A0Q109	GO:0003924;GO:0005737;GO:0042274;GO:0046872;GO:0005525;GO:0019843
C7YS77	GO:0005737;GO:0070084;GO:0070006;GO:0046872
Q0SR63	GO:0004125;GO:0005737;GO:0001514;GO:0097056
O04567	GO:0004672;GO:0005634;GO:0005886;GO:0005524;GO:0016021
Q8ZMF6	GO:0050518;GO:0016114;GO:0019288
Q9U2D9	GO:0004373;GO:0005978;GO:0005737
B0YD89	GO:0009405;GO:0005759;GO:0050440
A8G9V4	GO:0000287;GO:0008832;GO:0006203
Q84TX2	GO:0071933;GO:0003779;GO:0034237;GO:0005737;GO:0030036;GO:0005856;GO:2000601
Q55GP8	GO:0005737;GO:0005096;GO:0007165
Q5FNM7	GO:0000287;GO:0000162;GO:0004048
Q119M3	GO:0002098;GO:1904047;GO:0016743
Q9UPN6	GO:0006378;GO:0000993;GO:0006369;GO:0016363;GO:0005634;GO:0043175;GO:1990269;GO:0003729;GO:0005654;GO:0005737;GO:2000805;GO:0032786;GO:0003723;GO:0005849
Q21LL4	GO:0032259;GO:0005737;GO:0006364;GO:0008757
P87150	GO:0044284;GO:0042407;GO:0061617
Q8I0G5	GO:0035147;GO:0005801;GO:0008362;GO:0072384;GO:0007436;GO:0005794;GO:0005783;GO:0005198;GO:0006888;GO:0035158;GO:0000139;GO:0009306;GO:0016020;GO:0030126;GO:0007112;GO:0036063;GO:0006891;GO:0030198;GO:0007424;GO:0000281;GO:0035149;GO:0006886;GO:0010883;GO:0005793
Q8NGL0	GO:0004984;GO:0004930;GO:0007608;GO:0005886;GO:0016021;GO:0007186;GO:0005549
A9W6R7	GO:0006457;GO:0051082;GO:0005524
Q5GS25	GO:0002098;GO:0050660;GO:0005737
A5EHA3	GO:0015079;GO:0005886;GO:0016021
A2X0Q6	GO:0003677;GO:0005634;GO:0046872
A9GW22	GO:0000105;GO:0009086;GO:0004477;GO:0004488;GO:0006164;GO:0035999
Q66HP6	GO:0010803;GO:0060544;GO:0007283;GO:0050727;GO:0044877;GO:0030159;GO:0005654;GO:0005737;GO:0012501;GO:1990108;GO:1990381;GO:0072520;GO:0001650;GO:0070536
Q9UZW0	GO:0005737;GO:0006096;GO:0004618;GO:0005524
Q9SIB6	GO:0006952;GO:0004674;GO:0005886;GO:0005524
P47762	GO:1990077;GO:0003677;GO:0005737;GO:0008270;GO:0006269;GO:0003896
P18119	GO:0005634;GO:0043565;GO:0008270;GO:0004879
Q9Y7B6	GO:0005739;GO:0000287;GO:0015940;GO:0003864
B6HZ00	GO:0005737;GO:0009088;GO:0005524;GO:0004413
P61368	GO:0005840;GO:0003735;GO:0006412
P21362	GO:0006974
Q460N3	GO:0070212;GO:0003950;GO:0005634;GO:0010629;GO:1990404;GO:0003714;GO:0005737;GO:0000122;GO:0140289;GO:0070403
B6IFN4	GO:0072344;GO:0043023;GO:0061630;GO:0043161;GO:0046872;GO:0005829;GO:1990116;GO:1990112
P03518	GO:0055036;GO:0044167;GO:0016021;GO:0039654;GO:0044178;GO:0019062
O34574	GO:0003677;GO:0006310;GO:0000150
P67863	GO:0090729;GO:0008083;GO:0005576;GO:0016020
Q4P400	GO:0005684;GO:0006397;GO:0003677;GO:0046872;GO:0034247
F5HC79	GO:0046872;GO:0042025;GO:0016485;GO:0019069;GO:0019073;GO:0005524;GO:0019076
Q6GEY3	GO:0009229;GO:0009228;GO:0004417;GO:0005524;GO:0000287
Q29FC1	GO:0017108;GO:0005634;GO:0008310;GO:0035312;GO:0000738;GO:0008311;GO:0008821;GO:0000400;GO:0004520;GO:0005737;GO:0000737;GO:0046872;GO:0006302
Q66KE3	GO:0003723;GO:0005847;GO:0008270;GO:0098789
B2V7I6	GO:0015935;GO:0003735;GO:0019843;GO:0006412
P63710	GO:0036199;GO:0009405;GO:0005506;GO:0006707;GO:0020037
Q47LE7	GO:0005886;GO:0048038;GO:0051287;GO:0050136
Q8BWZ3	GO:0017196;GO:0031416;GO:0005737;GO:0005794;GO:0005829
Q6DAM4	GO:0005737;GO:0009229;GO:0009228;GO:0016783
Q8N3J9	GO:0000978;GO:0005634;GO:0000981;GO:0006355;GO:0046872
O93801	GO:0009405;GO:0016787;GO:0005777
Q8K2Z4	GO:0003682;GO:0000779;GO:0000799;GO:0051301;GO:0000796;GO:0042393;GO:0051304;GO:0000793;GO:0045120;GO:0005654;GO:0007076;GO:0010032;GO:0005829
Q07840	
F4HSU3	GO:0006004;GO:0016757;GO:0016021
P44988	GO:0004590;GO:0019854;GO:0033982;GO:0046872;GO:0006207
A9MKQ8	GO:0005737;GO:0008743;GO:0008270;GO:0019518
A0A0H2ZFV1	GO:0000270;GO:0042834;GO:0016829;GO:0071555;GO:0005886;GO:0008932
Q5R4M0	GO:0098839;GO:0004971;GO:0015277;GO:0005789;GO:0032281;GO:0035235;GO:0004970;GO:0005887
B1LZ51	GO:0006457;GO:0051082;GO:0005524
Q4R882	GO:0005634;GO:0046872;GO:0006355
C6E5Z5	GO:0016260;GO:0000287;GO:0004756;GO:0005524
B0C1D3	GO:0005840;GO:0003735;GO:0019843;GO:0006412
Q88FX8	GO:0046872;GO:0016725;GO:0055114;GO:0019439;GO:0009055;GO:0016021;GO:0020037
A0L576	GO:0046872;GO:0016208;GO:0003987;GO:0005524;GO:0019427
Q2JHF7	GO:0003991;GO:0005737;GO:0042450;GO:0005524
Q2SEP6	GO:0019556;GO:0005737;GO:0016153;GO:0019557
Q7VI04	GO:0051539;GO:0046429;GO:0019288;GO:0005506;GO:0016114
A1ATI6	GO:0033362;GO:0010285;GO:0030170
Q24K09	GO:0005634;GO:0010216;GO:1990841;GO:0090309;GO:0003677;GO:0007265;GO:0008270;GO:0003886;GO:0006325
Q8BHP2	GO:0005634;GO:0005737
Q50383	GO:0005737;GO:0005524
Q6ZPJ3	GO:0042147;GO:0061631;GO:0005634;GO:0004869;GO:0030513;GO:0061630;GO:0005654;GO:0016604;GO:0005737;GO:0043066;GO:0070534;GO:0005524;GO:0006513;GO:0005829;GO:0004842
Q5L1U1	GO:0006633;GO:0005737;GO:0004315;GO:0033818
Q17061	GO:0005576
Q3AUF2	GO:0043815;GO:0055114;GO:0004644;GO:0005524;GO:0006189;GO:0051287;GO:0000287
Q81EY8	GO:0004139;GO:0005737;GO:0016052;GO:0009264;GO:0046386
Q04L69	GO:0004139;GO:0005737;GO:0016052;GO:0009264;GO:0046386
P35969	GO:0042802;GO:0036328;GO:0043410;GO:0048514;GO:0048598;GO:0005634;GO:1901534;GO:0002244;GO:0014068;GO:0042803;GO:0015629;GO:0048597;GO:0043406;GO:1990384;GO:0001666;GO:0036323;GO:0043552;GO:0001525;GO:0018108;GO:0005886;GO:0046777;GO:0005524;GO:0036327;GO:0005887;GO:1905563;GO:0005021;GO:0048010;GO:0035924;GO:0007275;GO:0002548;GO:0002040;GO:0007169;GO:0030335;GO:0019838;GO:0004714;GO:0005768;GO:0001569;GO:0010863;GO:0033674;GO:0036326;GO:0016477;GO:0036332;GO:0005615;GO:0043235;GO:0045766
A5I720	GO:0016462;GO:0005524;GO:0006541;GO:0005829;GO:0003922;GO:0003921;GO:0006177
B2KEN0	GO:0006351;GO:0003899;GO:0003677;GO:0008270;GO:0000287
Q9RHV9	GO:0003676;GO:0006430;GO:0005737;GO:0004824;GO:0005524;GO:0000287
Q2RMS3	GO:0042274;GO:0005737
Q88PL8	GO:0008616;GO:0016740;GO:0005737;GO:0016853
P58720	GO:0005886;GO:0016021
A1K6Y7	GO:0019380;GO:0008198;GO:0047070
B9KNU3	GO:0019464;GO:0004375
Q7N6Q6	GO:0030170;GO:0008710;GO:0009102
Q222W0	GO:0015416;GO:0005886;GO:0016887;GO:0005524
A7GIN0	GO:0006541;GO:0003922;GO:0005524;GO:0016462
Q13705	GO:0030509;GO:0007507;GO:0035265;GO:0007165;GO:0005737;GO:0000122;GO:0006355;GO:0006468;GO:0004674;GO:0032147;GO:0030324;GO:0060021;GO:0009749;GO:0061298;GO:0060836;GO:0045669;GO:0004712;GO:0005886;GO:0001822;GO:0005524;GO:0017002;GO:0007498;GO:0030073;GO:0030501;GO:0005887;GO:0060840;GO:0048179;GO:0060841;GO:0048617;GO:0048185;GO:0001946;GO:0007178;GO:0071363;GO:0009952;GO:0031016;GO:0019838;GO:0032924;GO:0032927;GO:0042475;GO:0007368;GO:0048705;GO:0120163;GO:0043235;GO:0046872;GO:0032991;GO:0009791;GO:0001974;GO:0001702
P0DOV1	GO:0032731;GO:0042802;GO:0000978;GO:0008134;GO:0035458;GO:0001227;GO:0005634;GO:0005730;GO:0005654;GO:0009617;GO:0016607;GO:0005829;GO:0002218;GO:0003690;GO:0034399
Q8IYB7	GO:0000932;GO:0010587;GO:0051301;GO:0000278;GO:0000178;GO:0019827;GO:0006402;GO:0000175;GO:0008266;GO:0008285;GO:0051306;GO:0005737;GO:0004540;GO:1990074;GO:0000287;GO:0034427;GO:0000291;GO:0005844
Q58DS4	GO:0016021
A0LK15	GO:0004823;GO:0006429;GO:0002161;GO:0005737;GO:0005524
Q4UNB6	GO:0005886;GO:0030255;GO:0016021
B6JE33	GO:0000287;GO:0004775;GO:0005524;GO:0006099
C5BQ32	GO:0006457;GO:0031072;GO:0051082;GO:0006260;GO:0009408;GO:0005737;GO:0008270;GO:0005524
Q99456	GO:0070062;GO:0002009;GO:0007601;GO:0031424;GO:0070268;GO:0005882;GO:0005198;GO:0005829;GO:0061303
Q2YUL1	GO:0009229;GO:0009228;GO:0004417;GO:0005524;GO:0000287
A3N588	GO:0015293;GO:0006835;GO:0005886;GO:0016021
B8H2S2	GO:0019556;GO:0019557;GO:0005737;GO:0050480;GO:0008270;GO:0005506
P18113	GO:0042802;GO:1990837;GO:0002154;GO:0001225;GO:0090207;GO:0005634;GO:0048568;GO:0000122;GO:0097067;GO:0008016;GO:0031490;GO:0019899;GO:0009755;GO:0000978;GO:0006357;GO:0070324;GO:0003690;GO:0004879;GO:0007621;GO:0045778;GO:0008284;GO:0009887;GO:0007605;GO:0030154;GO:0045944;GO:0090181;GO:0032332;GO:0045892;GO:0008050;GO:0019216;GO:0060509;GO:0008270
Q8IVH4	GO:0042802;GO:0003924;GO:0005759;GO:0019626;GO:0042803;GO:0009235;GO:0005525
Q07243	GO:0003700;GO:0000978;GO:0006351;GO:0006357;GO:0035035;GO:0046686;GO:0071294;GO:0005634;GO:0000981;GO:1990837;GO:0007417;GO:0001228;GO:0005654;GO:1990079;GO:0000987;GO:0005737;GO:0046872;GO:0006979;GO:0045893;GO:0045944
Q28824	GO:0004672;GO:0003779;GO:0032154;GO:0005516;GO:0001725;GO:0004687;GO:0005737;GO:0030027;GO:0005524;GO:0046872;GO:0006939;GO:0014820
A7I377	GO:0003677;GO:0005737;GO:0006355
Q6SJ93	GO:0005634;GO:0000785;GO:0006260
Q9LM02	GO:0009506;GO:0016126;GO:0009793;GO:0032259;GO:0009536;GO:0003838;GO:0005783;GO:0005773
O43837	GO:0006102;GO:0005759;GO:0005739;GO:0005634;GO:0006099;GO:0004449;GO:0051287;GO:0000287;GO:0009055
Q9LFD1	GO:0046274;GO:0005507;GO:0016491;GO:0048046;GO:0052716
Q3SSY0	GO:0003677;GO:0006351;GO:0032549;GO:0003899
A8FED0	GO:0019281;GO:0005737;GO:0008899;GO:0004414
Q883V4	GO:0008556;GO:0005887;GO:0005524
Q8RWC5	GO:0005576
Q9LIB9	GO:0005618;GO:0048046;GO:0005975;GO:0004564
Q04WE1	GO:0004828;GO:0016260;GO:0097056;GO:0006434;GO:0005737;GO:0005524
Q4QJW5	GO:0006457;GO:0031072;GO:0051082;GO:0006260;GO:0009408;GO:0005737;GO:0008270;GO:0005524
Q7T2N5	GO:0005840;GO:0003735;GO:0006412
Q5NKV4	GO:0098609;GO:0016021
Q53AD2	GO:0003700;GO:0051000;GO:0010863;GO:0005634;GO:0030284;GO:0043124;GO:0030518;GO:0051091;GO:0071392;GO:0043565;GO:0005886;GO:0005794;GO:0043433;GO:0008270;GO:0045429;GO:0007200;GO:0007204;GO:0045893;GO:0005496
A0QQU5	GO:0042026;GO:0005737;GO:0051082;GO:0005524
B7GIR9	GO:0051539;GO:0005737;GO:0008987;GO:0046872;GO:0009435
Q14872	GO:1990837;GO:0071294;GO:0005634;GO:0000981;GO:0005654;GO:0005737;GO:0035035;GO:0000978;GO:0046686;GO:0006357;GO:0010038;GO:0000987;GO:0045944;GO:0003700;GO:0006351;GO:0007417;GO:0001228;GO:0003677;GO:1990079;GO:0046872;GO:0006979
A5VYR4	GO:0008616;GO:0016740;GO:0005737;GO:0016853
E0TVT6	GO:0006231;GO:0032259;GO:0005737;GO:0006235;GO:0004799
Q8TN62	GO:0006428;GO:0004822;GO:0002161;GO:0000049;GO:0005524;GO:0008270;GO:0005829
Q9P3U4	GO:0006511;GO:0032436;GO:0007127;GO:0005634;GO:0035861;GO:0061630;GO:0005737;GO:0000209;GO:0008270;GO:0016574;GO:0005829;GO:0031624;GO:0000151;GO:0036205
B4TTW1	GO:0050518;GO:0016114;GO:0019288
A2CAR8	GO:0006782;GO:0005737;GO:0004853
P34122	GO:0005634;GO:0030552
C5CNG0	GO:0008759;GO:0009245;GO:0103117;GO:0046872
Q92BQ5	GO:0003678;GO:1990077;GO:0003677;GO:0008270;GO:0005524;GO:0003896
Q1MPW3	GO:0006220;GO:0005737;GO:0004127;GO:0005524
Q8DT90	GO:0008270;GO:0042781
Q03727	GO:0008234;GO:0016887;GO:0005886;GO:0005524;GO:0016021;GO:0030420;GO:0043214
Q46XM7	GO:0006428;GO:0004822;GO:0002161;GO:0000049;GO:0005737;GO:0005524;GO:0008270
Q04VC7	GO:0006457;GO:0031072;GO:0051082;GO:0006260;GO:0009408;GO:0005737;GO:0008270;GO:0005524
Q9LFD2	GO:0046274;GO:0005507;GO:0016491;GO:0010228;GO:0046688;GO:0048046;GO:0052716
Q2L2M3	GO:0003677;GO:0006351;GO:0032549;GO:0003899
P07547	GO:0009073;GO:0004765;GO:0003866;GO:0003855;GO:0005737;GO:0009423;GO:0005524;GO:0046872;GO:0003856;GO:0004764
Q8XB84	GO:0046677;GO:0005886;GO:0022857;GO:0016021
Q1QXB4	GO:0055129;GO:0004350;GO:0005737;GO:0050661
P41743	GO:0018105;GO:0032869;GO:0005634;GO:0098978;GO:0035089;GO:1903078;GO:0045197;GO:0045171;GO:0005654;GO:0043066;GO:0045216;GO:0046326;GO:0070555;GO:0004674;GO:0006468;GO:0010976;GO:2000353;GO:0016192;GO:0000139;GO:0048194;GO:0005886;GO:0006612;GO:0005524;GO:0007010;GO:0005829;GO:0046903;GO:0015630;GO:0034351;GO:0061024;GO:0007015;GO:0070062;GO:0046872;GO:0004672;GO:0043220;GO:0004697;GO:0035556;GO:0004698;GO:0042462;GO:0098685;GO:0070830;GO:0043524;GO:0099072;GO:0005543;GO:0005768;GO:0016324;GO:0016477;GO:0005923;GO:0051092;GO:0031252;GO:0060252;GO:0045747
Q9NSD4	GO:0000978;GO:0006357;GO:0005634;GO:0000981;GO:0046872
P28178	GO:0050920;GO:1905303;GO:1903013;GO:0110094;GO:0004691;GO:0005634;GO:0031288;GO:0046580;GO:0035556;GO:0005737;GO:0005886;GO:0030587;GO:0005524;GO:0051602;GO:0032060;GO:0004674;GO:0006468;GO:0043327
Q7TSH3	GO:0045893;GO:0000978;GO:0046872;GO:0005634;GO:0000981;GO:0009409;GO:0060612;GO:0120162;GO:0000987;GO:0006355;GO:0050873;GO:0033613
Q213M9	GO:0015293;GO:0006835;GO:0005886;GO:0016021
B7HIT0	GO:0004139;GO:0005737;GO:0016052;GO:0009264;GO:0046386
Q9T065	GO:0042802;GO:0030170;GO:0016847;GO:0009693;GO:0009835
P51801	GO:0006821;GO:0007588;GO:0034765;GO:0005886;GO:0034707;GO:0046872;GO:0034220;GO:0005887;GO:0005247
Q9P377	GO:0051274;GO:0000148;GO:0051286;GO:0071970;GO:0003843;GO:0030427;GO:0005737;GO:0005886;GO:0009272;GO:0034413;GO:0046527;GO:0016021;GO:0032153
Q9X1C0	GO:0008453;GO:0019265;GO:0004760;GO:0005777
P75100	
Q5RAG2	GO:0008289;GO:0006869;GO:0030176;GO:0005886;GO:0046872;GO:0061817
Q9CAV0	GO:0022626;GO:0042788;GO:0009506;GO:0003729;GO:0005886;GO:0006412;GO:0005829;GO:0022627;GO:0003735
A6L048	GO:0005737;GO:0042355;GO:0030145;GO:0008736
P19485	GO:0046872;GO:0006171;GO:0035556;GO:0005886;GO:0005524;GO:0016021;GO:0004016
C3N5E1	GO:0004809;GO:0000049
O70524	GO:0000775;GO:0005730;GO:0008270
B4S4J4	GO:0009234;GO:0030145;GO:0030976;GO:0070204;GO:0000287
A1SDH8	GO:0003677;GO:0006281;GO:0006310;GO:0046872
A1U995	GO:0004613;GO:0006094;GO:0005737;GO:0030145;GO:0005525
Q8A861	GO:0016854;GO:0006518;GO:0016855;GO:0071555;GO:0000287
Q8CJR5	GO:0005737;GO:0006085;GO:0008959
A1VST0	GO:0008759;GO:0009245;GO:0103117;GO:0046872
Q2RJ25	GO:0006782;GO:0050661;GO:0008883
P53713	GO:1903078;GO:0030027;GO:0007229;GO:0001968;GO:0046982;GO:0031623;GO:0055037;GO:0005925;GO:0071438;GO:0009986;GO:0016020;GO:0098639;GO:0033627;GO:0032587;GO:0007160;GO:0008305;GO:0042470;GO:0010710;GO:0030335;GO:0038023;GO:0005178;GO:0016477;GO:0046872;GO:0071404
O13793	GO:0015194;GO:0022857;GO:0005743;GO:0005739;GO:0140300;GO:1990542;GO:0031305
B3RVF0	GO:0017108;GO:0005739;GO:0005634;GO:0006260;GO:0005730;GO:0043137;GO:0003677;GO:0004523;GO:0005654;GO:0030145;GO:0000287;GO:0048256;GO:0006284;GO:0008409
B8DLR0	
Q5SJD2	GO:0008360;GO:0009252;GO:0007049;GO:0051301;GO:0071555;GO:0005737;GO:0005524;GO:0008764
P32949	GO:0016042;GO:0004806
Q02AL5	GO:0005737;GO:0009088;GO:0005524;GO:0004413
Q73TS2	GO:0004613;GO:0006094;GO:0005737;GO:0030145;GO:0005525
P0C594	GO:0070373;GO:0033549;GO:0005634;GO:0008138;GO:0004725;GO:0005737;GO:0042803;GO:0032991;GO:0042692;GO:0006470
P41413	GO:0006465;GO:0007507;GO:0033625;GO:1990874;GO:0005802;GO:0019058;GO:0016485;GO:0035108;GO:0140447;GO:0030141;GO:0005794;GO:0005797;GO:0048706;GO:0016486;GO:0048566;GO:0005886;GO:0007566;GO:0016020;GO:0001822;GO:0003279;GO:0030323;GO:0034699;GO:0036120;GO:0043204;GO:2001046;GO:0030173;GO:0060976;GO:0043043;GO:0034698;GO:1904754;GO:1990635;GO:1905609;GO:0009952;GO:0007368;GO:0008233;GO:0004175;GO:0002001;GO:0042277;GO:0005615;GO:0004252
O94030	GO:0045041;GO:0005743;GO:0005758;GO:0016021;GO:0022417;GO:0015035
Q71F56	GO:0016592;GO:0006357;GO:0003712
A2VD92	GO:0032508;GO:0003682;GO:0004518;GO:0005739;GO:0005634;GO:0006388;GO:0006397;GO:0072669;GO:0004527;GO:0003677;GO:0003724;GO:0005737;GO:0003712;GO:0005524;GO:0033677;GO:0004386;GO:0005829;GO:0006302;GO:0008143
B4TGI0	GO:0015420;GO:0016887;GO:0005886;GO:0005524
A5N5D7	GO:0042026;GO:0005737;GO:0051082;GO:0005524
O02389	
A6ZXR1	GO:0005789;GO:0005778;GO:0007031
B8CKG9	GO:0006094;GO:0005737;GO:0006096;GO:0004807
Q66849	GO:0039694;GO:0042025;GO:0004197;GO:0039540;GO:0039657;GO:0005198;GO:0003723;GO:0039522;GO:0018144;GO:0044694;GO:0006260;GO:0039690;GO:0044162;GO:0016020;GO:0039707;GO:0005524;GO:0005216;GO:0003724;GO:0039618;GO:0003968;GO:0044385;GO:0006351;GO:0051259;GO:0039611;GO:0075509;GO:0046872;GO:0039520;GO:0019062
Q28806	GO:0005178;GO:0007155;GO:0098609;GO:0005887
Q7XIF5	GO:0000139;GO:0071555;GO:0005794;GO:0047259;GO:0016757;GO:0016021;GO:0051753
O54990	GO:0042995;GO:0045494;GO:0010842;GO:0031528;GO:0005929;GO:0005783;GO:0060219;GO:0045296;GO:0005903;GO:0009986;GO:0005886;GO:0072112;GO:0005887;GO:0071914;GO:0070062;GO:0015485;GO:0005902;GO:0016324;GO:0032420;GO:0042805;GO:0042622;GO:0001750;GO:0005793;GO:0060042;GO:0005615;GO:2000768;GO:0072139
A1CBG9	GO:0005737;GO:0030435;GO:0046872
P21640	GO:0009236;GO:0030789;GO:0032259
O54981	GO:0005634;GO:0005737
Q8A806	GO:0008360;GO:0009252;GO:0007049;GO:0051301;GO:0071949;GO:0071555;GO:0005737;GO:0008762
P32044	GO:0030955;GO:0016301;GO:0005524;GO:0000287;GO:0004743
Q5R5V8	GO:0005886;GO:0004930;GO:0046872;GO:0016021
B8ENL8	GO:0006094;GO:0006096;GO:0005737;GO:0004347
B5EZS0	GO:0006635;GO:0005737;GO:0003988
A8MCC9	GO:0005840;GO:0003735;GO:0008270;GO:0006412
P16724	GO:0046872;GO:0042025;GO:0016485;GO:0019069;GO:0019073;GO:0005524;GO:0019076
Q9BZR6	GO:0098978;GO:0035374;GO:0045121;GO:0043198;GO:0005783;GO:1905573;GO:0043025;GO:0009986;GO:0005886;GO:0030517;GO:0035025;GO:0043547;GO:0043204;GO:0007166;GO:0005887;GO:0007409;GO:0048681;GO:0070062;GO:0038131;GO:0008201;GO:0098793;GO:0043005;GO:0050771;GO:0038023;GO:0031362;GO:0044295;GO:0044877;GO:1905576;GO:0022038;GO:0023041;GO:0010977
O80361	GO:0005840;GO:0006412;GO:0003735;GO:0009507;GO:0019843
P54745	GO:0090581;GO:0005351;GO:0009401;GO:0051476;GO:0022877;GO:0090563;GO:0016301;GO:0005886;GO:0005887
B4P8E0	GO:0016787
A4T092	GO:0004367;GO:0046167;GO:0005975;GO:0009331;GO:0006650;GO:0046168;GO:0051287;GO:0008654
G4N296	GO:0006633;GO:0004315;GO:0016491
Q9QZN0	GO:0016567;GO:0019005
P22202	GO:0006457;GO:0031072;GO:0051082;GO:0016192;GO:0005634;GO:0034620;GO:0006986;GO:0016887;GO:0044183;GO:0034605;GO:0006616;GO:0051787;GO:0005737;GO:0005886;GO:0042026;GO:0051085;GO:0005524;GO:0005829
Q6DI48	GO:0045746;GO:0005509;GO:0033504;GO:0001525;GO:0021536;GO:0060034;GO:0014032;GO:0009880;GO:0008593;GO:0005112;GO:0005938;GO:0060113;GO:0005886;GO:0022008;GO:0030901;GO:0016021;GO:0055016;GO:0007219;GO:0021514
A0A2Y9HRR8	GO:0008289;GO:0008203;GO:0034364;GO:0006869;GO:0042157
A0JM12	GO:0014841;GO:0014719;GO:0014816;GO:0007155;GO:0005112;GO:0005886;GO:0043277;GO:0016021
B1Z9R9	GO:0000287;GO:0000162;GO:0004048
Q8K1C9	GO:0005634;GO:0016567;GO:0005737
Q32LU7	GO:0005739;GO:0043024;GO:0006417;GO:0005840;GO:0032543;GO:0019843
Q41188	GO:0005634;GO:0009409;GO:0005737;GO:0009414;GO:0009737;GO:0043457;GO:0003729;GO:0005886;GO:0005829;GO:0003690;GO:0003697;GO:0003676;GO:0005730;GO:0009631;GO:0009269;GO:0032508;GO:0031982;GO:0048316;GO:0048443;GO:0010228;GO:0008270
P9WQE0	GO:0006633;GO:0004315;GO:0016491;GO:0031177
P37230	GO:0007507;GO:0010887;GO:0005634;GO:0032091;GO:0001103;GO:0010891;GO:0005654;GO:0035095;GO:0000122;GO:0042157;GO:0051525;GO:0006355;GO:0008144;GO:0045893;GO:0010871;GO:0032922;GO:0010565;GO:0045776;GO:0009755;GO:0000978;GO:0001666;GO:0042060;GO:0050728;GO:0010745;GO:0001223;GO:0061052;GO:0003707;GO:0010876;GO:1903038;GO:0097371;GO:0004879;GO:0008134;GO:0008289;GO:0019217;GO:0001227;GO:0006631;GO:0043565;GO:0045820;GO:0014070;GO:1901215;GO:0030154;GO:0019902;GO:0042752;GO:0045471;GO:0045944;GO:0038023;GO:0003700;GO:0045722;GO:0019904;GO:0008544;GO:0045923;GO:0032868;GO:0019216;GO:0044877;GO:0046321;GO:0070166;GO:0001228;GO:1902894;GO:0009267;GO:0010883;GO:0033993;GO:0008270;GO:0031624;GO:0032099;GO:0010468
Q7Z3Y9	GO:0070062;GO:0031424;GO:0070268;GO:0005882;GO:0005198;GO:0005829
Q07WH1	GO:0051539;GO:0003861;GO:0009098;GO:0046872
Q8N782	GO:0000978;GO:0006357;GO:0005634;GO:0000981;GO:0046872
B0VPV2	GO:0019556;GO:0005737;GO:0016153;GO:0019557
A8F4P7	GO:0009380;GO:0009432;GO:0003677;GO:0006289;GO:0005737;GO:0009381
Q084S3	GO:0016645;GO:0004808;GO:0050660;GO:0005737;GO:0002097
A5W1H3	GO:0042597;GO:0044874;GO:0042953
A3QGU0	GO:0006402;GO:0006396;GO:0005737;GO:0004654;GO:0003723;GO:0000287
Q9TV98	GO:0005634;GO:0030518;GO:0005794;GO:0051000;GO:0045893;GO:0007200;GO:0000978;GO:0006357;GO:0043124;GO:0005886;GO:0004879;GO:0000790;GO:0051091;GO:0043565;GO:0045429;GO:0010863;GO:0005496;GO:0071392;GO:0043433;GO:0008270;GO:0007204;GO:0030284
Q9R099	GO:0042149;GO:0019901;GO:0071456;GO:0051219;GO:0031369;GO:0005783;GO:0030968
P42982	GO:0071793;GO:0016757;GO:0000166
Q2JHP5	GO:0008360;GO:0009252;GO:0007049;GO:0051301;GO:0071555;GO:0005737;GO:0005524;GO:0008764
Q9PVE2	GO:0005634;GO:0030520;GO:0005496;GO:0071392;GO:0043565;GO:0008270;GO:0004879;GO:0030284
Q50220	GO:0005737;GO:0005524
Q2RVX7	GO:0004478;GO:0006730;GO:0005737;GO:0006556;GO:0005524;GO:0000287
P11205	GO:0019012;GO:0030430;GO:0039697;GO:0004482;GO:0005524;GO:0003968
Q7W2G9	GO:0003677;GO:0006351;GO:0032549;GO:0003899
A5UMF6	GO:0009073;GO:0019632;GO:0009423;GO:0050661;GO:0004764
P39099	GO:0042802;GO:0008233;GO:0006508;GO:0042597;GO:0051603;GO:0004252;GO:0071575
P10826	GO:1990837;GO:0005634;GO:0000981;GO:0007165;GO:0008285;GO:0021756;GO:0005654;GO:0031641;GO:0005737;GO:0000122;GO:0043066;GO:0046965;GO:0008144;GO:0045666;GO:0009755;GO:0000978;GO:0003417;GO:0043065;GO:0002068;GO:0032331;GO:0035264;GO:0048566;GO:0003148;GO:0004879;GO:0000790;GO:0048048;GO:0030154;GO:0045944;GO:0048384;GO:0044877;GO:0003677;GO:0001657;GO:0008270;GO:0006367;GO:0035116;GO:0055012
A9VTA4	GO:0004479
Q01577	GO:0004674;GO:0005524
B3EEA0	GO:0042744;GO:0004096;GO:0046872;GO:0006979;GO:0020037
Q947R4	GO:0005634;GO:0048629;GO:0001708;GO:0003677;GO:0032880;GO:0009867;GO:2000039
B1KTE0	GO:0006457;GO:0003755;GO:0005886
Q5E861	GO:0005886;GO:0051087;GO:0016021
O36389	GO:0004386;GO:0019079;GO:0005524
A4W9X4	GO:0009168;GO:0008270;GO:0009117;GO:0004000
Q2HAD8	GO:0071004;GO:1903241;GO:0003676;GO:1990447;GO:0003724;GO:0005524;GO:1990446
I3M072	GO:0042802;GO:0032489;GO:0033344;GO:0051180;GO:0010804;GO:0010875;GO:0055091;GO:0007229;GO:0070653;GO:0042632;GO:0034366;GO:0051496;GO:0019899;GO:0010903;GO:0008211;GO:0045499;GO:0001932;GO:0018206;GO:0030139;GO:0050728;GO:0006695;GO:0060228;GO:0070508;GO:0043691;GO:0034375;GO:0070328;GO:0051346;GO:1900026;GO:0001935;GO:0050821;GO:0035025;GO:0042158;GO:0060354;GO:0030300;GO:0033700;GO:0007186;GO:1902995;GO:0015485;GO:0008035;GO:0031072;GO:0032691;GO:0001540;GO:0010873;GO:0019915;GO:0034115;GO:0034361;GO:0006656;GO:0034380;GO:0120020;GO:0043534;GO:0005543;GO:0018158;GO:0051345;GO:0050766;GO:0002719;GO:0034191;GO:0030325
W8JIS9	GO:0004497;GO:0016705;GO:0005506;GO:0020037
Q0WQ75	GO:0042147;GO:0006914;GO:0055037;GO:0032456;GO:0016192;GO:0007041;GO:0010305;GO:0006869;GO:0007030;GO:0016020;GO:0048193;GO:1990745;GO:0005829;GO:0000938;GO:0005770;GO:0007034;GO:0015031
P13540	GO:0030016;GO:0032982;GO:0005516;GO:0030017;GO:0005524;GO:0051015;GO:0003774;GO:0016459
Q93YS4	GO:0009414;GO:0016887;GO:0005886;GO:0005524;GO:0016021;GO:0010148
P83942	GO:0090729;GO:0008083;GO:0005576;GO:0016020
Q9SVV9	GO:0045836;GO:0005634;GO:0016607;GO:0003723;GO:0051321;GO:0045927
Q748F5	GO:0005198;GO:0071973;GO:0009428;GO:0030288
Q7TXL6	GO:0034081;GO:0008610;GO:0016491;GO:0071766;GO:0006633;GO:0004315;GO:0031177
Q9LZN2	GO:0009733;GO:0005789;GO:0055085;GO:0016021;GO:0009734
B7GHD3	GO:0019464;GO:0004375;GO:0009116
Q5F3R2	GO:0042393;GO:0005634;GO:0034648;GO:0034720;GO:0032453;GO:0006338;GO:0003677;GO:0035097;GO:0034647;GO:0048511;GO:0008270;GO:0032452;GO:0051213
Q63504	GO:1990837;GO:0005634;GO:0005654;GO:0005737;GO:0000122;GO:0006355;GO:0045893;GO:0055088;GO:0097009;GO:0009755;GO:0000978;GO:0050728;GO:0004879;GO:0050727;GO:0001227;GO:0000987;GO:0030154;GO:0048512;GO:0045944;GO:0042752;GO:2001014;GO:0003700;GO:0045892;GO:0019216;GO:0003677;GO:0008270
A4I2L4	GO:0017108;GO:0005739;GO:0006260;GO:0005730;GO:0043137;GO:0003677;GO:0005654;GO:0000287;GO:0006284;GO:0008409
Q39SN2	GO:0003924;GO:0003746;GO:0005737;GO:0005525
P24442	GO:0042025;GO:0019033;GO:0030430
P0C6U9	GO:0019082;GO:0039579;GO:0039502;GO:0039648;GO:0004843;GO:0019079;GO:0039520;GO:0004197;GO:0003727;GO:0033644;GO:0044220;GO:0039595;GO:0008270;GO:0016021;GO:0003968;GO:0039548
Q0AKB1	GO:0006457;GO:0051082;GO:0005524
A9IGJ9	GO:0006402;GO:0006396;GO:0005737;GO:0004654;GO:0003723;GO:0000287
B0T1S7	GO:0004479
Q6FQI1	GO:0006021;GO:0008654;GO:0004512;GO:0005737
G5EGS5	GO:0032012;GO:0007005;GO:0000137;GO:0070971;GO:0005793;GO:0005086;GO:0016197;GO:0046903;GO:0007029
P0DJY0	GO:0019082;GO:0046872;GO:0042025;GO:0004197;GO:0044167;GO:0005524;GO:0016021;GO:0004386
Q5ZXH8	GO:0008761;GO:0016051;GO:0009405;GO:0102388;GO:0004553;GO:0006047
Q7V7N1	GO:0006526;GO:0046983;GO:0005737;GO:0003942;GO:0051287
B5XUU2	GO:0009236;GO:0008168;GO:0046140;GO:0032259
Q00623	GO:0051180;GO:0055091;GO:0042157;GO:0050728;GO:0001932;GO:1900026;GO:0050821;GO:0005829;GO:0060354;GO:0030300;GO:1902995;GO:0060192;GO:0055102;GO:0034380;GO:0005543;GO:0050766;GO:0010875;GO:0005102;GO:0042632;GO:0051006;GO:0071813;GO:0030139;GO:0006695;GO:0008203;GO:0042158;GO:0033700;GO:0030301;GO:0015485;GO:0008289;GO:0034363;GO:0001540;GO:0010873;GO:0019915;GO:0034115;GO:0120020;GO:0005319;GO:0050919;GO:0031100;GO:0005615;GO:0030325;GO:0010804;GO:0045723;GO:0006644;GO:0031410;GO:0019899;GO:0008211;GO:0010903;GO:0018206;GO:0070328;GO:0051346;GO:0009986;GO:0046470;GO:0031072;GO:0008035;GO:0032691;GO:0060761;GO:0034190;GO:0034362;GO:0034191;GO:0042802;GO:0032489;GO:0033344;GO:0005634;GO:0034364;GO:0034372;GO:0007229;GO:0070653;GO:0034366;GO:0051496;GO:0015914;GO:0045499;GO:0060228;GO:0005576;GO:0070508;GO:0043691;GO:0034375;GO:0042627;GO:0001935;GO:0035025;GO:0007186;GO:0031210;GO:0034365;GO:0034361;GO:0006656;GO:0046889;GO:0043534;GO:0010898;GO:0018158;GO:0051345;GO:0002719
A8GAB9	GO:0016655;GO:0006814
P82348	GO:0016011;GO:0060047;GO:0048738;GO:0005737;GO:0005886;GO:0005856;GO:0016012;GO:0042383;GO:0061024;GO:0005887
Q8IYH5	GO:0043967;GO:0005730;GO:0003677;GO:0005654;GO:0008270;GO:0005671
Q8QFV0	GO:0015271;GO:0005228;GO:0005886;GO:0016021
Q90734	GO:0030054;GO:0005509;GO:0035357;GO:0030374;GO:0003779;GO:0048384;GO:0005634;GO:0005737;GO:0015031;GO:1903506
P32379	GO:0019773;GO:0042175;GO:0005839;GO:0005634;GO:0004175;GO:0010499;GO:0010498;GO:0005737;GO:0043161;GO:0034515
Q0C548	GO:0005525;GO:0046872;GO:0000917
A9W6X1	GO:0006807;GO:0005737;GO:0016151
B2HDJ0	GO:0008360;GO:0009252;GO:0000902;GO:0009103;GO:0006048;GO:0003977;GO:0071555;GO:0005737;GO:0000287;GO:0009245;GO:0019134
P46538	GO:0004151;GO:0044205;GO:0008270
B5QVV9	GO:0015420;GO:0016887;GO:0005886;GO:0005524
Q9PG67	GO:0005737;GO:0002949;GO:0005506;GO:0061711
Q03SV2	GO:0004751;GO:0009052
B7VJT5	GO:0051539;GO:0002935;GO:0070040;GO:0000049;GO:0005737;GO:0046872;GO:0019843;GO:0070475
Q8G7F4	GO:0015415;GO:0016887;GO:0005886;GO:0005315;GO:0005524
A4VPB6	GO:0071555;GO:0008360;GO:0009252;GO:0008881
Q8N9I0	GO:0043533;GO:0030672;GO:0030424;GO:0017158;GO:0016192;GO:0071277;GO:1903861;GO:0030276;GO:0005886;GO:0016021;GO:0016079;GO:0061024;GO:0042584;GO:0030665;GO:0005509;GO:0019905;GO:0070382;GO:0048791;GO:0001786;GO:0048488;GO:0005544;GO:0014059;GO:0031045;GO:0000149;GO:0017156
P08235	GO:0003700;GO:0000978;GO:1990837;GO:0006357;GO:0000790;GO:0000981;GO:0003707;GO:0005789;GO:0007165;GO:0030518;GO:0005654;GO:0043235;GO:0008270;GO:0005829;GO:0006367;GO:1901224;GO:0004879;GO:0005496
B3QL00	GO:0009234;GO:0030145;GO:0030976;GO:0070204;GO:0000287
Q7XDY9	GO:0009507
P0C6X8	GO:0039694;GO:0039502;GO:0004197;GO:0003727;GO:0032259;GO:0004519;GO:0039648;GO:0004843;GO:0044220;GO:0039595;GO:0005524;GO:0016021;GO:0039644;GO:0019082;GO:0039579;GO:0033644;GO:0003724;GO:0003968;GO:0008168;GO:0044172;GO:0003678;GO:0006351;GO:0004527;GO:0008270;GO:0039520
Q1CRG8	GO:0006275;GO:0006270;GO:0005737;GO:0005524;GO:0003688
Q2II14	GO:0006420;GO:0005737;GO:0004814;GO:0005524
P0C0B8	GO:0008408;GO:0003677;GO:0003887;GO:0005737;GO:0006261
Q2FE21	GO:0016491
Q6D0A9	GO:0005737;GO:0009088;GO:0005524;GO:0004413
P61194	GO:0016992;GO:0051539;GO:0005737;GO:0102553;GO:0046872;GO:0102552;GO:0009249
A9WJ10	GO:0000105;GO:0004477;GO:0009086;GO:0006730;GO:0004488;GO:0006164;GO:0035999;GO:0005829
A0QQZ8	GO:0010125;GO:0000287;GO:0102710;GO:0008375
Q8IZM8	GO:0006357;GO:0005634;GO:0001228;GO:0003677;GO:0046872
Q50382	GO:0005737;GO:0005524
Q1BHL9	GO:0000049;GO:0006424;GO:0005737;GO:0005524;GO:0008270;GO:0004818
Q8CNH7	GO:0004139;GO:0005737;GO:0016052;GO:0009264;GO:0046386
Q3ZYM9	GO:0000105;GO:0005737;GO:0003949
P15245	GO:0071949;GO:0019336;GO:0018662
P79797	GO:0042273;GO:0005634;GO:0003677;GO:0046872;GO:0003723;GO:0045893
F1MLB4	GO:0005737;GO:0070286;GO:0044458
Q1A261	GO:0020002;GO:0019082;GO:0019064;GO:0044175;GO:0039654;GO:0055036;GO:0019031;GO:0075512;GO:0090527;GO:1903905;GO:1903908;GO:0016021;GO:0005198;GO:0030683;GO:0019062;GO:1903911
P38093	GO:0006357;GO:0075306;GO:1900376;GO:0009968;GO:0035556;GO:0045574;GO:0045461;GO:0030436;GO:0010914;GO:0048315
Q96RI1	GO:0055089;GO:0042742;GO:0034142;GO:0000981;GO:0005719;GO:0010804;GO:0032703;GO:0005654;GO:0038181;GO:0043066;GO:0000122;GO:0032088;GO:0034255;GO:0042632;GO:0006355;GO:0071417;GO:0046965;GO:0007219;GO:1903413;GO:0034971;GO:0010903;GO:0045893;GO:0055088;GO:0050728;GO:0000978;GO:0038185;GO:0006357;GO:0061178;GO:0071398;GO:0043124;GO:0038183;GO:1904468;GO:0035774;GO:0046628;GO:0070857;GO:0004879;GO:0071638;GO:2000213;GO:0071222;GO:0000976;GO:0032052;GO:0000790;GO:0006629;GO:0006954;GO:0030522;GO:0043565;GO:0016922;GO:1902122;GO:0032620;GO:0000977;GO:0030154;GO:1905695;GO:0045944;GO:0015721;GO:0090181;GO:0003700;GO:0001080;GO:0032692;GO:0032715;GO:0001678;GO:1904179;GO:2001250;GO:0008206;GO:0034162;GO:0001228;GO:0032689;GO:0008270;GO:0045087;GO:0043235;GO:0006367;GO:0010988;GO:0007043;GO:0035356
Q7WRD9	GO:0003677;GO:0006351;GO:0032549;GO:0003899
Q8L7R3	GO:0047159;GO:0005634;GO:0005789;GO:0071618;GO:0016021;GO:0000038;GO:0050200;GO:0005783;GO:0006644;GO:0008654
Q17388	GO:0031268;GO:0007283;GO:0031301;GO:0005544;GO:0032809;GO:0007275;GO:0031260;GO:0061025;GO:0030154;GO:0005887;GO:0007009;GO:0097723
Q9H9B1	GO:0018027;GO:0018026;GO:0005634;GO:0006306;GO:0005654;GO:0000122;GO:0016571;GO:0006325;GO:1901796;GO:0018024;GO:0046974;GO:0005694;GO:0016279;GO:0045995;GO:0120162;GO:0070742;GO:0046976;GO:0008168;GO:0001226;GO:0060992;GO:0045892;GO:0002039;GO:0070317;GO:0016604;GO:0008270
Q06PW6	GO:0005509;GO:0042128;GO:0042597;GO:0005506;GO:0042279;GO:0020037
Q58A45	GO:0000932;GO:0004672;GO:0006605;GO:0006397;GO:0090503;GO:0010606;GO:0003723;GO:0031251;GO:0005524;GO:0046872;GO:0000290;GO:0005829;GO:0000289
Q9PR71	GO:0005737;GO:0004791
A4FBJ4	GO:0004479
O74840	GO:0070966;GO:0005634;GO:0005730;GO:0043130;GO:0005737;GO:0004519
Q62255	GO:0035136;GO:0000976;GO:0006357;GO:0005634;GO:0000981;GO:0035137;GO:0046872;GO:0021891;GO:0045879
Q9VUN0	GO:0048495;GO:0008201;GO:0007165;GO:0061809;GO:0070983;GO:0060026;GO:0005886;GO:0005030;GO:0007411;GO:0016021;GO:0050135;GO:0003401
D4ATR3	GO:0016798;GO:0030246;GO:0005576;GO:0005975
A0PUK1	GO:0045261;GO:0005886;GO:0005524;GO:0042777;GO:0046933
Q54RX9	GO:0003924;GO:0006886;GO:0140220;GO:0012505;GO:0005525;GO:0005811
Q2QLV9	GO:0016117;GO:0031969;GO:0016767;GO:0046905;GO:0004310;GO:0010287;GO:0051996
Q8T662	GO:0045335;GO:0046872;GO:0006620;GO:0016887;GO:0045048;GO:0043529;GO:0005524;GO:0019898
Q8PK23	GO:0004817;GO:0005737;GO:0005524;GO:0008270;GO:0006423
P0CI02	GO:0047711;GO:0046677;GO:0008270
B0KLX1	GO:0042597;GO:0044874;GO:0042953
Q67XW5	GO:0006511;GO:0046872;GO:0004843;GO:0005634;GO:0004197;GO:0016579;GO:0016021;GO:0005829
A8H562	GO:0005737;GO:0009229;GO:0009228;GO:0016783
O75170	GO:0005634;GO:0043666;GO:0019903;GO:0043231;GO:0019888;GO:0005829
Q5BGR9	GO:0005789;GO:0090110;GO:0000139;GO:0030127;GO:0006886;GO:0005737;GO:0070971;GO:0008270;GO:0005096
P43809	GO:0003678;GO:0003677;GO:0006281;GO:0006310;GO:0005524
P48454	GO:0097720;GO:0098978;GO:0005739;GO:0007420;GO:1900244;GO:0005516;GO:0005955;GO:0005737;GO:0033192;GO:0033173;GO:0046872;GO:1900740;GO:0005829;GO:0099523;GO:0006470
Q5HKH9	GO:0006006;GO:0005737;GO:0008861
Q5Z154	GO:0005737;GO:0036218;GO:0009117;GO:0035529
B7LW61	GO:0009245;GO:0008915
Q9ZEP3	GO:0005886;GO:0000155;GO:0005524;GO:0016021
P54759	GO:0045211;GO:0098978;GO:0007420;GO:0048013;GO:0031290;GO:0008046;GO:0001934;GO:0072178;GO:0045499;GO:0048671;GO:0043525;GO:0043065;GO:0048755;GO:0043025;GO:0030425;GO:0005524;GO:0031594;GO:0005887;GO:0005004;GO:0070372;GO:0046875;GO:0005005;GO:0004713;GO:0005003;GO:0007275;GO:0099060;GO:0007411;GO:0043005;GO:0007169;GO:0043281;GO:0004714;GO:0051964;GO:0050919;GO:0006915;GO:0031952;GO:0033674;GO:0099175;GO:0016310;GO:0022407;GO:0043235;GO:0050730
Q82UR4	GO:0008784;GO:0030632;GO:0030170
Q6ZJM9	GO:0009908;GO:0045892;GO:0042393;GO:0000790;GO:0005634;GO:0003677;GO:0003712;GO:0048586;GO:0046872;GO:0045944
B5Z0W0	GO:0033737;GO:0019477;GO:0051287;GO:0019145;GO:0009447
D2CVN6	GO:0000781;GO:0007004;GO:0008270;GO:0005697;GO:0043047
P75072	
O52065	GO:0006457;GO:0031072;GO:0051082;GO:0006260;GO:0009408;GO:0005737;GO:0008270;GO:0005524
B4F0Z5	GO:0005737;GO:0043093;GO:0000917
B9DVF3	GO:0006457;GO:0051082;GO:0005524
A0MD28	GO:0039694;GO:0039502;GO:0042025;GO:0004197;GO:0003723;GO:0075523;GO:0004843;GO:0044220;GO:0005524;GO:0016021;GO:0039644;GO:0019082;GO:0039579;GO:0033644;GO:0003724;GO:0003968;GO:0003678;GO:0044165;GO:0006351;GO:0039563;GO:0008270;GO:0039648;GO:0004252
P33614	GO:0020002;GO:0019064;GO:0055036;GO:0019031;GO:0016021
Q748Y6	GO:0003677;GO:0006351;GO:0032549;GO:0003899
B7NRB1	GO:0030091;GO:0042597;GO:0043546;GO:0046872;GO:0016672
Q826S4	GO:0004252;GO:0004176;GO:0005737
Q82054	GO:0003723;GO:0016032;GO:0006417;GO:0030430
Q1JEV4	GO:0008408;GO:0003677;GO:0003887;GO:0005737;GO:0006261
Q7SDY6	GO:0005681;GO:0000386;GO:0008380;GO:0008270;GO:0000398;GO:0030628
Q5E9B6	GO:0045861;GO:0010887;GO:0090341;GO:0005634;GO:0090575;GO:0010875;GO:0005737;GO:0000122;GO:0042632;GO:0046965;GO:0045893;GO:0055088;GO:0043031;GO:0050728;GO:0000978;GO:0070328;GO:0090188;GO:0004879;GO:1903573;GO:0071222;GO:0036151;GO:0006629;GO:0043565;GO:0030154;GO:0045944;GO:2000325;GO:0120163;GO:0001228;GO:0008270
A2XFC8	GO:0005524;GO:0006952;GO:0004707
Q82W26	GO:0051287;GO:0000105;GO:0004399;GO:0008270
Q04647	GO:0005739;GO:0016020;GO:0017004;GO:0015232;GO:0020037
Q6DLS0	GO:0004190;GO:0005576;GO:0016020
Q3AFC6	GO:0030955;GO:0004427;GO:0006814;GO:0009678;GO:0000287;GO:0005887
O60294	GO:0006400;GO:0030488;GO:0008175;GO:0031591;GO:0005737
Q7W0R9	GO:0003677;GO:0006351;GO:0032549;GO:0003899
O04294	GO:0005634;GO:0006607;GO:0008139;GO:0006952;GO:0005829;GO:0061608
Q7UKY0	GO:0009099;GO:0009082;GO:0050661;GO:0009097;GO:0000287;GO:0004455;GO:0005829
Q8LK56	GO:0051539;GO:0005634;GO:0003906;GO:0006306;GO:0009793;GO:0003677;GO:0019104;GO:0046872;GO:0043078;GO:0006284;GO:0006349
A9B6X4	GO:0065002;GO:0006605;GO:0005737;GO:0005886;GO:0017038;GO:0005524;GO:0046872
A4QDF8	GO:0051539;GO:0006777;GO:0019008;GO:1904047;GO:0046872;GO:0005525;GO:0061798
Q539E5	GO:0042744;GO:0016688;GO:0046872;GO:0006979;GO:0020037
C3MPR5	GO:0004809;GO:0000049
P18725	GO:0003723;GO:0046872
Q9K6Y5	GO:0042158;GO:0008961;GO:0005887
Q9K9D5	GO:0009073;GO:0005737;GO:0009423;GO:0003866
P0C6V3	GO:0042802;GO:0019082;GO:0019079;GO:0039520;GO:0004197;GO:0033644;GO:0008242;GO:0044220;GO:0008270;GO:0016021;GO:0003723;GO:0016740
Q9SLH0	GO:0003700;GO:0042742;GO:0005634;GO:0009873;GO:0009723;GO:0003677
O64750	GO:0009534;GO:0046872;GO:0009543;GO:0048564;GO:0010027;GO:0009561;GO:0009535;GO:0005783;GO:0009507
P18648	GO:1902995;GO:0018206;GO:0008289;GO:0018158;GO:0008203;GO:0034364;GO:0006869;GO:0050766;GO:0010875;GO:0050821;GO:0042157;GO:0005615
Q96MI9	GO:0004181;GO:0035610;GO:0035609;GO:0008270;GO:0015631;GO:0005829
Q87Q76	GO:0019556;GO:0005737;GO:0016153;GO:0019557
B2TIX0	GO:0042026;GO:0005737;GO:0051082;GO:0005524
Q02242	GO:0002644;GO:0050777;GO:0070234;GO:0006915;GO:0043065;GO:0043066;GO:0005886;GO:0016021;GO:0050776;GO:0002250;GO:0009897
P53356	GO:0004715;GO:0005524
Q6YMS3	GO:0039694;GO:0003725;GO:0039502;GO:0042025;GO:0019031;GO:0039564;GO:0004483;GO:0075512;GO:0005198;GO:0005576;GO:0044220;GO:0004482;GO:0039707;GO:0005524;GO:0016021;GO:0019028;GO:0039545;GO:0005216;GO:0003724;GO:0033650;GO:0003968;GO:0039654;GO:0044385;GO:0039574;GO:0055036;GO:0051259;GO:0046983;GO:0044167;GO:0046872;GO:0039520;GO:0019062;GO:0004252
Q6F6R1	GO:0006457;GO:0031072;GO:0051082;GO:0006260;GO:0009408;GO:0005737;GO:0008270;GO:0005524
Q8FRZ3	GO:0006541;GO:0003922;GO:0005524;GO:0016462
D4GP41	GO:0047533;GO:0042843
B2I1V6	GO:0008360;GO:0009252;GO:0007049;GO:0051301;GO:0071555;GO:0005737;GO:0005524;GO:0008764
Q9TU15	GO:0042802;GO:0045893;GO:0034056;GO:0005739;GO:0005634;GO:0030284;GO:0051091;GO:0030520;GO:0071392;GO:0000122;GO:0008270;GO:0019899;GO:0004879;GO:0005496
A1JJH3	GO:0009034
P47709	GO:0043197;GO:0005509;GO:0045211;GO:0007420;GO:0008430;GO:0005546;GO:0030141;GO:0008021;GO:0030672;GO:0070679;GO:2000310;GO:0043005;GO:0019898;GO:0042301;GO:0005544;GO:0045202;GO:0005543;GO:0017137;GO:0097061;GO:0044877;GO:0061669;GO:0006886;GO:0008270;GO:0032991;GO:0005829
P0C6Y1	GO:0003678;GO:0019082;GO:0006351;GO:0039694;GO:0004527;GO:0016021;GO:0004197;GO:0003968;GO:0003724;GO:0008242;GO:0032259;GO:0033644;GO:0039520;GO:0044220;GO:0005524;GO:0004519;GO:0003723;GO:0008168;GO:0008270;GO:0044172
P0C6Y2	GO:0003678;GO:0019082;GO:0006351;GO:0039694;GO:0004527;GO:0016021;GO:0004197;GO:0003968;GO:0003724;GO:0008242;GO:0032259;GO:0033644;GO:0039520;GO:0044220;GO:0005524;GO:0004519;GO:0003723;GO:0008168;GO:0008270;GO:0044172
P0DO24	GO:0006109;GO:0005739;GO:0005634;GO:0005886;GO:0007275;GO:0043434;GO:0009744;GO:0045927
Q9Y4C2	GO:0010359;GO:0044325;GO:1901529;GO:0030336;GO:0005886;GO:0090314
Q9C8Y3	GO:0003700;GO:0009908;GO:2000033;GO:0005634;GO:0009737;GO:2000377;GO:0009723;GO:0009740;GO:0042538;GO:0009739;GO:0009863;GO:0043565;GO:0030154;GO:0003712;GO:0009867;GO:0006355;GO:0009938;GO:0010187
F8DT27	GO:0008152;GO:0005576;GO:0004564;GO:0009758;GO:0050053
Q8YQZ0	GO:0009039;GO:0005737;GO:0016151;GO:0043419
Q5UB51	GO:0039694;GO:0003725;GO:0039502;GO:0042025;GO:0019031;GO:0039564;GO:0004483;GO:0075512;GO:0005198;GO:0005576;GO:0044220;GO:0004482;GO:0039707;GO:0005524;GO:0016021;GO:0019028;GO:0039545;GO:0005216;GO:0003724;GO:0033650;GO:0003968;GO:0039654;GO:0044385;GO:0039574;GO:0055036;GO:0051259;GO:0046983;GO:0044167;GO:0046872;GO:0039520;GO:0019062;GO:0004252
Q6EV04	GO:0022627;GO:0003735;GO:0006412
C3NDZ5	GO:0004809;GO:0000049
Q61361	GO:0098978;GO:0072534;GO:0030246;GO:0030424;GO:0045202;GO:0021766;GO:0033268;GO:0031012;GO:0009986;GO:0098982;GO:0030425;GO:0001501;GO:0005509;GO:0007160;GO:0043194;GO:0031225;GO:1990138;GO:0098966;GO:0007417;GO:0060074;GO:0005615;GO:0005540
A2XFB7	GO:0000160;GO:0048511;GO:0005634
Q8E783	GO:0055129;GO:0004350;GO:0005737;GO:0050661
Q8UGD4	GO:0050570;GO:0005737;GO:0008270;GO:0050897;GO:0051287;GO:0000287;GO:0008615;GO:0042823
Q466A4	GO:0016841;GO:0051539;GO:0016765;GO:0005506
Q9QEE6	
P08824	GO:0042026;GO:0009507;GO:0005524
Q969V1	GO:0007218;GO:0005886;GO:0008528;GO:0005887;GO:0007186
Q6CHP9	GO:0008380;GO:0006397;GO:0005739
Q6LIW0	GO:0009231;GO:0000287;GO:0008686;GO:0030145
A5I705	GO:0006096;GO:0051156;GO:0006094;GO:0004347;GO:0005829;GO:0048029
O81027	GO:0005759;GO:0006552;GO:0004419;GO:0005739;GO:0046951;GO:0006629;GO:0046872
Q18EY5	GO:0003924;GO:0003746;GO:0005737;GO:0005525
P54509	GO:0004386;GO:0005524
P22146	GO:0031505;GO:0030447;GO:0006342;GO:0005576;GO:0071970;GO:0005739;GO:0034411;GO:0031225;GO:0045121;GO:0042124;GO:0009277;GO:0005886;GO:1905897;GO:0030134;GO:0007568;GO:0000936;GO:0005621;GO:0034399;GO:0005618
Q6DRP2	GO:0045664;GO:0003407;GO:0005634;GO:0005730;GO:0000467;GO:0005525;GO:0042127;GO:0007096
Q113P2	GO:0006412;GO:0006464;GO:0016881;GO:0005524;GO:0046872
B0S2B6	GO:0005737;GO:0016149
Q7T3P0	GO:0005840;GO:0003735;GO:0006412
Q4L8G8	GO:0051539;GO:0015942;GO:0008863;GO:0051537;GO:0043546;GO:0009326;GO:0046872;GO:0009055
Q6ZWJ8	GO:0005576
P21757	GO:0030301;GO:0010886;GO:0006911;GO:0097242;GO:0010744;GO:0030666;GO:0010629;GO:0038024;GO:0034381;GO:0034362;GO:0001540;GO:0005886;GO:0030169;GO:0016021;GO:0005044;GO:0005581;GO:0005887;GO:0009897;GO:0006898
Q7N287	GO:0006635;GO:0005737;GO:0003988
Q6PRW6	GO:0045493;GO:0005576;GO:0031176
B5EZI7	GO:0070205;GO:0009234
Q5X9U8	GO:0008408;GO:0003677;GO:0003887;GO:0005737;GO:0006261
P0C0B7	GO:0008408;GO:0003677;GO:0003887;GO:0005737;GO:0006261
P0DA76	GO:0008408;GO:0003677;GO:0003887;GO:0005737;GO:0006261
Q10N34	GO:0000160;GO:0048511;GO:0005634
Q54IN7	GO:0016021
Q9ER00	GO:0033344;GO:0045121;GO:0012505;GO:0008021;GO:0000139;GO:0050821;GO:0055038;GO:0016021;GO:0098837;GO:0031201;GO:0000149;GO:0000407;GO:0005484;GO:0031901;GO:0006906;GO:0045335;GO:0000045;GO:0030285;GO:0031982;GO:0016189;GO:0006886;GO:0031083;GO:0048278
Q9SY69	GO:0051301;GO:0005739;GO:0005634;GO:0009793;GO:0009507
Q6YPY6	GO:0003676;GO:0006430;GO:0005737;GO:0004824;GO:0005524;GO:0000287
Q9BPX3	GO:0000779;GO:0051301;GO:0000796;GO:0005634;GO:0000793;GO:0007076;GO:0005737;GO:0016020;GO:0005829
Q09289	GO:0006511;GO:0008541;GO:0005634;GO:0070628;GO:0043130;GO:0000502;GO:0005737;GO:0061133;GO:0043248;GO:1990381
O74940	GO:0004359;GO:0003952;GO:0005634;GO:0005737;GO:0005524;GO:0005829;GO:0009435
Q07098	GO:0032000;GO:0009903;GO:0009738;GO:0005777;GO:0005634;GO:0005737;GO:0005886;GO:0034613;GO:0046872;GO:0005829;GO:0004721;GO:0006470;GO:0009788
Q5UT56	GO:0016887;GO:0010498;GO:0043335;GO:0005737;GO:0005524;GO:0022623
Q9LM59	GO:1904482;GO:0006730;GO:0030170;GO:0046653;GO:0019264;GO:0005737;GO:0070905;GO:0016597;GO:0008270;GO:0006565;GO:0004372;GO:0050897;GO:0035999;GO:0006544;GO:0046655
Q07868	GO:0009002;GO:0008360;GO:0009252;GO:0007049;GO:0030435;GO:0046677;GO:0051301;GO:0071555;GO:0008658;GO:0005887
P80076	GO:0005576;GO:0090729;GO:0006952;GO:0009405;GO:0019871
Q97JQ5	GO:0009264;GO:0046872;GO:0008253
P62503	GO:0007338;GO:0005576;GO:0036094
O34629	GO:0005886
Q9UW96	GO:0006096;GO:0005737;GO:0050661;GO:0051287;GO:0004365;GO:0006006
Q8U2E4	GO:0006221;GO:0051537;GO:0050660;GO:0005737;GO:0046872;GO:0033796
Q485N9	GO:0005198;GO:0071973;GO:0009428;GO:0030288
P34586	GO:0070588;GO:0006828;GO:0007338;GO:0034703;GO:0051480;GO:0070679;GO:0015279;GO:0005887
C5BQ87	GO:0005840;GO:0003735;GO:0006412
Q8TRT4	GO:0022625;GO:0000049;GO:0006412;GO:0003723;GO:0003735;GO:0019843;GO:0000027
P78990	GO:0032979;GO:0032977;GO:0031305
Q96JK9	GO:0007221;GO:0005634;GO:0005654;GO:0003713;GO:0007219;GO:0016607;GO:0006367;GO:0045944;GO:0045747
Q82GG6	GO:0042026;GO:0005737;GO:0051082;GO:0005524
O14638	GO:0050728;GO:0005509;GO:0016324;GO:0033007;GO:0070062;GO:0035529;GO:0006220;GO:0003676;GO:0004528;GO:0046034;GO:0009143;GO:0002276;GO:0006796;GO:0008270;GO:0016021;GO:0047429;GO:0036218;GO:0048471;GO:0070667;GO:0009897
Q0I4F0	GO:0006457;GO:0051082;GO:0016887;GO:0046983;GO:0008270;GO:0005524
Q9R1S0	GO:0008158;GO:0005813;GO:0042733;GO:0036038;GO:0007224;GO:0001944;GO:0043010;GO:0035869;GO:0001701;GO:0005737;GO:0016020;GO:0032880;GO:0060271;GO:0036064;GO:0060563
A0JMV4	GO:0005681;GO:0005634;GO:0043065;GO:0003729;GO:0000245;GO:0046872;GO:0000381
B3DPI2	GO:0051539;GO:0003861;GO:0009098;GO:0046872
P23204	GO:0007507;GO:0010887;GO:0005634;GO:0032091;GO:0001103;GO:0010891;GO:0005654;GO:0035095;GO:0000122;GO:0042157;GO:0051525;GO:0006355;GO:0008144;GO:0045893;GO:0010871;GO:0032922;GO:0010565;GO:0045776;GO:0009755;GO:0000978;GO:0001666;GO:0042060;GO:0050728;GO:0010745;GO:0001223;GO:0061052;GO:0003707;GO:0010876;GO:1903038;GO:0097371;GO:0004879;GO:0008134;GO:0008289;GO:0019217;GO:0001227;GO:0006631;GO:0006629;GO:0043565;GO:0045820;GO:1901215;GO:0030154;GO:0006006;GO:0019902;GO:0042752;GO:0045471;GO:0045944;GO:0038023;GO:0003700;GO:0045722;GO:0019904;GO:0008544;GO:0045923;GO:0032868;GO:0019216;GO:0044877;GO:0046321;GO:0070166;GO:0001228;GO:1902894;GO:0009267;GO:0033993;GO:0008270;GO:0031624;GO:0032099;GO:0010468
Q9NCL8	GO:0008526;GO:0071944;GO:0035091;GO:0005737;GO:0005794;GO:0008525;GO:0031210
Q6C882	GO:0008017;GO:0005815;GO:0051301;GO:0005634;GO:1990023;GO:0005876;GO:0005881;GO:0072686;GO:0090307;GO:0031110;GO:0000226
Q0WQ63	GO:0005634;GO:0022857;GO:0008643;GO:0016021
Q469F5	GO:0034605;GO:0004176;GO:0043565;GO:0005737;GO:0005524;GO:0006515;GO:0004252
A9MR76	GO:0006457;GO:0031072;GO:0051082;GO:0006260;GO:0009408;GO:0005737;GO:0008270;GO:0005524
Q8T191	GO:0051082;GO:0030587;GO:0003980;GO:0005788;GO:0005793;GO:0005783;GO:0018279;GO:0071712
Q37757	GO:0042026;GO:0009842;GO:0051082;GO:0005524
B1AZA5	GO:0016021
Q8R500	GO:0042802;GO:1904707;GO:0034497;GO:0007283;GO:0007005;GO:0005739;GO:0070584;GO:1904706;GO:0006986;GO:0046580;GO:0008285;GO:0061734;GO:0043394;GO:0008584;GO:0046326;GO:0060299;GO:0005737;GO:0060253;GO:0005525;GO:0010667;GO:0051020;GO:2000872;GO:1905377;GO:0010729;GO:0046686;GO:0048593;GO:0071850;GO:2000386;GO:0061003;GO:1903576;GO:0048662;GO:0060548;GO:0051592;GO:0051646;GO:1990910;GO:0070542;GO:0051602;GO:0008053;GO:0016021;GO:0005829;GO:0046628;GO:0048678;GO:0015630;GO:0001825;GO:0005741;GO:0017016;GO:0010628;GO:0003924;GO:0071287;GO:0071479;GO:2000866;GO:0120162;GO:0071394;GO:0045792;GO:0031667;GO:0048312;GO:0031625;GO:0014850;GO:0035563;GO:0071333;GO:0090650;GO:1901215;GO:0031306;GO:0071549;GO:1905461;GO:1905232;GO:0006626;GO:0000278;GO:0006915;GO:0045786;GO:0071456;GO:0090258;GO:0007006;GO:1903428;GO:1905395;GO:1901857;GO:0051560;GO:0033574;GO:0010918;GO:0090201;GO:0071404;GO:1903427;GO:0072705
A3PI15	GO:0019464;GO:0004375
Q9F6X6	GO:0051539;GO:0036070;GO:0046872;GO:0019685;GO:0005524;GO:0016730;GO:0016636
Q4ZU82	GO:0015416;GO:0005886;GO:0016887;GO:0005524
A1L2E4	GO:0003723;GO:0006364;GO:0008173;GO:0005739
Q6AZW8	GO:0003700;GO:0000978;GO:1990837;GO:0006357;GO:0000790;GO:0046872
Q03ML5	GO:0006094;GO:0006096;GO:0005737;GO:0004347
Q9NVC6	GO:0070847;GO:0006357;GO:0030374;GO:0005634;GO:0042809;GO:0060261;GO:0016592;GO:0005667;GO:0005654;GO:0003713;GO:0016020;GO:0003712;GO:0046966;GO:0006367;GO:0045893;GO:0045944
Q9ET54	GO:0005634;GO:0003382;GO:0008046;GO:0001726;GO:0005856;GO:0007156;GO:0030027;GO:0030018;GO:0015629;GO:0030424;GO:0008092;GO:0003334;GO:0005925;GO:0003779;GO:0031529;GO:0030175;GO:0043025;GO:0005886;GO:0030036;GO:0005829;GO:0071803;GO:0002102;GO:0050808;GO:0060076;GO:0030426;GO:0044295;GO:0001725;GO:0005884;GO:0016477;GO:0031175
A7ZLN7	GO:0033737;GO:0019477;GO:0051287;GO:0019145;GO:0009447
F4JGZ1	GO:0048364;GO:2001009;GO:0005634;GO:1905499;GO:0016592;GO:2001011;GO:0006970;GO:1901672;GO:1902066;GO:0010091;GO:0048586;GO:0006355;GO:0010104;GO:0032922;GO:2000022
Q5R6F3	GO:0003677;GO:0005634;GO:0046872
A5IUN8	GO:0009229;GO:0009228;GO:0004417;GO:0005524;GO:0000287
A8HS48	GO:0022627;GO:0003735;GO:0006412
P06213	GO:0042802;GO:0043410;GO:0032869;GO:0048639;GO:0031994;GO:0002092;GO:0031995;GO:0008584;GO:0046326;GO:0001934;GO:0007612;GO:0014068;GO:0010008;GO:0043548;GO:0006355;GO:0005525;GO:0005198;GO:0006468;GO:0032147;GO:0030424;GO:0045893;GO:0042593;GO:0097242;GO:0005009;GO:0045821;GO:0051897;GO:0018108;GO:0032590;GO:0005886;GO:0016020;GO:0046777;GO:0005524;GO:0008286;GO:0005770;GO:0005887;GO:0007186;GO:0150104;GO:0045995;GO:0043560;GO:0045725;GO:0060267;GO:0070062;GO:0038024;GO:2000194;GO:0007613;GO:0005764;GO:0004713;GO:0008284;GO:0030238;GO:0031017;GO:0038083;GO:0001540;GO:0032148;GO:0007275;GO:0032809;GO:0045429;GO:0071363;GO:0007169;GO:0030335;GO:0005899;GO:0009897;GO:0005975;GO:0006898;GO:0030325;GO:0000187;GO:0004714;GO:0097062;GO:0043243;GO:0019904;GO:0008544;GO:0033674;GO:1990535;GO:0003007;GO:0043559;GO:0044877;GO:0019087;GO:0043235;GO:0051446;GO:0005901;GO:0045840;GO:0005159;GO:0051425
B3N6Y7	GO:0008233;GO:0005764;GO:0006517;GO:0003948
C6DJC3	GO:0006281;GO:0003911;GO:0006260
P75409	GO:0003950;GO:0005576;GO:0090729;GO:0009405;GO:0009986;GO:0005886;GO:0044075
P18185	GO:0006807;GO:0006221;GO:0006526;GO:0005737;GO:0005524;GO:0046872;GO:0006541;GO:0004088
P0AB24	GO:0046677;GO:0009411;GO:0030288;GO:0006979;GO:0009636
Q493S6	GO:0006457;GO:0031072;GO:0051082;GO:0006260;GO:0009408;GO:0005737;GO:0008270;GO:0005524
Q9KXU5	GO:0006457;GO:0051082;GO:0009408;GO:1990220;GO:0051085;GO:0005524;GO:0042026
Q9DBA6	GO:0042802;GO:0005782;GO:0006508;GO:0005777;GO:0031998;GO:0016485;GO:0002020;GO:0004252
Q6UWH4	GO:0005794;GO:0000139;GO:0016021
Q4G393	GO:0005840;GO:0006412;GO:0003735;GO:0009507;GO:0019843
Q52883	GO:0006935;GO:0000156;GO:0008984;GO:0005737;GO:0018277;GO:0006482;GO:0050568
P17712	GO:0042149;GO:0046835;GO:0005739;GO:0005634;GO:0032869;GO:0005654;GO:0005737;GO:0030141;GO:0006003;GO:0055088;GO:0042593;GO:0006096;GO:0019932;GO:0045821;GO:0009749;GO:0051594;GO:0005536;GO:0032024;GO:0006013;GO:0019903;GO:0032811;GO:0044320;GO:0005524;GO:0005829;GO:0050796;GO:0045721;GO:0045725;GO:0006739;GO:0043266;GO:0045180;GO:0051156;GO:0004396;GO:0019158;GO:0005978;GO:0006006;GO:0070509;GO:0008865;GO:0042327;GO:0001678;GO:0005938;GO:0004340;GO:0006002;GO:0000287;GO:0007204;GO:0043531
Q838C9	GO:0005737;GO:0006096;GO:0004459
Q9Z1K5	GO:0006511;GO:0015030;GO:0016567;GO:0031625;GO:0032436;GO:0019005;GO:0031463;GO:0005634;GO:0097413;GO:0061630;GO:0016604;GO:0005737;GO:0031464;GO:0000209;GO:0008270;GO:0031624;GO:0004842;GO:0000151;GO:0031462
A2VEA3	GO:0006511;GO:0015030;GO:0016567;GO:0031625;GO:0032436;GO:0019005;GO:0031463;GO:0005634;GO:0097413;GO:0061630;GO:0016604;GO:0005737;GO:0031464;GO:0000209;GO:0008270;GO:0031624;GO:0004842;GO:0000151;GO:0031462
O35326	GO:0043422;GO:0005634;GO:0032868;GO:0003729;GO:0045292;GO:0009611;GO:0016607;GO:0033120;GO:0003723;GO:0000381;GO:0050733
P0CZ34	GO:0016887;GO:0015594;GO:0015595;GO:0005524;GO:0043190
Q254F7	GO:0000105;GO:0009086;GO:0004477;GO:0004488;GO:0006164;GO:0035999
A9KS68	GO:0006303;GO:0006310;GO:0003690
Q13243	GO:0097421;GO:0043422;GO:0032869;GO:0005634;GO:0006376;GO:0006397;GO:0005730;GO:0006405;GO:0006406;GO:0003729;GO:0005654;GO:0045292;GO:0016607;GO:0000398;GO:0031124;GO:0003723;GO:0000381;GO:0033120;GO:0051726;GO:0005829
A0AIQ0	GO:0005737;GO:0004427;GO:0030145
Q3YX94	GO:0008360;GO:0009252;GO:0030234;GO:0042597;GO:0031241;GO:0004553
Q86U44	GO:0021861;GO:0001510;GO:1902036;GO:0007283;GO:0005634;GO:0061157;GO:1903679;GO:0016422;GO:0016070;GO:0042063;GO:0045580;GO:0005654;GO:0005737;GO:1904047;GO:0046982;GO:0006974;GO:0003729;GO:0008173;GO:0016607;GO:0000398;GO:0007623;GO:0045727;GO:0006382;GO:0006397;GO:0006402;GO:0031053;GO:0001734;GO:0098508;GO:0036396;GO:0008168;GO:1990744;GO:0051445;GO:0080009;GO:0045746;GO:0019827;GO:0034644;GO:0009048;GO:0060339;GO:0045087
Q5FPX5	GO:0009014;GO:0009089;GO:0050897;GO:0008270;GO:0019877
Q9SDX3	GO:0003983;GO:0006011;GO:0005737
Q5TKR9	GO:0016573;GO:0030099;GO:0042393;GO:0005634;GO:0035162;GO:0045893;GO:0006334;GO:0043966;GO:0004402;GO:0070776;GO:0016407;GO:0035909;GO:0010628;GO:0016605;GO:0003682;GO:0008134;GO:0060325;GO:0000790;GO:0005730;GO:0045944;GO:0090398;GO:0045892;GO:0006473;GO:0003007;GO:0035019;GO:0000786;GO:0003677;GO:0003713;GO:0003712;GO:0008270;GO:0043433
D2HC77	GO:0042802;GO:0032489;GO:0033344;GO:0051180;GO:0010804;GO:0010875;GO:0055091;GO:0007229;GO:0070653;GO:0042632;GO:0034366;GO:0051496;GO:0019899;GO:0010903;GO:0008211;GO:0045499;GO:0001932;GO:0018206;GO:0030139;GO:0050728;GO:0006695;GO:0060228;GO:0070508;GO:0043691;GO:0034375;GO:0070328;GO:0051346;GO:1900026;GO:0001935;GO:0050821;GO:0035025;GO:0042158;GO:0060354;GO:0030300;GO:0033700;GO:0007186;GO:1902995;GO:0015485;GO:0008035;GO:0031072;GO:0032691;GO:0001540;GO:0010873;GO:0019915;GO:0034115;GO:0034361;GO:0006656;GO:0034380;GO:0120020;GO:0043534;GO:0005543;GO:0018158;GO:0051345;GO:0050766;GO:0002719;GO:0034191;GO:0030325
P57987	GO:0051539;GO:0046429;GO:0019288;GO:0005506;GO:0016114
Q91XI1	GO:0050660;GO:0017150;GO:0046872
P20030	GO:0005634;GO:0005654;GO:0005524
Q922H9	GO:0030496;GO:0005634;GO:0005730;GO:0000775;GO:0008270
B7GNM7	GO:0051539;GO:0003861;GO:0009098;GO:0046872
C6E5H7	GO:0006094;GO:0006096;GO:0005737;GO:0004347
Q80UK0	GO:0010314;GO:0070273;GO:0070300;GO:0045111;GO:0005546;GO:0032266;GO:0034704;GO:1904878;GO:0043325;GO:0080025
Q9TZM3	GO:0048846;GO:0046872;GO:0048489;GO:0006979;GO:1901215;GO:0043025;GO:0005737;GO:0005794;GO:0005524;GO:0034613;GO:0005525;GO:0004674;GO:0034976
Q49373	GO:0005737;GO:0005524
Q6DDU9	GO:0005681;GO:0005634;GO:0043065;GO:0003729;GO:0000245;GO:0046872;GO:0000381
B8GU32	GO:0000105;GO:0005737;GO:0016829;GO:0000107
A9AAA7	GO:0009073;GO:0005737;GO:0009423;GO:0003866
Q9FGG1	GO:0005576;GO:0031982;GO:0080155;GO:2000008;GO:0031410;GO:0009567
Q87FP6	GO:0008478;GO:0000287;GO:0009443;GO:0005524
Q3K395	GO:0055129;GO:0004350;GO:0005737;GO:0050661
Q87FD5	GO:0009401;GO:0016301;GO:0005886;GO:0016021;GO:0008982
A6T4E3	GO:0005737;GO:0009088;GO:0005524;GO:0004413
Q6F047	
Q9Y4X5	GO:0006511;GO:0015030;GO:0016567;GO:0019787;GO:0031625;GO:0032436;GO:0005634;GO:0097413;GO:0061630;GO:0016604;GO:0005737;GO:0000209;GO:0008270;GO:0031624;GO:0005829;GO:0004842;GO:0000151
Q9X186	GO:0005198;GO:0009425;GO:0071973;GO:0003774
Q925I1	GO:0042802;GO:0005743;GO:0007005;GO:0005739;GO:0016887;GO:0042645;GO:0001558;GO:0016021;GO:0043066;GO:0140374;GO:0005524;GO:0008270
O04478	GO:0071555;GO:0030245;GO:0008810;GO:0016021
B4TFW7	GO:0050518;GO:0016114;GO:0019288
A5GUA8	GO:0051539;GO:0046872;GO:0019685;GO:0005524;GO:0016730;GO:0036068;GO:0016636
Q6G7L8	GO:0009229;GO:0009228;GO:0004417;GO:0005524;GO:0000287
P43696	GO:0005634;GO:0000981;GO:0043565;GO:0008270;GO:0045893
A0QYS8	GO:0005737;GO:0006526;GO:0004585;GO:0016597
Q5VVP1	GO:0030154;GO:0007283;GO:0016021
A9MR41	GO:0016726;GO:0008839;GO:0005737;GO:0050661;GO:0009089;GO:0051287;GO:0019877
Q5QUN8	GO:0005737;GO:0008743;GO:0008270;GO:0019518
Q9SA18	GO:0009086;GO:0009088;GO:0050661;GO:0009570;GO:0009089;GO:0005524;GO:0009067;GO:0004412;GO:0004072;GO:0009507;GO:0009090;GO:0005829
Q90WC0	GO:0090729;GO:0005576;GO:0004222;GO:0046872
Q8C7B8	GO:1902667;GO:0031462;GO:0008270
P58082	GO:0019556;GO:0005737;GO:0004397;GO:0019557
A5UGU3	GO:0000287;GO:0008270;GO:0030145;GO:0000210
Q75EB8	GO:0030435;GO:0033503;GO:0061631;GO:0000790;GO:0071894;GO:0005737;GO:0006281;GO:0043161;GO:0071455;GO:0005524;GO:0000209;GO:0016574;GO:0051569;GO:2000639
A4TEW1	GO:0009168;GO:0008270;GO:0009117;GO:0004000
D3YYI7	GO:0006511;GO:0032436;GO:0046872;GO:0061630;GO:0005737;GO:0000209;GO:0016021;GO:0031624;GO:0000151
Q8FJ35	GO:0042597
Q5ZL38	GO:0016573;GO:0070461;GO:0043966;GO:0035064;GO:0000124;GO:0005671
Q9Z364	GO:0006807;GO:0005737;GO:0016151
Q8IUC6	GO:0043254;GO:0043330;GO:0005739;GO:0019901;GO:1900017;GO:0097190;GO:0031398;GO:0010008;GO:0043123;GO:0007249;GO:0035666;GO:0032816;GO:0034138;GO:0032760;GO:0002756;GO:0031663;GO:0016032;GO:0010508;GO:0140052;GO:0005829;GO:0070266;GO:0010628;GO:0032728;GO:0002281;GO:0071222;GO:0045080;GO:0006954;GO:0032755;GO:0030890;GO:0005776;GO:0045429;GO:0097342;GO:0051607;GO:0034128;GO:0051092;GO:0045087;GO:0032092;GO:0002735
Q8RX26	GO:0042742;GO:0005634;GO:0005737;GO:0009611;GO:0009867;GO:0046872;GO:0004842
Q7A124	GO:0006633;GO:0004314
Q7T3N4	GO:0005840;GO:0003735;GO:0006412
B0THN7	GO:0019288;GO:0070402;GO:0030604;GO:0046872;GO:0016114
Q76KJ8	GO:0035438;GO:0016760;GO:0005886;GO:0030244;GO:0016021;GO:0006011
Q9NV72	GO:0000978;GO:0006357;GO:0005634;GO:0000981;GO:0046872
Q8SQB8	GO:0038023;GO:0001618;GO:0005925;GO:0033627;GO:0005178;GO:0007160;GO:1901388;GO:0016477;GO:0007229;GO:0034685
P23804	GO:0007507;GO:0016874;GO:0043021;GO:0010039;GO:0005654;GO:0043066;GO:0043518;GO:0033612;GO:0006357;GO:0031648;GO:0061663;GO:0008097;GO:0061630;GO:0042176;GO:0005829;GO:0003203;GO:0032436;GO:0019789;GO:0043278;GO:0005730;GO:0042975;GO:1904754;GO:0018205;GO:0009636;GO:0002027;GO:0071456;GO:0045787;GO:0051603;GO:0006511;GO:0003170;GO:0032026;GO:0046827;GO:0005886;GO:1990000;GO:0071157;GO:0045931;GO:0097110;GO:0006977;GO:0003181;GO:0071363;GO:0031625;GO:0045944;GO:0071494;GO:0045184;GO:0042220;GO:0003283;GO:0071480;GO:0010977;GO:0001974;GO:0003281;GO:0072717;GO:0071312;GO:0047485;GO:1990785;GO:0019899;GO:0051865;GO:0016567;GO:0010629;GO:0065003;GO:1901797;GO:0007089;GO:0034504;GO:0043130;GO:0051149;GO:0060411;GO:0019904;GO:0002039;GO:0016604;GO:0048545;GO:0032991;GO:0010468;GO:0042802;GO:1904707;GO:0005634;GO:1902254;GO:0005737;GO:0000122;GO:0070301;GO:0004842;GO:1904404;GO:0045202;GO:0071375;GO:0010628;GO:0097718;GO:0071301;GO:0001568;GO:0043154;GO:0045892;GO:0010955;GO:0071391;GO:0042493;GO:0008270;GO:0045472
Q9VAS7	GO:0006811;GO:0005921;GO:0007603;GO:0007602;GO:0007391;GO:0016327;GO:0016328;GO:0005737;GO:0005886;GO:0016021;GO:0010496;GO:0005243
Q5XCA4	GO:0016887;GO:0015594;GO:0015595;GO:0005524;GO:0043190
A0M380	GO:0000287;GO:0004455;GO:0009097;GO:0009099
A4J5Y5	GO:0019288;GO:0070402;GO:0030604;GO:0046872;GO:0016114
Q9HBX8	GO:0048495;GO:0016055;GO:0031982;GO:0050919;GO:0090263;GO:0008201;GO:0016500;GO:0004888;GO:0032588;GO:1990523;GO:0005886;GO:0007411;GO:0030177;GO:0030335;GO:0005887;GO:0007186
Q679P3	GO:0007507;GO:0031941;GO:0005737;GO:0030018;GO:0015629;GO:0003779;GO:0005912;GO:0051371;GO:0032880;GO:0030036;GO:0030864;GO:0001503;GO:0008134;GO:0061061;GO:0030154;GO:0048471;GO:0006913;GO:0005884;GO:0001725;GO:0043433;GO:0046872;GO:0033613
Q7T3N8	GO:0005840;GO:0003735;GO:0006412
Q9FJL3	GO:0000413;GO:0005634;GO:0005516;GO:0061077;GO:0005737;GO:0009536;GO:0070370;GO:0003755;GO:0005773
Q252Y3	GO:0002098;GO:0050660;GO:0005737
Q54BU4	GO:0031154;GO:0006935;GO:0016887;GO:0006972;GO:0055085;GO:0042626;GO:0005524;GO:0016021
P96130	GO:0003678;GO:0003677;GO:0006281;GO:0006310;GO:0005524
Q948T6	GO:0009651;GO:0004462;GO:0006970;GO:0019863;GO:0005737;GO:0006979;GO:0019243;GO:0016151
B7NBW2	GO:0030091;GO:0042597;GO:0043546;GO:0046872;GO:0016672
Q49ZR0	GO:0005886;GO:0016021
P00914	GO:0007603;GO:0018298;GO:0009416;GO:0071949;GO:0003677;GO:0000719;GO:0003904;GO:0003684
A1UAH8	GO:0042026;GO:0005737;GO:0051082;GO:0005524
Q9SSQ9	GO:0005509;GO:0004630;GO:0009738;GO:0005634;GO:0009873;GO:0030136;GO:0009941;GO:0070290;GO:0005886;GO:0009395;GO:0046470;GO:0005829;GO:0005773
Q981Y8	GO:0008509;GO:0016887;GO:0005886;GO:0005524
Q71RC2	GO:0006412;GO:0022604;GO:0016020;GO:0045727;GO:0007010;GO:0003723;GO:0005829;GO:0008143;GO:0010494
Q09500	GO:0005765;GO:0007040;GO:0045335;GO:0006909;GO:0015811;GO:0005764;GO:0005774;GO:0016021;GO:0015184;GO:0034639
Q2QWE9	GO:0031047;GO:0005737;GO:0050688
A4IGK4	GO:0005681;GO:0005634;GO:0043065;GO:0003729;GO:0000245;GO:0000398;GO:0046872;GO:0003723;GO:0000381
Q5XAK9	GO:0055129;GO:0005737;GO:0004349;GO:0005524
Q51879	GO:0051539;GO:0048307;GO:0042128;GO:0046872;GO:0020037
P39384	GO:0016829;GO:0006974
Q1RGU4	GO:0008784;GO:0030632;GO:0030170
Q8UUH8	GO:0102568;GO:0005509;GO:0004623;GO:0005576;GO:0090729;GO:0102567;GO:0016042;GO:0006644;GO:0050482
Q5RG45	GO:0010457;GO:0005737;GO:0007099;GO:0005814
Q5L0U5	GO:0004151;GO:0044205;GO:0008270
A9VQK2	GO:0004139;GO:0005737;GO:0016052;GO:0009264;GO:0046386
P36713	GO:0042025;GO:0019028;GO:0031423
Q9FAB3	GO:0004674;GO:0005524
O33600	GO:0016887;GO:0008270;GO:0006302;GO:0005524
Q14678	GO:0005634;GO:2000393;GO:0035023;GO:0005737;GO:0005856;GO:0035024;GO:0008013;GO:0090263;GO:1900028;GO:0005886;GO:0030036;GO:0032587;GO:2000114;GO:0090303;GO:0008283;GO:0030336;GO:0030837;GO:0030177;GO:0090521;GO:1900025;GO:0046627;GO:0010977
Q14IZ0	GO:0006420;GO:0005737;GO:0004814;GO:0005524
Q5WSJ0	
Q8BSU2	GO:0034612;GO:0071222;GO:0034341;GO:0042379;GO:0005041;GO:0016021;GO:0030307;GO:0008009;GO:0034097;GO:0005615;GO:0005044;GO:0030335;GO:0010818;GO:0006898
B4TQC3	GO:0006635;GO:0005737;GO:0003988
Q9W1A4	GO:0008536;GO:0005737;GO:0007275;GO:0046872;GO:0015031
Q9Y6Y1	GO:0006357;GO:0070886;GO:0005634;GO:0045944;GO:0050885;GO:0005730;GO:0043565;GO:0003712;GO:0035307;GO:0005829;GO:0003690
Q9SSU8	GO:0016117;GO:0016767;GO:0046905;GO:0004310;GO:0010287;GO:0051996
Q8XAS6	GO:0042597
Q6P3Z3	GO:0042802;GO:0042126;GO:0006570;GO:0070026;GO:0003677;GO:0046872;GO:0062213;GO:0020037
P46583	
Q8RXC8	GO:0005634;GO:0005737;GO:0005524;GO:0004674;GO:0051020
Q9I3N7	GO:0016887;GO:0015439;GO:0005886;GO:0017004;GO:0005524
Q21432	GO:0005576;GO:0004222;GO:0008270
P60470	GO:0006260;GO:0003677;GO:0004519;GO:0005524;GO:0046872
Q5UQ61	
B4JZQ9	GO:0048477;GO:0007275;GO:0006412;GO:0022627;GO:0003735
O75934	GO:0000375;GO:0005681;GO:0005813;GO:0005634;GO:0005730;GO:0000974;GO:0005654;GO:0008380;GO:0016607;GO:0000398;GO:0071007;GO:0071013
B8DSU7	GO:0005737;GO:0071424;GO:0070475
P19474	GO:0042802;GO:0000932;GO:0005634;GO:0019901;GO:0005654;GO:0005737;GO:0032088;GO:0042803;GO:1902187;GO:0043123;GO:0003723;GO:0031410;GO:0004842;GO:0051865;GO:0034341;GO:0016567;GO:0031648;GO:0061630;GO:0032880;GO:0010508;GO:0006513;GO:0005829;GO:0007049;GO:0032479;GO:0051091;GO:0005776;GO:1990904;GO:0032897;GO:0060333;GO:0045787;GO:0046596;GO:0003677;GO:0051092;GO:0000209;GO:0008270;GO:0090086;GO:0045087;GO:0046598;GO:0010468
P36956	GO:0031065;GO:1990837;GO:0005634;GO:0000981;GO:0019901;GO:0012507;GO:0005654;GO:0005737;GO:0000122;GO:0032094;GO:0005783;GO:0051591;GO:0030324;GO:0032810;GO:0000978;GO:0003062;GO:0006357;GO:0045540;GO:0071398;GO:0008203;GO:1903214;GO:0009749;GO:0000139;GO:0031647;GO:0007623;GO:0016021;GO:0005829;GO:0008286;GO:0010876;GO:0004879;GO:0010867;GO:0003682;GO:0008610;GO:0019217;GO:0000790;GO:0005789;GO:0006629;GO:0032570;GO:0046676;GO:0045444;GO:0033762;GO:0005635;GO:0007568;GO:0000977;GO:0032526;GO:0045944;GO:0045471;GO:0003700;GO:1902895;GO:1903146;GO:0044877;GO:0046983;GO:0001228;GO:0003677;GO:0009267;GO:0010883;GO:0032933;GO:0033993;GO:0042493;GO:0045542;GO:0032991;GO:0042789
Q2FDS6	GO:0016787
B0UWK9	GO:0006433;GO:0002161;GO:0005737;GO:0005524;GO:0004827
P18752	GO:0003677;GO:0046872;GO:0005634;GO:0006355
Q8XD24	GO:0046872;GO:0006825;GO:0005737;GO:0005886;GO:0005524;GO:0016021;GO:0019829
Q329N8	GO:0005737;GO:0008743;GO:0008270;GO:0019518
Q5QUZ6	GO:0016879;GO:0008616;GO:0008270;GO:0005524
C0H5F4	GO:0020008;GO:0008201;GO:0098609;GO:0005886;GO:0016020;GO:0044409;GO:0016021
C3PMT0	GO:0005840;GO:0003735;GO:0006412
P19464	GO:0009815;GO:0031418;GO:0009693;GO:0046872;GO:0009835
Q03LD3	GO:0003676;GO:0006430;GO:0005737;GO:0004824;GO:0005524;GO:0000287
P25455	GO:0005509;GO:0007629;GO:0004435;GO:1900073;GO:0043153;GO:0016042;GO:0070050;GO:0048015
O82711	GO:0004867;GO:0005576
Q5RB30	GO:0005634;GO:0046872;GO:0006355
P17241	GO:0005198;GO:0030430;GO:0019013;GO:0003723;GO:0019029
P75691	GO:0008106;GO:0016616;GO:0008270
Q09866	GO:0034198;GO:0032008;GO:0061630;GO:0005737;GO:0035859;GO:0008270;GO:0070647;GO:0005829
B9KZS7	GO:0030060;GO:0019752;GO:0006099;GO:0005975
B9M6V1	GO:0006351;GO:0003899;GO:0003677;GO:0008270;GO:0000287
Q11208	GO:0003950;GO:0005634;GO:0003677;GO:0008270;GO:0051287;GO:0006471
Q82EC8	GO:0015940;GO:0005737;GO:0004592;GO:0005524
P48830	GO:0050729;GO:0030246;GO:0002455;GO:0045893;GO:2000388;GO:2000386;GO:0007339;GO:0032729;GO:0005886;GO:0032991;GO:0016021;GO:0062023;GO:0001825;GO:0001809;GO:0048018;GO:0010513;GO:0035803;GO:2000368;GO:0035804;GO:0002687;GO:0032753;GO:0045892;GO:0048599;GO:2000344;GO:0035805;GO:0002922;GO:0042102;GO:0005615;GO:0048015
Q2JES8	GO:0006807;GO:0005737;GO:0016151
Q51574	GO:0017001;GO:0046677;GO:0008800;GO:0008658
A1A9S2	GO:0042597
Q5R9D9	GO:0000775;GO:0005730;GO:0030496;GO:0008270
A9WMA0	GO:0042026;GO:0005737;GO:0051082;GO:0005524
A6LEI6	GO:0015934;GO:0003735;GO:0019843;GO:0006412
Q8NGG0	GO:0004984;GO:0004930;GO:0007608;GO:0005886;GO:0016021;GO:0007186;GO:0005549
B9JDI5	GO:0019281;GO:0005737;GO:0008899;GO:0004414
Q91VW9	GO:0003700;GO:0000978;GO:0003682;GO:0006357;GO:0006914;GO:0007040;GO:0001227;GO:0005634;GO:0000981;GO:0010507;GO:0045892;GO:0003677;GO:0005654;GO:0005737;GO:0000122;GO:0043565;GO:2000773;GO:0046872;GO:0045893
Q8EPW4	GO:0006457;GO:0051082;GO:0005524
Q8MJU9	GO:0030016;GO:0032982;GO:0005516;GO:0030017;GO:0005524;GO:0051015;GO:0003774;GO:0016459
Q0SI74	GO:0003883;GO:0005524;GO:0046872;GO:0006541;GO:0044210
Q9TTE1	GO:0042583;GO:0031410;GO:0004869;GO:0004867;GO:0005737;GO:0005615;GO:0010951
P0A1V8	GO:0017001;GO:0046677;GO:0008800;GO:0008658
Q6GKM5	
Q13206	GO:0005634;GO:0003724;GO:0006364;GO:0005524;GO:0003723;GO:0097065
Q9C670	GO:0003700;GO:0009637;GO:0040008;GO:0005634;GO:0009911;GO:0046983;GO:0003677;GO:0006355
Q7VIY7	GO:0004823;GO:0006429;GO:0002161;GO:0005737;GO:0005524
Q75B65	GO:0034045;GO:0034498;GO:0016236;GO:0000422;GO:0032266;GO:0032258;GO:0010008;GO:0019898;GO:0005829
A4XY32	GO:0051539;GO:0046429;GO:0019288;GO:0005506;GO:0016114
Q6NRM0	GO:0003677;GO:0005634;GO:0046872
Q57142	GO:0042597;GO:0055114;GO:0046872
A3DNQ6	GO:0046933;GO:0046961;GO:0005524;GO:0042777
Q92794	GO:0016573;GO:0030099;GO:0042393;GO:0005634;GO:0005654;GO:0045893;GO:0006323;GO:0006334;GO:1901796;GO:0043966;GO:0016607;GO:0004402;GO:0005829;GO:0070776;GO:0016407;GO:0016605;GO:0008134;GO:0000790;GO:0005730;GO:0045944;GO:0090398;GO:0045892;GO:0006473;GO:0000786;GO:0003677;GO:0003713;GO:0003712;GO:0008270
Q5HY64	
Q0TJ49	GO:0042597
P21964	GO:0051930;GO:0045211;GO:0032496;GO:0032259;GO:0007612;GO:0043627;GO:0030424;GO:0008210;GO:0008171;GO:0044297;GO:0048662;GO:0035814;GO:0048265;GO:0045963;GO:0005886;GO:0016020;GO:0030425;GO:0032502;GO:0016036;GO:0016021;GO:0005829;GO:0043231;GO:0043197;GO:0007614;GO:0070062;GO:0016206;GO:0007565;GO:0102084;GO:0042424;GO:0014070;GO:0050668;GO:0008168;GO:0048609;GO:0042135;GO:0042420;GO:0042493;GO:0102938;GO:0000287;GO:0042417
Q6FW66	GO:0000811;GO:0071162;GO:0031298;GO:0000727;GO:0006261
B4TQT6	GO:0019556;GO:0005737;GO:0004397;GO:0019557
Q7A3L9	GO:0016491
Q5YZX0	GO:0006457;GO:0031072;GO:0051082;GO:0006260;GO:0009408;GO:0005737;GO:0008270;GO:0005524
Q8NJM2	GO:0005730;GO:0003724;GO:0006364;GO:0005524;GO:0003723
Q9FE06	GO:0009506;GO:0005618;GO:0071456;GO:0009536;GO:0005794;GO:0005615;GO:0005829;GO:0048046;GO:0009505
P42604	GO:0008789;GO:0008198;GO:0019698
O26230	GO:0034038;GO:0008612
B4ECP3	GO:0009014;GO:0009089;GO:0050897;GO:0008270;GO:0019877
Q9P4E5	GO:0016042;GO:0004806;GO:0016298;GO:0005576
Q09X27	GO:0006351;GO:0003899;GO:0003677;GO:0008270;GO:0009507
P10020	GO:0003677;GO:0015074;GO:0006310
Q5U3Z0	GO:0005856;GO:0060271;GO:0005929;GO:0005829;GO:0003352
Q01ZU6	GO:0000105;GO:0005737;GO:0016829;GO:0000107
Q5Z354	GO:0003677;GO:0006281;GO:0006310;GO:0046872
B6ESC6	GO:0030170;GO:0008710;GO:0009102
Q49375	GO:0005737;GO:0005524
Q9VJJ7	GO:0016028;GO:0070588;GO:0007628;GO:0006828;GO:0005261;GO:0006816;GO:0050908;GO:0009416;GO:0034703;GO:0043025;GO:0050884;GO:0051480;GO:1990635;GO:0070679;GO:0005262;GO:0008381;GO:0015279;GO:0006812;GO:0005887
B1IJM8	GO:0046933;GO:0046961;GO:0005524;GO:0042777
O75323	GO:0007005;GO:0006119;GO:0005739;GO:1901843;GO:0005741
B9KMK4	GO:0051539;GO:0003861;GO:0009098;GO:0046872
A8FII0	
Q16HE8	GO:0005509;GO:0014018;GO:0016055;GO:0005634;GO:0005737;GO:0005886;GO:0008270;GO:0030178
Q32ZZ9	GO:0006120;GO:0005743;GO:0070469;GO:0016021;GO:0008137
Q7VMI1	GO:0005737;GO:0004045;GO:0006412
B9IXA5	GO:0004139;GO:0005737;GO:0016052;GO:0009264;GO:0046386
Q8GZA8	GO:1901000;GO:0005634;GO:0003677;GO:0009909;GO:0007275;GO:1905435;GO:0046872;GO:0005829;GO:0009910
B7IUI5	GO:0003746;GO:0005737
P49340	GO:0016055;GO:0005576;GO:0007275;GO:0005102
B5R758	GO:0019556;GO:0005737;GO:0004397;GO:0019557
B0Z4W1	GO:0006351;GO:0003899;GO:0003677;GO:0008270;GO:0009507
B6JCC3	GO:0006400;GO:0000049;GO:0005737;GO:0016783;GO:0005524
A4RF31	GO:0005743;GO:0004222;GO:0046872
Q8RUC1	GO:0005737;GO:0008146
Q9CZS3	GO:0005813;GO:0005654;GO:0005737;GO:0034451;GO:0060271;GO:0031514;GO:0005814;GO:0034453;GO:0036064
Q5WH53	GO:0055129;GO:0004349;GO:0005737;GO:0005524;GO:0003723
C0H906	GO:0005846;GO:0006370;GO:0000184;GO:0005634;GO:0000339;GO:0006406;GO:0045292;GO:0005737;GO:0006417;GO:0031047
P25167	GO:0042797;GO:0003899;GO:0032549;GO:0005666;GO:0003677;GO:0046872
P39105	GO:0004622;GO:0004623;GO:0005576;GO:0046475;GO:0036151;GO:0071944;GO:0102545;GO:0031225;GO:0042597;GO:0006650;GO:0005886;GO:0043231;GO:0005783;GO:0005829
Q9RY23	GO:0006457;GO:0051082;GO:0005524
Q5VIY5	GO:0000978;GO:0006357;GO:0005634;GO:0000981;GO:0046872
B1AIM1	GO:0005840;GO:0003735;GO:0019843;GO:0006412
P20724	GO:0005576;GO:0004252;GO:0046872
Q59385	GO:0060003;GO:0071280;GO:0046872;GO:0010273;GO:1902601;GO:0016887;GO:0006825;GO:0071292;GO:0015080;GO:0005737;GO:0005886;GO:0016020;GO:0005524;GO:0016021;GO:0015662;GO:0043682;GO:0005887
P55245	GO:0005634;GO:0050679;GO:0043066;GO:0001934;GO:0005737;GO:0071364;GO:0010008;GO:0009925;GO:0000139;GO:0030307;GO:1902966;GO:0005886;GO:0005524;GO:0007611;GO:0007173;GO:0005887;GO:0003682;GO:0005789;GO:0004713;GO:0008284;GO:0048408;GO:0031965;GO:0007275;GO:0007169;GO:0030154;GO:0045944;GO:0004714;GO:0005768;GO:0033674;GO:0070374;GO:0071392;GO:0005006;GO:0043235
Q8BPM2	GO:0035556;GO:0005737;GO:0008349;GO:0005524;GO:0004674;GO:0006468
Q3YZU2	GO:0009234;GO:0030145;GO:0030976;GO:0070204;GO:0000287
Q1J4M0	GO:0008408;GO:0003677;GO:0003887;GO:0005737;GO:0006261
F4ICD9	GO:0090110;GO:0000139;GO:0030127;GO:0006886;GO:0070971;GO:0090114;GO:0005198;GO:0006888;GO:0007029
Q0CVD6	GO:0051539;GO:0005737;GO:0005524;GO:0046872;GO:0016226
A1W431	GO:0030170;GO:0000105;GO:0004400
Q8PWF3	GO:0016758
P00533	GO:0071230;GO:0007435;GO:0033138;GO:0001942;GO:0019901;GO:0038128;GO:0060571;GO:0043066;GO:0042698;GO:0010008;GO:0014066;GO:0006357;GO:0042743;GO:0030307;GO:0097755;GO:0019903;GO:1903800;GO:0005524;GO:1905208;GO:0007173;GO:0030665;GO:0001618;GO:1900087;GO:0005789;GO:0038083;GO:1902722;GO:0007275;GO:0046328;GO:0045737;GO:0016323;GO:0045930;GO:0048471;GO:0045746;GO:0048146;GO:0043235;GO:0050730;GO:0097421;GO:0007165;GO:0000165;GO:0045121;GO:0051117;GO:0061029;GO:0071260;GO:0001934;GO:0045893;GO:0090263;GO:0030324;GO:0030139;GO:0009925;GO:0016101;GO:0097489;GO:0098609;GO:0018108;GO:0033590;GO:0005886;GO:0016020;GO:0046777;GO:0007611;GO:0070372;GO:0001503;GO:0003682;GO:1900020;GO:0035690;GO:0070435;GO:0004713;GO:0008284;GO:0048408;GO:0010750;GO:0031625;GO:0007169;GO:0030154;GO:0045739;GO:0045944;GO:0004714;GO:0016324;GO:0042327;GO:0033674;GO:0004709;GO:0071392;GO:0051015;GO:0005615;GO:0048812;GO:0051205;GO:0071276;GO:0043006;GO:0030054;GO:0043586;GO:0050729;GO:0045907;GO:0006412;GO:1901185;GO:0019899;GO:0042060;GO:0005925;GO:0000139;GO:0045780;GO:0051592;GO:0009986;GO:0061024;GO:0005887;GO:1901224;GO:0021795;GO:0032930;GO:0071549;GO:0005768;GO:0005178;GO:0070374;GO:0032991;GO:0051897;GO:0042802;GO:0042059;GO:0001892;GO:0048143;GO:1903078;GO:0005634;GO:0034614;GO:0005516;GO:0050679;GO:2000145;GO:0042177;GO:0005737;GO:0071364;GO:0045296;GO:0048661;GO:0045202;GO:0043406;GO:0050999;GO:0051968;GO:0070141;GO:0007623;GO:0007166;GO:0003690;GO:0007494;GO:0045740;GO:0031901;GO:0004888;GO:0031965;GO:0007202;GO:0030335;GO:0010960;GO:0033594;GO:0006970;GO:0048546;GO:0005006
P77972	GO:0006096;GO:0005576;GO:0009986;GO:0000015;GO:0032889;GO:0004634;GO:0000287
B9M1G0	GO:0005525;GO:0003924;GO:0005737;GO:0003743
Q8K4F8	GO:0000079;GO:0005813;GO:0016567;GO:0001890;GO:0030054;GO:0019005;GO:0044772;GO:0005634;GO:0010826;GO:0051301;GO:0000320;GO:0005737;GO:0031146;GO:0005814;GO:0000307;GO:0016538
A9VHU1	GO:0006457;GO:0051082;GO:0005524
Q9MTM3	GO:0006351;GO:0003899;GO:0003677;GO:0008270;GO:0009507
Q7T3N6	GO:0005840;GO:0003735;GO:0006412
Q0VRM5	GO:0005737;GO:0004055;GO:0006526;GO:0005524
D2Q187	GO:0010125;GO:0035447;GO:0008080
Q01671	GO:0015995;GO:0016491;GO:0016117;GO:0015979
Q96ME7	GO:0003677;GO:0005634;GO:0046872
A6MMD5	GO:0015979;GO:0009055;GO:0009535;GO:0005506;GO:0031361;GO:0020037
Q6FU50	GO:0016787;GO:0005788;GO:0005524
Q54PU1	GO:0001227;GO:0005634;GO:0000122;GO:0007275;GO:0000977;GO:0030154
Q69IM9	GO:0005509;GO:0018105;GO:0005634;GO:0005516;GO:0009931;GO:0035556;GO:0005737;GO:0005886;GO:0046777;GO:0005524
Q9LYK8	GO:0005759;GO:0010227;GO:0005739;GO:0004784;GO:0030145;GO:0046872
A4WNM6	GO:0000287;GO:0004775;GO:0005524;GO:0006099
Q59Q79	GO:0005789;GO:0004578;GO:0005783;GO:0016021;GO:0000030;GO:0006486
A8A002	GO:0033737;GO:0019477;GO:0051287;GO:0019145;GO:0009447
A5JYS0	GO:0050787;GO:0010273;GO:0016756;GO:0071585;GO:0098849;GO:0046872;GO:0010312;GO:0046938
Q7RZJ2	GO:0046872;GO:0043328;GO:0032266;GO:0045324;GO:0043130;GO:0033565;GO:0010008;GO:0006623
A8FJ14	GO:0004139;GO:0005737;GO:0016052;GO:0009264;GO:0046386
A9AHS8	GO:0009014;GO:0009089;GO:0050897;GO:0008270;GO:0019877
P28718	GO:0006094;GO:0006096;GO:0005737;GO:0004347
Q7T3N1	GO:0005840;GO:0003735;GO:0006412
P61367	GO:0005840;GO:0003735;GO:0006412
Q5DRB6	GO:0007155;GO:0005509;GO:0005887;GO:0007156
Q698K8	GO:0090729;GO:0005576;GO:0004222;GO:0046872
Q5R7K2	GO:0032584;GO:0045773;GO:0046872;GO:0043621;GO:0016192;GO:0071782;GO:0071787;GO:0048011;GO:0030176;GO:0072659;GO:0030425;GO:0055038;GO:0005783;GO:0016021;GO:0031175;GO:0030424
Q03181	GO:1990837;GO:0007507;GO:0010887;GO:0005634;GO:0000981;GO:0009299;GO:0045684;GO:0001103;GO:0097190;GO:0005654;GO:0043066;GO:0009062;GO:0000122;GO:0014068;GO:0043415;GO:0070539;GO:0014912;GO:0008144;GO:0045893;GO:0014823;GO:0006776;GO:0006029;GO:0000978;GO:0009755;GO:0006357;GO:0042060;GO:0050728;GO:0001223;GO:0008203;GO:0008366;GO:0003707;GO:0009749;GO:0033189;GO:0048662;GO:0051546;GO:0060612;GO:0032024;GO:0097755;GO:0007566;GO:0045600;GO:0004879;GO:0008654;GO:0031589;GO:0008134;GO:0071222;GO:0051059;GO:0008289;GO:0001227;GO:0000790;GO:0006631;GO:0006629;GO:0008283;GO:0006091;GO:0043616;GO:1904659;GO:0030154;GO:0006006;GO:0050680;GO:0045944;GO:0030308;GO:0003700;GO:0045892;GO:0006915;GO:0032966;GO:0045923;GO:0019216;GO:0006635;GO:0045662;GO:0071456;GO:1902894;GO:0003677;GO:0003713;GO:0014842;GO:0033993;GO:0008270;GO:0006367;GO:0046697;GO:0015908;GO:2000288
Q87I05	GO:0019464;GO:0004375
Q1JPJ0	GO:0010181;GO:0008219;GO:0036245;GO:0048471;GO:0016491;GO:0003958;GO:0050660;GO:0050661;GO:0005829;GO:0016709;GO:0016226
A2T3M4	GO:0030430;GO:0044163;GO:0039557;GO:0046872;GO:0003723;GO:0039548
Q6AXY9	GO:0003677;GO:0003700;GO:0005737;GO:0005634
Q5QWA5	GO:0003677;GO:0006351;GO:0032549;GO:0003899
B9KSY5	GO:0004642;GO:0005737;GO:0005524;GO:0006189;GO:0000287
A7IL55	GO:0008152;GO:0047388;GO:0008882;GO:0000820;GO:0005524;GO:0000287
Q9LVW9	GO:0006511;GO:0032436;GO:0046872;GO:0061630;GO:0005737;GO:0031624;GO:0000209;GO:0000151
Q9X5X4	GO:0003700;GO:0005507;GO:0003677;GO:0005737;GO:0045893
Q9KAC0	GO:0003684;GO:0030983;GO:0005524;GO:0006298
Q1ISS4	GO:0006007;GO:0006096;GO:0005737;GO:0030145;GO:0046537
Q8U227	GO:0004817;GO:0005737;GO:0005524;GO:0008270;GO:0006423
Q0I3T3	GO:0005737;GO:0009088;GO:0005524;GO:0004413
Q9D2H6	GO:1990837;GO:0000978;GO:0006357;GO:0001227;GO:0000790;GO:0000981;GO:0042826;GO:0048144;GO:0035264;GO:0003677;GO:0005654;GO:0001701;GO:0000122;GO:0048568;GO:0072359;GO:0046872
Q02BS4	GO:0019464;GO:0004375;GO:0009116
Q87ST2	GO:0005886;GO:0051087;GO:0016021
Q12704	GO:0005739;GO:0003887;GO:0003677;GO:0008408;GO:0006264;GO:0005760
A5FHM5	GO:0004817;GO:0005737;GO:0005524;GO:0008270;GO:0006423
Q3IZI8	GO:0051539;GO:0003861;GO:0009098;GO:0046872
Q86YL5	GO:0007283;GO:0005634;GO:0005737;GO:0043231;GO:0005829
A1JID9	GO:0001407;GO:0015794;GO:0005887;GO:0055052
A0A0U1LQE1	GO:0033285;GO:0016887;GO:0009405;GO:0005524;GO:0016021;GO:0000324
A6TCF3	GO:0003723;GO:0008033;GO:0005737;GO:0008173
A5U4H7	GO:0003924;GO:0043093;GO:0005737;GO:0051258;GO:0000917;GO:0005525;GO:0032153
B4SZR1	GO:0006635;GO:0005737;GO:0003988
Q96NB3	GO:0001832;GO:0005681;GO:0033314;GO:0051301;GO:0060729;GO:0005634;GO:0005654;GO:0043066;GO:0048478;GO:0016607;GO:0005694;GO:0001541;GO:0003676;GO:0006397;GO:0051276;GO:0008380;GO:0033260;GO:0044773;GO:0006283;GO:0000278;GO:0008270;GO:0001546
Q6BJY4	GO:0042546
A2YWQ1	GO:0006457;GO:0005737;GO:0051082;GO:0005524
B9RHX7	GO:0000287;GO:0010333
A8FYJ2	GO:0017108;GO:0030955;GO:0003677;GO:0000287;GO:0033567
A2I7M9	GO:0042583;GO:0031410;GO:0004867;GO:0005615;GO:0010951
B5DF45	GO:0007250;GO:0042802;GO:0042981;GO:0050852;GO:0042088;GO:0005634;GO:0001843;GO:0019901;GO:0043011;GO:0007165;GO:0047485;GO:0070555;GO:0005737;GO:0000122;GO:0043123;GO:0007249;GO:0004842;GO:0032147;GO:0048661;GO:0051865;GO:0006974;GO:0016567;GO:0005164;GO:0006955;GO:0035631;GO:0031435;GO:0042826;GO:0061630;GO:0070534;GO:0005886;GO:0032991;GO:0046330;GO:0005829;GO:0032743;GO:2000679;GO:1901224;GO:0051023;GO:0001503;GO:0071222;GO:0043507;GO:0051091;GO:0071345;GO:0009887;GO:0031666;GO:0032755;GO:0046849;GO:0045453;GO:0031625;GO:0043422;GO:0042475;GO:0033209;GO:0048471;GO:0045944;GO:0019221;GO:0031996;GO:0045892;GO:0030316;GO:0009898;GO:0070498;GO:0007254;GO:0043122;GO:0005938;GO:0019886;GO:0048468;GO:1904996;GO:0042102;GO:0045672;GO:0000209;GO:0008270;GO:0031624;GO:0051092;GO:0002726;GO:0032735;GO:0005811
Q4FME4	GO:0006400;GO:0000049;GO:0005737;GO:0016783;GO:0005524
Q3UHA3	GO:0007040;GO:0048167;GO:0048489;GO:0031410;GO:0048675;GO:0045202;GO:0005730;GO:0005737;GO:0005886;GO:0008088;GO:0030425;GO:0090389;GO:0007268;GO:0090659;GO:0005829;GO:0030424;GO:0007409
Q7T3N2	GO:0005840;GO:0003735;GO:0006412
A0PW60	GO:0008360;GO:0009252;GO:0000902;GO:0009103;GO:0006048;GO:0003977;GO:0071555;GO:0005737;GO:0000287;GO:0009245;GO:0019134
P0DMS3	GO:0042802;GO:0032489;GO:0033344;GO:0051180;GO:0010804;GO:0010875;GO:0055091;GO:0007229;GO:0070653;GO:0042632;GO:0034366;GO:0051496;GO:0019899;GO:0010903;GO:0008211;GO:0045499;GO:0001932;GO:0018206;GO:0030139;GO:0050728;GO:0006695;GO:0060228;GO:0070508;GO:0043691;GO:0034375;GO:0070328;GO:0051346;GO:1900026;GO:0001935;GO:0050821;GO:0035025;GO:0042158;GO:0060354;GO:0030300;GO:0033700;GO:0007186;GO:1902995;GO:0015485;GO:0008035;GO:0031072;GO:0032691;GO:0001540;GO:0010873;GO:0019915;GO:0034115;GO:0034361;GO:0006656;GO:0034380;GO:0120020;GO:0043534;GO:0005543;GO:0018158;GO:0051345;GO:0050766;GO:0002719;GO:0034191;GO:0030325
Q39WQ9	GO:0006935;GO:0000156;GO:0008984;GO:0005737;GO:0018277;GO:0006482;GO:0050568
A7HTW0	GO:0009317;GO:0016743;GO:0003989;GO:0006633;GO:0005524;GO:2001295
Q99FX7	GO:0030430;GO:0044163;GO:0039557;GO:0046872;GO:0003723;GO:0039548
Q1QMW0	GO:0019464;GO:0004375
Q2G958	GO:0051539;GO:0003861;GO:0009098;GO:0046872
Q80HX6	GO:0009405;GO:0039701;GO:0055036;GO:0044174
Q8DTY0	GO:0004360;GO:1901137;GO:0005737;GO:0097367;GO:0006541;GO:0005975
Q0VFR9	GO:0016592;GO:0006357;GO:0003712;GO:0070847
Q3ZWB2	GO:0003887;GO:0005737;GO:0006281;GO:0000287;GO:0003684;GO:0006261
B7HMQ9	GO:0004139;GO:0005737;GO:0016052;GO:0009264;GO:0046386
Q62735	GO:0055089;GO:0000981;GO:0005719;GO:0038181;GO:0043066;GO:0046965;GO:0007219;GO:0034971;GO:0050728;GO:0061178;GO:0071398;GO:0006357;GO:0010868;GO:1904486;GO:0043565;GO:0031667;GO:0032620;GO:0002523;GO:1905695;GO:0015721;GO:0045471;GO:0032715;GO:0001678;GO:1904179;GO:0001228;GO:0043235;GO:0045087;GO:0035356;GO:0097421;GO:0042742;GO:0034142;GO:0072574;GO:0032496;GO:0042632;GO:0006355;GO:0045893;GO:0042593;GO:0000978;GO:0038185;GO:0043124;GO:0010876;GO:0046628;GO:0004879;GO:0071638;GO:0071222;GO:0006109;GO:0035690;GO:0030522;GO:0030154;GO:0045944;GO:2001250;GO:0003677;GO:0032703;GO:0010804;GO:0071417;GO:0032088;GO:0070723;GO:0010903;GO:0055088;GO:1904468;GO:0070328;GO:0035774;GO:2000213;GO:0003700;GO:0032692;GO:0032966;GO:0044877;GO:0008206;GO:0034162;GO:1901557;GO:0034255;GO:0010468;GO:0005634;GO:0032720;GO:0000122;GO:0071873;GO:1903413;GO:0038183;GO:0009749;GO:0120188;GO:0010628;GO:0000976;GO:0032052;GO:0006629;GO:0014070;GO:1902122;GO:0000977;GO:0010883;GO:0042277;GO:0032689;GO:0008270;GO:0042493;GO:0048565;GO:0010988;GO:0007043
B8GZS7	GO:0006435;GO:0000049;GO:0004829;GO:0005737;GO:0005524;GO:0046872
Q8VIM5	GO:0045736;GO:0070514;GO:0007507;GO:0051145;GO:0005634;GO:0043954;GO:1904706;GO:0035886;GO:0008285;GO:2000587;GO:0000122;GO:0001560;GO:0035035;GO:0010667;GO:0051150;GO:0045893;GO:1900222;GO:1904753;GO:0045661;GO:0097070;GO:0001666;GO:0006357;GO:0035733;GO:0010832;GO:0042826;GO:0030511;GO:0051152;GO:0061629;GO:1903800;GO:0016607;GO:0060354;GO:0010718;GO:0003231;GO:0070412;GO:0001570;GO:0010628;GO:0008134;GO:0000790;GO:0051091;GO:0008284;GO:0003257;GO:0055007;GO:2000724;GO:2000721;GO:0043388;GO:2001015;GO:0045944;GO:1901228;GO:0045987;GO:0060157;GO:0061049;GO:0003713;GO:0060065;GO:0035065;GO:0048565;GO:0048286;GO:2000727;GO:0042692;GO:0055012;GO:1900239
E9Q4S1	GO:0061179;GO:0035106;GO:0090032;GO:0006198;GO:0050885;GO:0007165;GO:0004115;GO:0008542;GO:0046676;GO:0004114;GO:0001662;GO:0046872
P75403	GO:0003677;GO:0017108;GO:0004527;GO:0033567
Q80W93	GO:0021591;GO:0007420;GO:1990716;GO:0003341;GO:1904158;GO:1990718;GO:0060438;GO:0007275;GO:0002064
Q9RYX0	GO:0008478;GO:0009443;GO:0005524;GO:0000287;GO:0005829
Q28267	GO:0008083;GO:0006955;GO:0005125;GO:0005615;GO:0005143
Q160C1	GO:0000105;GO:0009086;GO:0004477;GO:0004488;GO:0006164;GO:0035999
Q9WVS6	GO:0007005;GO:0019901;GO:1903377;GO:0010636;GO:0008021;GO:0030672;GO:0043123;GO:0035249;GO:0000266;GO:2001171;GO:0031648;GO:0042826;GO:0000422;GO:0043065;GO:0061630;GO:0050821;GO:0030425;GO:0031647;GO:0005829;GO:1902283;GO:1903382;GO:0008344;GO:0032436;GO:0005789;GO:0010498;GO:0016235;GO:0070842;GO:0043524;GO:0048471;GO:0051583;GO:0043274;GO:0031624;GO:0090201;GO:0032092;GO:0007626;GO:0046928;GO:0006511;GO:1903204;GO:0005739;GO:0045121;GO:0030424;GO:1903542;GO:0003779;GO:0090141;GO:0070534;GO:0051646;GO:1901526;GO:0051087;GO:0006513;GO:0060548;GO:0000151;GO:0001933;GO:0070585;GO:0090394;GO:0099074;GO:0003714;GO:0097708;GO:0070050;GO:0043005;GO:0031625;GO:1901215;GO:0051582;GO:0045944;GO:1905232;GO:0098779;GO:0043161;GO:0097602;GO:0070936;GO:0046329;GO:1903599;GO:0007612;GO:0090090;GO:0008013;GO:0031410;GO:0010821;GO:0019899;GO:0051865;GO:0044828;GO:0016567;GO:0099073;GO:0010629;GO:1903861;GO:2000377;GO:1905366;GO:0000139;GO:0043195;GO:0001963;GO:2000378;GO:0035774;GO:1900407;GO:0042415;GO:0019900;GO:1903265;GO:0010506;GO:0031072;GO:0010637;GO:1905477;GO:0046676;GO:0043130;GO:0098793;GO:0044257;GO:0051967;GO:0043388;GO:1990452;GO:1902236;GO:0055069;GO:1902530;GO:0000423;GO:0031396;GO:0044877;GO:0000209;GO:0032991;GO:0010918;GO:0010468;GO:0042802;GO:0042981;GO:0030165;GO:0097237;GO:0051881;GO:0005634;GO:0061734;GO:0050804;GO:1902254;GO:0005737;GO:0000122;GO:0005794;GO:1901800;GO:0005783;GO:1990381;GO:0004842;GO:1990444;GO:0001964;GO:0032232;GO:0045202;GO:0033132;GO:0019538;GO:0010994;GO:0043025;GO:0016607;GO:1904881;GO:0010628;GO:0043653;GO:1904049;GO:0015631;GO:0014069;GO:0042053;GO:0085020;GO:0030544;GO:0070979;GO:0090258;GO:0001664;GO:0046872;GO:0006979;GO:0034976;GO:1903427;GO:0042417
P16832	GO:0020002;GO:0019064;GO:0055036;GO:0019031;GO:0098670;GO:0044177
O48832	GO:0009651;GO:0009414;GO:0009409;GO:0009737;GO:0009644;GO:0005886;GO:0007623;GO:0009507
Q3Z1H6	GO:0033737;GO:0019477;GO:0051287;GO:0019145;GO:0009447
P52803	GO:0005604;GO:0048668;GO:0048013;GO:0031290;GO:1904322;GO:0001934;GO:0032956;GO:0071372;GO:0005170;GO:0050731;GO:0005169;GO:0070507;GO:0045499;GO:0061178;GO:0005168;GO:0043087;GO:0051893;GO:0005912;GO:0005886;GO:0046875;GO:0007411;GO:0030297;GO:1900025;GO:0007399;GO:0031362;GO:0048672;GO:0022604;GO:0022407;GO:0051965;GO:0005901
Q6UWV6	GO:0055089;GO:0006684;GO:0045797;GO:0008156;GO:1904729;GO:2000755;GO:0006685;GO:0008081;GO:0008285;GO:2000304;GO:0004767;GO:0005886;GO:0005794;GO:0016020;GO:0008270;GO:0005902;GO:0006687;GO:0005887;GO:0044241
Q92581	GO:0015386;GO:0060996;GO:0051386;GO:0044308;GO:0055037;GO:0006811;GO:0048675;GO:0005886;GO:0015385;GO:0030425;GO:0055038;GO:0016021;GO:0043231;GO:0005770;GO:0098719;GO:0005789;GO:0031901;GO:0050808;GO:0031547;GO:0043679;GO:0071805;GO:0097484;GO:0048812;GO:0051453
A8EXG4	GO:0005525;GO:0046872;GO:0000917
Q7N2B5	GO:0009317;GO:0003989;GO:0016743;GO:0006633;GO:0008270;GO:0005524;GO:2001295
O59570	GO:0006796;GO:0000287;GO:0005737;GO:0004427
A6VJ61	GO:0003689;GO:0005663;GO:0005524;GO:0006260
Q17ZQ6	GO:0006275;GO:0006270;GO:0005737;GO:0005524;GO:0003688
B4TC45	GO:0019556;GO:0005737;GO:0004397;GO:0019557
Q9TV62	GO:0006936;GO:0003725;GO:0030016;GO:0032982;GO:0005516;GO:0005524;GO:0051015;GO:0003774;GO:0016459
Q4WHG0	GO:0005681;GO:0006397;GO:0003677;GO:0008380;GO:0005737
C0Z4E4	GO:0030956;GO:0016787;GO:0050567;GO:0005524;GO:0006412
Q6DID3	GO:0006366;GO:0006378;GO:0000993;GO:0006369;GO:0016363;GO:0005634;GO:0019904;GO:0006397;GO:0043175;GO:1990269;GO:0003729;GO:0005654;GO:0005737;GO:2000805;GO:0032786;GO:0070063;GO:0003723;GO:0005849
B1XDF5	GO:0033737;GO:0019477;GO:0051287;GO:0019145;GO:0009447
A5UA57	GO:0000287;GO:0008270;GO:0030145;GO:0000210
Q60493	GO:0003677;GO:0005634;GO:0046872
Q02447	GO:1990837;GO:0001892;GO:0001779;GO:0005634;GO:0000981;GO:0030851;GO:0005654;GO:0001889;GO:0006355;GO:0045893;GO:0032993;GO:0030324;GO:0000978;GO:0006357;GO:0048706;GO:0048596;GO:0043353;GO:0016605;GO:0001503;GO:0003682;GO:0001227;GO:0000790;GO:0000987;GO:0060216;GO:0000977;GO:0045944;GO:0030224;GO:0030219;GO:0060136;GO:0045892;GO:0017053;GO:0046872;GO:0001829;GO:0030183;GO:0030217
B0Z5C9	GO:0006351;GO:0003899;GO:0003677;GO:0008270;GO:0009507
Q6GX35	GO:0000187;GO:0005576;GO:0043410;GO:0042169;GO:0070374;GO:0009405;GO:0043066;GO:0050731;GO:0051425
Q3Z611	GO:0005737;GO:0009088;GO:0005524;GO:0004413
P32438	
Q31Z85	GO:0042597
B7GQS1	GO:0006415;GO:0005737
Q87VS1	GO:0017150;GO:0010181;GO:0000049;GO:0050660
P35712	GO:0001217;GO:0048708;GO:0001502;GO:0005634;GO:0000981;GO:0021778;GO:0016458;GO:2000741;GO:0005654;GO:0001701;GO:0071560;GO:0006355;GO:0045165;GO:0000978;GO:0051216;GO:2000726;GO:0000976;GO:0000902;GO:0001227;GO:0000790;GO:0061036;GO:0048821;GO:0007517;GO:0021529;GO:0055007;GO:0045944;GO:0003700;GO:0032332;GO:0045892;GO:0002062;GO:0007417;GO:0003677;GO:0009791
Q8VBU8	GO:0042802;GO:0007049;GO:0005634;GO:0034504;GO:0003677;GO:0005654;GO:0016604;GO:0042177;GO:0007275;GO:0045893;GO:0006325
Q4KD86	GO:0042744;GO:0004096;GO:0046872;GO:0006979;GO:0020037
Q86VW0	GO:0010314;GO:0070273;GO:0070300;GO:0045111;GO:0005546;GO:0032266;GO:1904878;GO:0043325;GO:0080025
A9KFL0	GO:0009245;GO:0009029;GO:0005524
Q4WER3	GO:0003700;GO:0010106;GO:1900551;GO:0005634;GO:0009405;GO:0031171
P61369	GO:0005840;GO:0003735;GO:0006412
B1L776	GO:0070180;GO:0003735;GO:0022625;GO:0006412
Q0AVM3	GO:0019605;GO:0005737;GO:0003985
Q80X90	GO:0042802;GO:0045335;GO:0005925;GO:0003779;GO:0005903;GO:0005634;GO:0007519;GO:0003382;GO:0005938;GO:0043025;GO:0001725;GO:0005737;GO:0005886;GO:0030036;GO:0030018;GO:0043005;GO:0005829;GO:0003334;GO:0071346
Q9Y711	GO:0005743;GO:0070469;GO:0016021;GO:0009916;GO:0046872
P93831	GO:0031519;GO:0009908;GO:0006342;GO:0070734;GO:0005634;GO:0009737;GO:0009294;GO:0003727;GO:0045857;GO:0009909;GO:0018024;GO:0010228;GO:0048586;GO:1900055;GO:0006355;GO:0030154;GO:0005677;GO:0009965;GO:0016571;GO:0006349
Q3UE17	GO:0035925;GO:0005634;GO:0061157;GO:0006402;GO:0046872;GO:0003730;GO:0048471;GO:0050779
B5ZTH8	GO:0005840;GO:0003735;GO:0006412
B4SZJ4	GO:0019556;GO:0005737;GO:0004397;GO:0019557
P65794	GO:0055129;GO:0005737;GO:0004349;GO:0005524
D2B9F4	GO:0010125;GO:0000287;GO:0102710;GO:0008375
Q9P6L7	GO:0005743;GO:0015218;GO:0005347;GO:1990519;GO:0016021
Q1RMA6	GO:0005634;GO:0003677;GO:0005737;GO:0006281;GO:0000785;GO:2000042
Q2SRJ6	GO:0004668;GO:0047632;GO:0009446
A0Q5P9	GO:0065002;GO:0006605;GO:0005737;GO:0005886;GO:0017038;GO:0005524;GO:0046872
Q3UG20	GO:0030218;GO:0005634;GO:0006306;GO:0005654;GO:0005737;GO:0042119;GO:0045893;GO:0019899;GO:0005815;GO:0007050;GO:0016607;GO:0043231;GO:0046872;GO:1900087;GO:0042800;GO:0000785;GO:0035064;GO:0002446;GO:0048384;GO:1905437;GO:0016604;GO:0003713;GO:0035327;GO:0032991
B7UHC1	GO:0000160;GO:0003700;GO:0008134;GO:0003677;GO:0005524
Q8NH04	GO:0004984;GO:0004930;GO:0005886;GO:0016021
Q9EPX2	GO:0005604;GO:0004222;GO:0004867;GO:0031012;GO:0062023;GO:0030198
B8I7A3	GO:0009236;GO:0009163;GO:0008939
Q7CN92	GO:0016887;GO:0015594;GO:0015595;GO:0005524;GO:0043190
Q2KWB3	GO:0006223;GO:0044206;GO:0004845;GO:0005525;GO:0000287;GO:0009116
Q9HCK8	GO:0008094;GO:0007420;GO:0005634;GO:0042393;GO:0070016;GO:0005654;GO:0001701;GO:0000122;GO:0035176;GO:0090090;GO:0008013;GO:0045893;GO:0016055;GO:0060134;GO:0043044;GO:0005886;GO:0005524;GO:0003682;GO:0071339;GO:0045945;GO:0035064;GO:0045944;GO:0003678;GO:0045892;GO:0002039;GO:2000270;GO:0003677;GO:0048565;GO:0032991
P03456	GO:0020002;GO:0046761;GO:0019064;GO:0055036;GO:0019031;GO:0075512;GO:0046789;GO:0016021;GO:0039654;GO:0019062
P37370	GO:0005935;GO:0003779;GO:0007121;GO:0051666;GO:0000131;GO:0030479;GO:0032465;GO:0043332;GO:2000601;GO:0006897
Q32LC9	GO:0000775;GO:0005730;GO:0005634;GO:0008270
A2SPZ1	GO:0005384;GO:0005886;GO:0016021
Q1I4P0	GO:0006094;GO:0006096;GO:0005737;GO:0004347
Q8KDH2	GO:0016992;GO:0051539;GO:0005737;GO:0102553;GO:0046872;GO:0102552;GO:0009249
Q02SJ2	GO:0046336;GO:0006520;GO:0008851;GO:0031419
A1T3D2	GO:0006782;GO:0050661;GO:0008883
Q9FJU2	
Q8K9B3	GO:0005737;GO:0006096;GO:0004618;GO:0005524
Q8FEN6	GO:0000160;GO:0003700;GO:0008134;GO:0003677;GO:0005524
P0A505	GO:0016021;GO:0005886;GO:0005388;GO:0005524;GO:0046872
Q700K0	GO:0007399;GO:0031012;GO:0007155;GO:0005737;GO:0005615;GO:0030154
C0QT55	GO:0000049;GO:0005737;GO:0005524;GO:0004826;GO:0000287;GO:0006432
P52756	GO:0005681;GO:0006915;GO:0005634;GO:0043065;GO:0008285;GO:0006396;GO:0000245;GO:0003677;GO:0003729;GO:0005654;GO:0000398;GO:0046872;GO:0003723;GO:0000381
P45726	GO:0009800;GO:0005737;GO:0006559;GO:0045548
A4G837	GO:0042026;GO:0005737;GO:0051082;GO:0005524
Q6AJM5	GO:0005737;GO:0016149
Q9D312	GO:0006915;GO:0009267;GO:0005737;GO:0050708;GO:0045109;GO:0005882;GO:0005198;GO:0005829
B7MZ04	GO:0000160;GO:0003700;GO:0008134;GO:0003677;GO:0005524
Q9HV70	GO:0000287;GO:0005737;GO:0015940;GO:0003864
Q7V4V8	GO:0009022;GO:0000175;GO:0000049;GO:0008033;GO:0006364;GO:0016075
A9MTJ1	GO:0019556;GO:0005737;GO:0004397;GO:0019557
Q2TA17	GO:0000978;GO:0006357;GO:0001227;GO:0005634;GO:0001228;GO:0046872
P43823	GO:0005737;GO:0006427;GO:0004821;GO:0005524
A5CPY3	GO:0051539;GO:0004160;GO:0009099;GO:0009097;GO:0046872
Q95QA6	GO:0016324;GO:0030056;GO:0009925;GO:0048598;GO:0005737;GO:0005856;GO:0031581
Q6INN8	GO:0090501;GO:0032567;GO:0005634;GO:0008832;GO:0005525;GO:0003723;GO:0016793;GO:0006974;GO:0110025;GO:0051289;GO:0000724;GO:0045088;GO:0003697;GO:0046061;GO:0006203;GO:0003676;GO:0051607;GO:0009264;GO:0016446;GO:0035861;GO:0008270;GO:0060339;GO:0045087
Q2J320	GO:0006457;GO:0051082;GO:0005524
Q9KGW3	GO:0051539;GO:0042773;GO:0051537;GO:0048038;GO:0016020;GO:0046872;GO:0008137;GO:0009055
A8M5J6	GO:0004357;GO:0005524;GO:0042398
B0Z4M7	GO:0006351;GO:0003899;GO:0003677;GO:0008270;GO:0009507
F8RKW1	GO:0090729;GO:0005576;GO:0004222;GO:0046872
Q0GNC1	GO:0032535;GO:0003779;GO:0017048;GO:0030036;GO:0048471;GO:0090140
O00391	GO:0016242;GO:1904724;GO:0045171;GO:0071949;GO:0005788;GO:0005794;GO:0005576;GO:0002576;GO:0000139;GO:0043312;GO:0043231;GO:0043687;GO:0006457;GO:0030173;GO:0070062;GO:0016971;GO:0085029;GO:0035580;GO:0031093;GO:0044267;GO:0003756;GO:0005615
Q9ZT94	GO:0004190;GO:0015074;GO:0046872;GO:0003676;GO:0003964;GO:0006310;GO:0004519
C4QZV7	GO:0005802;GO:0006915;GO:0016021;GO:0004185
Q7TTT6	GO:0042026;GO:0005737;GO:0051082;GO:0005524
B7V7T3	GO:0046336;GO:0006520;GO:0008851;GO:0031419
A1RJR5	GO:0005737;GO:0009229;GO:0009228;GO:0016783
Q313J9	GO:0052906;GO:0005737
B3QYL5	GO:0006351;GO:0003899;GO:0003677;GO:0008270;GO:0000287
B8HF37	GO:0006082;GO:0008776;GO:0005737;GO:0005524;GO:0000287;GO:0006085
Q01004	GO:0042025;GO:0019076;GO:0075732;GO:0019072;GO:0046718;GO:0019028
Q9ER41	GO:0042802;GO:0019894;GO:0016887;GO:0034504;GO:0031965;GO:0005737;GO:0005788;GO:0051085;GO:0005783;GO:0005635;GO:0005524;GO:0071763;GO:0007029
Q8TJT7	GO:0001731;GO:0003924;GO:0003746;GO:0003743;GO:0045903;GO:0046872;GO:0005525;GO:0005829
Q923B3	GO:1990837;GO:0000978;GO:0003682;GO:0006357;GO:0005634;GO:0000981;GO:0051402;GO:1990009;GO:0043565;GO:0005737;GO:0046328;GO:0046872;GO:0005829;GO:0005166;GO:0097191
A8LM40	GO:0003677;GO:0006351;GO:0032549;GO:0003899
Q2JRN9	GO:0003677;GO:0003700;GO:0045892
O87864	GO:0042744;GO:0004096;GO:0046872;GO:0006979;GO:0020037
Q9SLX0	GO:0005634;GO:0006607;GO:0008139;GO:0061608;GO:0048471
B3E1K5	GO:0006457;GO:0005737;GO:0051082
A4YXZ8	GO:0050661;GO:0004324;GO:0050660
Q663A0	GO:0003723;GO:0031119;GO:0106029
Q3UUY6	GO:0071914;GO:0015485;GO:0016324;GO:0042995;GO:0043087;GO:0031346;GO:0009986;GO:0001934;GO:0005886;GO:0031528;GO:0005929;GO:0048550;GO:2001287;GO:0005902;GO:0031410;GO:0016323;GO:0005887;GO:0044393;GO:0060170
Q56P11	GO:0006351;GO:0003899;GO:0003677;GO:0008270;GO:0009507
Q60524	GO:0016567;GO:0045892;GO:0005634;GO:0005730;GO:0043021;GO:0008097;GO:0005654;GO:0043066;GO:0005737;GO:0000122;GO:0043130;GO:0046872;GO:0016740;GO:0071157
O74363	GO:0003676;GO:0005829;GO:0005737;GO:0006364
Q9NY46	GO:0001518;GO:0005261;GO:0034765;GO:0006814;GO:0005737;GO:0005248;GO:0005886;GO:0035725;GO:0086010;GO:0005244;GO:0019228;GO:0030424
Q7T2N4	GO:0005840;GO:0003735;GO:0006412
Q08AA9	GO:0005509;GO:0016055;GO:0005634;GO:0005737;GO:0005886;GO:0007275;GO:0030178
Q9D236	GO:0042802;GO:0005576;GO:0006508;GO:0004175;GO:0008236;GO:0005520;GO:0030512;GO:0030514;GO:0004252
Q7VQJ2	GO:0008360;GO:0009252;GO:0007049;GO:0051301;GO:0071555;GO:0005737;GO:0005524;GO:0008765;GO:0000287
Q9Y5N1	GO:0014061;GO:0030594;GO:0045202;GO:0004969;GO:0016907;GO:0004930;GO:0004993;GO:0014050;GO:0014063;GO:0007197;GO:0050890;GO:0005886;GO:0030425;GO:0098793;GO:0007268;GO:0007269;GO:0007187;GO:0005887;GO:0007186
B1M6A3	GO:0009432;GO:0003677;GO:0006281;GO:0006310;GO:0009379;GO:0005524;GO:0009378
Q5FNT5	GO:0005737;GO:0009229;GO:0009228;GO:0016783
A8FRR9	GO:0005509;GO:0042128;GO:0042597;GO:0005506;GO:0042279;GO:0020037
A9KDN5	GO:0006412;GO:0006464;GO:0016881;GO:0005524;GO:0046872
A6T379	GO:0000105;GO:0005737;GO:0004424
Q5V7I2	GO:0005524;GO:0006260
A6TU88	GO:0030170;GO:0008710;GO:0009102;GO:0008890
Q8C0N2	GO:0004366;GO:0005789;GO:0016024;GO:0032006;GO:0102420;GO:0016021;GO:0019432;GO:0005783;GO:0003841
Q9WU74	GO:0005504;GO:1904274;GO:0061436;GO:0061833;GO:0019216;GO:0017129;GO:0034362;GO:0042627;GO:0001889;GO:0005886;GO:0034361;GO:0016021;GO:0060856;GO:0061689
Q21006	GO:0000978;GO:0006357;GO:0000790;GO:0048856;GO:0008270;GO:0030154;GO:0004879
Q8L6Y4	GO:0006325;GO:0003700;GO:0009908;GO:0005634;GO:0031490;GO:0003677;GO:0030154;GO:0046872;GO:0009910;GO:0006349
Q9UPP1	GO:0000082;GO:0007420;GO:0005634;GO:0033169;GO:0005654;GO:0032452;GO:0045893;GO:0061188;GO:0003682;GO:0051864;GO:0005730;GO:0031965;GO:0035064;GO:0071557;GO:0071558;GO:0032454;GO:0035574;GO:0045943;GO:0005506;GO:0008270;GO:0035575;GO:0016706;GO:0070544
O08523	GO:0005201;GO:0007160;GO:0031012;GO:0031225;GO:0007605;GO:0005886;GO:0062023
P41745	GO:0003924;GO:0003746;GO:0005737;GO:0005525
A8FCR4	GO:0006146;GO:0000034
B4U2H1	GO:0003678;GO:0008408;GO:0000724;GO:0005524;GO:0003690
P41753	GO:0005524
B2UMU0	GO:0005840;GO:0003735;GO:0019843;GO:0006412
Q82HR6	GO:0000105;GO:0009086;GO:0004477;GO:0004488;GO:0006164;GO:0035999
P79324	GO:0002181;GO:0003723;GO:0003735;GO:0022625
O74773	GO:0000403;GO:0008094;GO:0032301;GO:0005634;GO:0016887;GO:0032302;GO:0006301;GO:0000406;GO:0000400;GO:0045910;GO:0006310;GO:0007534;GO:0005524;GO:0006298;GO:0032300;GO:0005829;GO:0043570;GO:0030983;GO:0000228
Q29463	GO:0005509;GO:0005576;GO:0006508;GO:0030574;GO:0005615;GO:0007586;GO:0004252
A7Z4X7	GO:0016787;GO:0005737;GO:0017000;GO:0046872
O01761	GO:0014722;GO:0031034;GO:0031430;GO:0005524;GO:1905552;GO:0005887;GO:0010628;GO:0045214;GO:0045989;GO:0004672;GO:0031672;GO:0017048;GO:0034613;GO:0005089;GO:0019902;GO:0030241;GO:1905905;GO:0060298;GO:0071688;GO:0040017;GO:0090736
Q7UIA7	GO:0051539;GO:0003861;GO:0009098;GO:0046872
Q02566	GO:0042802;GO:0006941;GO:0006936;GO:0005739;GO:0019901;GO:0005516;GO:0008217;GO:0046034;GO:0000146;GO:0030239;GO:0001701;GO:0005737;GO:0005859;GO:0030018;GO:0008016;GO:0007512;GO:0032982;GO:0002026;GO:0030048;GO:0043462;GO:0005524;GO:0016459;GO:0014898;GO:0045214;GO:0007522;GO:0030016;GO:0060420;GO:0016887;GO:0030898;GO:0055009;GO:0055010;GO:0048739;GO:0030049;GO:0002027;GO:0030899;GO:0060048;GO:0044877;GO:0001725;GO:0051015
Q9W5E4	GO:0008134;GO:0005730;GO:0003714;GO:0043565;GO:0005737;GO:0090070;GO:0042254;GO:1901838
A8MJ51	GO:0051539;GO:0003678;GO:0000724;GO:0005524;GO:0046872;GO:0003690;GO:0008409
Q54TM7	GO:0004672;GO:0050829;GO:0036289;GO:0005524;GO:0004674
Q5B8U0	GO:0003697;GO:1902977;GO:0031261;GO:0000733;GO:0006270;GO:0005737;GO:0003688;GO:0000727
Q51429	GO:0017001;GO:0046677;GO:0008800;GO:0008658
A1A5P5	GO:0045880;GO:0097542;GO:0005737;GO:0060271;GO:0005929;GO:0005814;GO:0036064
A4YNP4	GO:0051539;GO:0036070;GO:0046872;GO:0019685;GO:0005524;GO:0016730;GO:0016636
Q9SYK4	GO:0046855;GO:0009743;GO:0048364;GO:0009637;GO:0007584;GO:0010252;GO:0046856;GO:0005634;GO:0009737;GO:0009630;GO:0010182;GO:0010087;GO:0052659;GO:0009611;GO:0046872;GO:0052658;GO:0004445;GO:0009846;GO:0004439
Q28201	GO:0004867;GO:0005615
Q4R7A4	GO:0005634;GO:0046872
P02760	GO:0046329;GO:0030163;GO:0042803;GO:0005576;GO:0019855;GO:0016032;GO:0004867;GO:0009986;GO:0005886;GO:0042167;GO:0062023;GO:0043231;GO:0050777;GO:0070062;GO:0007565;GO:0018298;GO:0046904;GO:0020037;GO:0006898;GO:0019862;GO:0072562;GO:0007155;GO:0005615
P25998	GO:0002181;GO:0003723;GO:0003735;GO:0022625
Q8LAX0	GO:0009086;GO:0033528;GO:0032259;GO:0008898;GO:0005886;GO:0008270;GO:0047150
C1AVQ6	GO:0006457;GO:0051301;GO:0007049;GO:0005737;GO:0003755;GO:0015031
Q9Y4P3	GO:0042149;GO:0019901;GO:0071456;GO:0030176;GO:0051219;GO:0031369;GO:0030968;GO:0005783;GO:0003723
Q8KCC4	GO:0016410;GO:0042158;GO:0005886;GO:0016021
Q8KTB7	GO:0003924;GO:0003746;GO:0005737;GO:0005525
A5I9T7	GO:0019464;GO:0008483;GO:0004047
Q8Z4Y9	GO:0006635;GO:0005737;GO:0003988
B8D797	GO:0005737;GO:0009088;GO:0005524;GO:0004413
Q2RUU3	GO:0019556;GO:0005737;GO:0004397;GO:0019557
Q4L709	GO:0004418;GO:0018160;GO:0006782
A1U1V3	GO:0000049;GO:0006424;GO:0005737;GO:0005524;GO:0008270;GO:0004818
P21053	GO:0009405;GO:0016032;GO:0055036;GO:0044174
Q0CFY3	GO:0019284;GO:0005634;GO:0019509;GO:0005737;GO:0046523
Q3IR96	GO:0005737;GO:0006741;GO:0019674;GO:0005524;GO:0046872;GO:0003951
A1RS43	GO:0003924;GO:0048500;GO:0008312;GO:0005525;GO:0006614
O43823	GO:0031065;GO:0005739;GO:0005634;GO:0000793;GO:0007165;GO:0005654;GO:0032720;GO:0005794;GO:0003723;GO:0051059;GO:0016363;GO:0042826;GO:0044839;GO:0034237;GO:0016020;GO:0003690;GO:0071222;GO:0001939;GO:0005730;GO:0071380;GO:0000278;GO:0033127;GO:0007076;GO:0008270;GO:0045087;GO:0015031
P9WPT0	GO:0016021;GO:0005886;GO:0005388;GO:0005524;GO:0046872
Q7MRV4	GO:0003677;GO:0005737;GO:0006355
P0DSE1	GO:0042101;GO:0002250;GO:0016021
Q5RBT4	GO:0005739;GO:0006099;GO:0004449;GO:0051287;GO:0000287
A2I7N0	GO:0042583;GO:0031410;GO:0004867;GO:0005615;GO:0010951
O57178	GO:0009405;GO:0016032;GO:0055036;GO:0044174
P56975	GO:0008083;GO:0045499;GO:0005576;GO:0060596;GO:0098978;GO:0048513;GO:0050804;GO:0001558;GO:0030971;GO:2001223;GO:0035556;GO:0005102;GO:0007389;GO:0005615;GO:0030297;GO:0021842;GO:0005887
Q9SXC9	GO:0005509;GO:0005789;GO:0030433;GO:0016021;GO:0004571;GO:0005783;GO:0004559;GO:0006486;GO:0005975
Q4ZMN7	GO:0003677;GO:0006351;GO:0032549;GO:0003899
A9GWW0	GO:0006520;GO:0044205;GO:0016597;GO:0004070;GO:0006207
Q10297	GO:0005643;GO:0005634;GO:0008536;GO:0006606;GO:0005635;GO:0005525;GO:0005829;GO:0061608
Q8NER1	GO:0042802;GO:1990090;GO:0045211;GO:0005739;GO:0005516;GO:0071312;GO:0071356;GO:0007635;GO:0015278;GO:0000122;GO:1901594;GO:0097603;GO:0050955;GO:0010917;GO:0001774;GO:0071502;GO:0031226;GO:0051289;GO:0014047;GO:0043065;GO:0034605;GO:0043025;GO:0035091;GO:0005886;GO:0003085;GO:0005524;GO:0010459;GO:0016021;GO:0005829;GO:0050960;GO:0007166;GO:0048266;GO:0005887;GO:0070588;GO:0001660;GO:0005216;GO:0006629;GO:0005231;GO:0004888;GO:0002024;GO:0051219;GO:0005262;GO:0043434;GO:0045429;GO:0002790;GO:0050968;GO:0009897;GO:0071318;GO:0050965;GO:0050954;GO:0060083;GO:0071468;GO:0005230;GO:0090212;GO:0032591;GO:0060454;GO:0046872;GO:0098703;GO:0017081
Q2W5T9	GO:0008360;GO:0009252;GO:0007049;GO:0051301;GO:0019277;GO:0008760;GO:0005737;GO:0071555
P75395	
Q9HBR0	GO:0060348;GO:0015171;GO:0006814;GO:0005794;GO:0016021;GO:0003333
Q7PVF6	GO:0000139;GO:0009306;GO:0072384;GO:0006886;GO:0016020;GO:0005794;GO:0005793;GO:0005783;GO:0005198;GO:0006888;GO:0030126;GO:0006891
P77187	GO:0006099;GO:0004775;GO:0004776;GO:0005829;GO:0009361
Q5ZI25	GO:0061630;GO:0005783;GO:0016021
A6QIQ2	GO:0009099;GO:0050661;GO:0009097;GO:0000287;GO:0004455
B2GV05	GO:0005681;GO:0006915;GO:0005634;GO:0043065;GO:0003729;GO:0000245;GO:0005654;GO:0000398;GO:0046872;GO:0003723;GO:0000381
Q1RMU5	GO:0005681;GO:0006915;GO:0005634;GO:0043065;GO:0003729;GO:0000245;GO:0005654;GO:0000398;GO:0046872;GO:0003723;GO:0000381
Q6FKB4	GO:0005886;GO:0070941;GO:0045121;GO:0032126
E7F8F4	GO:0032508;GO:0006307;GO:0003676;GO:0005634;GO:0043138;GO:0008283;GO:0003724;GO:0016607;GO:0005524;GO:0006401
Q4JCB9	GO:0051539;GO:0016830;GO:0009229;GO:0009228;GO:0008270
B5CY92	GO:0033916;GO:0005975
Q6P9L4	GO:0006511;GO:0004843;GO:0042393;GO:0005634;GO:0004197;GO:0016579;GO:0005737;GO:0035616;GO:0000398;GO:0008270
Q3SVE4	GO:0000105;GO:0009086;GO:0004477;GO:0004488;GO:0006164;GO:0035999
B7FKW7	GO:0003677;GO:0008824;GO:0009439
Q6GME2	GO:0005634;GO:0016787;GO:0046872
A4X491	GO:0050567;GO:0005524;GO:0006412
G0SFH5	GO:0031965;GO:0005643;GO:0017056;GO:0051028;GO:0015031
B9DMX3	GO:0030170;GO:0005737;GO:0006782;GO:0042286;GO:0008483
Q96ES7	GO:0016573;GO:0071169;GO:0070461;GO:0047485;GO:0043966;GO:0035064;GO:0000124;GO:0019899;GO:0005671
Q14995	GO:1990837;GO:0005634;GO:0000981;GO:0005654;GO:0005737;GO:0000122;GO:0006355;GO:0045893;GO:0055088;GO:0097009;GO:0009755;GO:0000978;GO:0050728;GO:0004879;GO:0050727;GO:0001227;GO:0000790;GO:0030154;GO:0048512;GO:0045944;GO:0042752;GO:2001014;GO:0045892;GO:0019216;GO:0008270;GO:0006367
P04419	GO:0042742;GO:0046872;GO:0019835;GO:0009405;GO:0004519;GO:0005727
A8N513	GO:0046872;GO:0005774;GO:0008237;GO:0016021
Q73WU6	GO:0008878;GO:0045227;GO:0005524;GO:0005978
Q8MR45	GO:0008233;GO:0003948;GO:0005764;GO:0005737;GO:0006517
A0MEX7	GO:0005576
B0R6A8	GO:0043190;GO:0006935;GO:0022857
B3H5Q1	GO:0008422;GO:0102483;GO:0005975
Q59MF9	GO:0006891;GO:0000139;GO:0017119;GO:0015031
B3GYP5	GO:0004125;GO:0005737;GO:0001514;GO:0097056
C5D9S1	
Q97EB8	GO:0004820;GO:0006426;GO:0046983;GO:0005737;GO:0005524
B0KHW6	GO:0006094;GO:0006096;GO:0005737;GO:0004347
A7ERM5	GO:0006914;GO:0030259;GO:0016906;GO:0016126;GO:0102205;GO:0043231;GO:0102202;GO:0034045;GO:0102203;GO:0015031;GO:0005975
Q86W50	GO:0120048;GO:0005634;GO:0061157;GO:0006402;GO:0048024;GO:0120049;GO:0010608;GO:0005737;GO:0006556;GO:0035613;GO:0001734;GO:1905869;GO:0052907;GO:0003723;GO:0080009;GO:0030629;GO:0070475
B6J0K1	GO:0009245;GO:0009029;GO:0005524
A1XQX0	GO:0046872;GO:0016021;GO:0007155;GO:0002040
Q46IC6	GO:0005737;GO:0009229;GO:0009228;GO:0016783
Q91YE7	GO:0005681;GO:0006915;GO:0005634;GO:0043065;GO:0003729;GO:0000245;GO:0005654;GO:0000398;GO:0046872;GO:0003723;GO:0000381
P47515	GO:0006096;GO:0007584;GO:0003826;GO:0140032;GO:0004739;GO:0009083
D7UNT2	GO:0006631;GO:0003857;GO:0005737;GO:0042413;GO:0051287;GO:0047728
Q5LQ99	GO:0051539;GO:0046429;GO:0019288;GO:0005506;GO:0016114
Q5P338	GO:0006351;GO:0003899;GO:0003677;GO:0008270;GO:0000287
D4B4V2	GO:0009405;GO:0005576;GO:0004177;GO:0046872
Q6PCL9	GO:0006378;GO:0043631;GO:0005634;GO:0005654;GO:0016604;GO:0005524;GO:0046872;GO:0003723;GO:0004652;GO:0005829
C0NKT8	GO:0005789;GO:0006465;GO:0004252;GO:0016021
Q17529	GO:0005254;GO:0034707;GO:0005886
Q8RDE6	GO:0004798;GO:0006233;GO:0006235;GO:0005524
B4SS67	GO:0019464;GO:0004375
A2QTX8	GO:0006914;GO:0016021;GO:0005774;GO:0006865
P10828	GO:1990837;GO:0002154;GO:0001225;GO:0005634;GO:0000981;GO:0005654;GO:0000122;GO:0097067;GO:0097474;GO:0008016;GO:0031490;GO:0042480;GO:0019899;GO:0009755;GO:0000978;GO:0070324;GO:0004879;GO:0000790;GO:0007621;GO:0007605;GO:0030154;GO:0045944;GO:0003700;GO:0006351;GO:0008050;GO:0060509;GO:0046549;GO:0003677;GO:0016604;GO:0008270;GO:0006367
B2V9F3	GO:0055129;GO:0004350;GO:0005737;GO:0050661
Q3KLM3	GO:0000049;GO:0005737;GO:0005524;GO:0004826;GO:0000287;GO:0006432
Q2W031	GO:0015299;GO:0055072;GO:0016021
C4XMB3	GO:0043815;GO:0004644;GO:0005524;GO:0006189;GO:0000287
F4JNA9	GO:0030275;GO:0007165;GO:0061809;GO:0006952;GO:0005524;GO:0009817;GO:0050135;GO:0043531
O17966	GO:0003917;GO:0006260;GO:0005634;GO:0005730;GO:0006265;GO:0006338;GO:0003677;GO:0007059;GO:0031298;GO:0031616
B7VMU2	GO:0019556;GO:0005737;GO:0016153;GO:0019557
Q5HYC2	
I6L899	GO:0005801;GO:0000137;GO:0007030;GO:0005794;GO:0032580
P0CW87	GO:0035438;GO:0016760;GO:0005886;GO:0030244;GO:0016021;GO:0006011
P25725	GO:0080030;GO:0005576
P31688	GO:0031505;GO:0005739;GO:0070413;GO:0070262;GO:0034605;GO:0005992;GO:0009405;GO:0005737;GO:0010508;GO:0005946;GO:0004805;GO:0005829;GO:0035970
B9KEB1	GO:0006435;GO:0000049;GO:0004829;GO:0005737;GO:0005524;GO:0046872
Q99081	GO:1902036;GO:1990837;GO:0005634;GO:0000981;GO:0090575;GO:0005654;GO:0005737;GO:0042803;GO:0046982;GO:0035497;GO:0045666;GO:0000978;GO:0006357;GO:0006955;GO:0016607;GO:0043231;GO:0043425;GO:0008134;GO:0000790;GO:0005667;GO:0007517;GO:0000987;GO:0045944;GO:0003700;GO:0046332;GO:0070888;GO:0001228;GO:0071837
Q8N446	GO:0046872
C5CGU7	GO:0003677;GO:0005737;GO:0006355
P0DSI1	GO:0009405;GO:0090729;GO:0005576;GO:0004519
P36750	GO:0075521;GO:0042025;GO:0075732;GO:0003677;GO:0044174;GO:0044177;GO:0005198;GO:0046718;GO:0019028
Q9QYV0	GO:0008584;GO:0007229;GO:0031514;GO:0004222;GO:0001525;GO:0008237;GO:0042246;GO:0098609;GO:0005912;GO:0009986;GO:1990910;GO:0016021;GO:1900121;GO:0070062;GO:0001953;GO:0060317;GO:0017124;GO:0030336;GO:0001669;GO:0030308;GO:0005178;GO:0002418;GO:0030574;GO:1904628;GO:0046872;GO:0045087;GO:0005615
B8M3A8	GO:0044208;GO:0004019;GO:0005737;GO:0005525;GO:0000287
Q65MU0	GO:0006541;GO:0003922;GO:0005524;GO:0016462
A5F1X6	GO:0019556;GO:0005737;GO:0016153;GO:0019557
Q5YRD1	GO:0016887;GO:0005886;GO:0005524;GO:0015424;GO:0015821
A6TFD9	GO:0035438;GO:0030244
O55225	GO:0046373;GO:0016324;GO:0031012;GO:0046556;GO:0007605;GO:0005615;GO:0005198;GO:0005829;GO:0008344
Q9NSJ1	GO:0000978;GO:0006357;GO:0005634;GO:0000981;GO:0046872
P48529	GO:0004722;GO:0005634;GO:0005737;GO:0046872;GO:0005829;GO:0009532
Q3U5C7	GO:0032436;GO:0060976;GO:0008134;GO:0045892;GO:0005634;GO:0001843;GO:2000691;GO:0006606;GO:0031398;GO:0031965;GO:0090090;GO:0008270;GO:0035904;GO:0005829
B2JIH4	GO:0003677;GO:0006351;GO:0032549;GO:0003899
B9M6V2	GO:0003677;GO:0006351;GO:0032549;GO:0003899
A4YV90	GO:0006807;GO:0005737;GO:0016151
Q95LY3	
O84481	GO:0009328;GO:0000049;GO:0005524;GO:0004826;GO:0000287;GO:0006432
Q9WZV3	GO:0031072;GO:0051082;GO:0006260;GO:0009408;GO:0005737;GO:0051085;GO:0008270;GO:0005524;GO:0042026
Q6P0H6	GO:0005829;GO:0006508;GO:0008021;GO:0008180
Q7VQX0	GO:0051287;GO:0000105;GO:0004399;GO:0008270
Q7SB49	GO:0032807;GO:0006260;GO:0003910;GO:0003677;GO:0006303;GO:0051103;GO:0006310;GO:0006297;GO:0005524;GO:0046872;GO:0071897
Q9P6S3	GO:0000935;GO:0051286;GO:0032153;GO:0005829;GO:0140278
B2S1A8	GO:0050511;GO:0008360;GO:0009252;GO:0007049;GO:0030259;GO:0051301;GO:0071555;GO:0005886;GO:0051991;GO:0005975
O95263	GO:0006198;GO:0007165;GO:0004115;GO:0004114;GO:0046872;GO:0005829;GO:0007186
Q6QI44	GO:0005737;GO:0031416;GO:0017196
O06980	GO:0005886;GO:0022857;GO:0005524;GO:0055085
Q6PST4	GO:0042802;GO:0003924;GO:0071782;GO:0000137;GO:0005789;GO:0000139;GO:0051260;GO:1990809;GO:0005737;GO:0005794;GO:0005783;GO:0016021;GO:0005525;GO:0098826;GO:0030424;GO:0007029;GO:0007409
Q2NF48	GO:0005840;GO:0008270;GO:0006412;GO:0003735;GO:0019843
Q39PQ8	GO:0005886;GO:0032977;GO:0015031;GO:0016021
P53385	GO:0019556;GO:0016153;GO:0019557
Q1MAK5	GO:0005840;GO:0003735;GO:0006412
B4NWI1	GO:0008233;GO:0005764;GO:0006517;GO:0003948
P32104	GO:0003677;GO:0003700
Q9LZX6	GO:0008840;GO:0009507;GO:0009089;GO:0019877
Q3AE33	GO:0051539;GO:0016830;GO:0009229;GO:0009228;GO:0008270
B8EPJ0	GO:0046872;GO:0016208;GO:0003987;GO:0005524;GO:0019427
P44101	GO:0051539;GO:0005737;GO:0046872
Q057A7	GO:0006412;GO:0016740;GO:0003735;GO:0019843;GO:0015934
Q02478	GO:0055036;GO:0046983;GO:0019031;GO:0075512;GO:0044167;GO:0016021;GO:0039654;GO:0019062
P14241	GO:0019012;GO:0030430;GO:0019079;GO:0000166;GO:0003968
Q8QZY2	GO:0005739;GO:0008887;GO:0005737;GO:0005794;GO:0005524;GO:0005829;GO:0006468
A2ZIW7	GO:0031047;GO:0005737
Q6H236	GO:0000978;GO:0006357;GO:0006915;GO:0005634;GO:0000981;GO:0005737;GO:0046872
Q6FAU1	GO:0050518;GO:0016114;GO:0019288
P81559	GO:0003700;GO:0005634;GO:0005496;GO:0043565;GO:0008270;GO:0030284
B4UKQ2	GO:0018339;GO:0051539;GO:0006400;GO:0005737;GO:0046872;GO:0103039
Q9RCA5	GO:0005886;GO:0032977;GO:0015031;GO:0016021
Q9L5X0	GO:0005886;GO:0007155;GO:0030001;GO:0046872
C6DF18	GO:0005737;GO:0009088;GO:0005524;GO:0004413
A1A5R7	GO:0003723;GO:0004527;GO:0005634
Q07G10	GO:0016300;GO:0030488;GO:0005634;GO:0055114;GO:0000049;GO:0002098;GO:0005737;GO:0005506;GO:0008270;GO:0005829;GO:0016706
P47191	GO:0030672;GO:0030424;GO:0017158;GO:0016192;GO:0071277;GO:0030276;GO:0005886;GO:0016021;GO:0016079;GO:0042584;GO:0005509;GO:0019905;GO:0070382;GO:0048791;GO:0001786;GO:0048488;GO:0030154;GO:0005544;GO:0014059;GO:0031045;GO:0000149;GO:0017156
A7TH32	GO:0006890;GO:0005085;GO:0042802;GO:0051082;GO:1990507;GO:0009408;GO:0006620;GO:0016887;GO:0045048;GO:0000750;GO:0043529;GO:0005524;GO:0046872;GO:0010038
Q84Q83	GO:0001401;GO:0034622;GO:0045040;GO:0031359;GO:0009707;GO:0045037;GO:0009658;GO:0016021
Q4V8J4	GO:0004366;GO:0005789;GO:0016024;GO:0032006;GO:0102420;GO:0016021;GO:0019432;GO:0005783;GO:0003841
Q9BRJ9	GO:0003236;GO:0032525;GO:0010467;GO:0042662;GO:0005634;GO:0000981;GO:0008078;GO:0048368;GO:0003210;GO:0007219;GO:0045893;GO:0051155;GO:0090082;GO:0000978;GO:0003259;GO:0003139;GO:0023019;GO:0070368;GO:0022008;GO:0001947;GO:0001707;GO:0035481;GO:0000976;GO:0000790;GO:0003211;GO:0007369;GO:0042664;GO:0055007;GO:0060921;GO:0045446;GO:0045944;GO:0003241;GO:0003700;GO:0045892;GO:0060947;GO:0003007;GO:0046983;GO:0001228;GO:0060913;GO:0003143;GO:0060975;GO:0045747
Q0TEV3	GO:0003723;GO:0008033;GO:0005737;GO:0008173
Q4P149	GO:0004534;GO:0005634;GO:0006397;GO:0006364;GO:0008270;GO:0003723;GO:0000956;GO:0006353
A0M8S4	GO:0005938;GO:0043197
Q6GQT6	GO:0090110;GO:0012507;GO:0044255;GO:0042304;GO:0045540;GO:0001666;GO:0006955;GO:0008203;GO:0000139;GO:0016021;GO:0043231;GO:0032934;GO:0015485;GO:0019217;GO:0005789;GO:0007568;GO:0032868;GO:0044877;GO:0032933;GO:0045542;GO:0032991
P00797	GO:0008217;GO:0048469;GO:0032496;GO:0008584;GO:0005737;GO:0042756;GO:0005102;GO:0051591;GO:0009755;GO:0005576;GO:0006508;GO:0070305;GO:0005886;GO:0001822;GO:0004190;GO:0002018;GO:0035690;GO:0002003;GO:0050435;GO:0008233;GO:0035902;GO:0001823;GO:0005615;GO:0045177;GO:0005159;GO:0043408
A7GGL4	GO:0046933;GO:0046961;GO:0005524;GO:0042777
Q7NGU2	GO:0000287;GO:0000162;GO:0004048;GO:0005829
Q8N7Y1	
Q9Y572	GO:0042802;GO:0042981;GO:0048538;GO:0005634;GO:0007165;GO:0097528;GO:0097190;GO:0006464;GO:0005737;GO:0070301;GO:2000379;GO:0051351;GO:0046006;GO:0007249;GO:0032147;GO:0004674;GO:2001244;GO:2000452;GO:0043029;GO:0002819;GO:0010922;GO:0046777;GO:0005524;GO:1990000;GO:0005829;GO:0048535;GO:0070266;GO:0004704;GO:0004672;GO:0060545;GO:0048536;GO:0051607;GO:0070235;GO:0051353;GO:0001914;GO:0033077;GO:0044877;GO:0032649;GO:0003713;GO:0097527;GO:0051092;GO:0032991;GO:0097300
Q5L554	GO:0003684;GO:0030983;GO:0005524;GO:0006298
Q6F709	GO:0008759;GO:0009245;GO:0103117;GO:0046872
A8MKH4	GO:0070038;GO:0005737
Q131V4	GO:0000287;GO:0008966;GO:0005975
Q82XP9	GO:0045261;GO:0005886;GO:0005524;GO:0042777;GO:0046933
B8GIC5	GO:0009099;GO:0050661;GO:0009097;GO:0000287;GO:0004455
Q1IWK0	GO:0008176
P73668	GO:0008360;GO:0009252;GO:0007049;GO:0051301;GO:0071555;GO:0005737;GO:0005524;GO:0008764
A1STT0	GO:0004834
Q97JB4	GO:0009236;GO:0009163;GO:0008939
Q9Z1T2	GO:0042802;GO:0005604;GO:0006986;GO:0001968;GO:0005783;GO:0050731;GO:0034103;GO:0048771;GO:0031012;GO:0071603;GO:0031594;GO:0062023;GO:0048266;GO:0008083;GO:0005509;GO:0008201;GO:0016525;GO:0090023;GO:0005518;GO:0007399;GO:0005178;GO:0043237;GO:0051451;GO:0001938;GO:0005615;GO:0016529;GO:0048812;GO:0034976;GO:0051781
A1JTR6	GO:0048472;GO:0015420;GO:0009236;GO:0005886;GO:0016021
D3ZA76	GO:0042802;GO:0005576;GO:0006508;GO:0004175;GO:0008236;GO:0005520;GO:0030512;GO:0030514;GO:0004252
Q9X7K6	GO:0015293;GO:0006835;GO:0005886;GO:0016021
P96663	GO:0003700;GO:0009058;GO:0030170;GO:0003677;GO:0008483
A1TAW8	GO:0050511;GO:0008360;GO:0009252;GO:0007049;GO:0030259;GO:0051301;GO:0071555;GO:0005886;GO:0051991;GO:0005975
Q7SXM0	GO:0070932;GO:0070933;GO:0004407;GO:0000118;GO:0005737;GO:0046872;GO:0032041;GO:0045944
Q6FYF9	GO:0005840;GO:0003735;GO:0006412
Q5TD97	GO:0005634;GO:0003713;GO:0003712;GO:0030018;GO:0046872;GO:0045944
P43862	GO:0009294
B1ZGR1	GO:0006457;GO:0051082;GO:0005524
Q8XWW2	GO:0008964;GO:0015977;GO:0006107;GO:0006099;GO:0000287
Q2SL30	GO:0006281;GO:0006310
Q1CBH3	GO:0001407;GO:0015794;GO:0005887;GO:0055052
A2RIX1	GO:0006096;GO:0005576;GO:0009986;GO:0000015;GO:0004634;GO:0000287
Q9HBW1	GO:0043197;GO:0098978;GO:0099061;GO:0050804;GO:0099560;GO:0097119;GO:0098685;GO:0060076;GO:1904861
Q8N9V7	GO:0007286;GO:1901995;GO:0006915;GO:0048137;GO:0098781;GO:0005829
Q1CV77	GO:0005737;GO:0016149
Q7ZVC9	
Q8JHV6	GO:0005201;GO:0070831;GO:0009887;GO:0009888;GO:0016477;GO:0034446;GO:0043256
P43257	GO:0020002;GO:0019064;GO:0055036;GO:0019031;GO:0075512;GO:0046789;GO:0016021;GO:0039654;GO:0019062
Q5L589	GO:0004360;GO:1901137;GO:0005737;GO:0097367;GO:0006541;GO:0005975
Q31I36	GO:0030170;GO:0000105;GO:0004400
P26270	GO:0070122;GO:0008541;GO:0008063;GO:0005838;GO:0005654;GO:0000502;GO:0043161;GO:0030425;GO:0007623;GO:0005829
Q6R7F1	
P10754	GO:0010729;GO:0000978;GO:0006357;GO:0001227;GO:0005634;GO:0000981;GO:0005739;GO:0000122;GO:0046872;GO:0000977;GO:1901030
Q51858	GO:0016887;GO:0005524
Q63372	GO:0090129;GO:0048306;GO:0033138;GO:0098978;GO:0097116;GO:1903078;GO:0007165;GO:0010739;GO:0042551;GO:0097118;GO:0097120;GO:0097114;GO:0007612;GO:0035176;GO:0050839;GO:0005783;GO:0050885;GO:0016339;GO:0090126;GO:0097091;GO:0097112;GO:2000310;GO:0061178;GO:0060134;GO:0051968;GO:0097104;GO:0010629;GO:0042297;GO:0099542;GO:0007158;GO:0009986;GO:0043025;GO:0005886;GO:0098693;GO:0098982;GO:0099059;GO:0007623;GO:0097109;GO:0046847;GO:0007269;GO:0021707;GO:0005105;GO:0045743;GO:0007157;GO:0097105;GO:0010628;GO:0099151;GO:0005509;GO:0042734;GO:2000311;GO:0006904;GO:1900020;GO:0099150;GO:0099560;GO:0004888;GO:0051490;GO:0031965;GO:0098685;GO:0035418;GO:0005246;GO:0071625;GO:2000463;GO:0051965;GO:0031982;GO:1905606;GO:0070374;GO:0033130;GO:0044295;GO:0044877;GO:0045184;GO:0097119;GO:0099054;GO:0099056;GO:0097117;GO:2000821;GO:0007416;GO:0007268;GO:0032991;GO:0030534;GO:0031175;GO:0051897
P29417	GO:0045493;GO:0005576;GO:0031176
Q54IE8	GO:0004521;GO:0051082;GO:0004672;GO:0005789;GO:0006397;GO:1990604;GO:0036498;GO:0005524;GO:0016021;GO:0030968;GO:0004674
B1H069	GO:0006094;GO:0006096;GO:0005737;GO:0004347
O29151	GO:0005840;GO:0003735;GO:0006412
Q82XY4	GO:0009014;GO:0009089;GO:0050897;GO:0008270;GO:0019877
P64266	GO:0009190;GO:0035556
Q49640	GO:0008728;GO:0016301;GO:0015970;GO:0005524;GO:0005525
Q8G5L0	GO:0102752;GO:0003844;GO:0043169;GO:0005978;GO:0004553
A5FZC1	GO:0019556;GO:0005737;GO:0016153;GO:0019557
Q75A69	GO:0005743;GO:0015095;GO:0015693;GO:0045016;GO:0016021
Q49564	GO:0005737;GO:0005524
A4WU05	GO:0005737;GO:0004719;GO:0030091
Q8TK19	GO:0006082;GO:0008776;GO:0005737;GO:0005524;GO:0000287;GO:0006085
P57071	GO:0000978;GO:0006357;GO:0090263;GO:0005634;GO:1990841;GO:0001228;GO:0005654;GO:0016604;GO:0032259;GO:0007275;GO:0046872;GO:0008168;GO:0043409;GO:0045944;GO:2000035
P83510	GO:0048814;GO:0005634;GO:0000165;GO:0005654;GO:0001934;GO:0005737;GO:0005856;GO:0032147;GO:0004674;GO:0006468;GO:0055037;GO:0016055;GO:0046777;GO:0030033;GO:0005524;GO:0007010;GO:0005829;GO:0031532;GO:0004672;GO:0007256;GO:0023014;GO:0035556;GO:0031098;GO:0048471;GO:0072659;GO:0016324;GO:0048812
A4W6T9	GO:0006433;GO:0002161;GO:0005737;GO:0005524;GO:0004827
Q80V53	GO:0001537;GO:0016051;GO:0000139;GO:0030208;GO:0016021;GO:0050655;GO:0008146
Q1DAN8	GO:0015940;GO:0005737;GO:0004592;GO:0005524
P20061	GO:0015889;GO:0005576;GO:1904724;GO:0009235;GO:0035580;GO:0005615;GO:0043312;GO:0031419;GO:0006824
B4RQ94	GO:0006281;GO:0006310
Q88VS3	GO:0005737;GO:0004820;GO:0005524;GO:0006426
B8ZMQ6	GO:0008270;GO:0042781
Q9ES45	GO:0030878;GO:0030054;GO:0042554;GO:0042744;GO:0042335;GO:0043020;GO:0006952;GO:0005783;GO:0042445;GO:0048855;GO:0051591;GO:0016175;GO:0004601;GO:0035264;GO:0009986;GO:0048839;GO:0005886;GO:0042446;GO:0009566;GO:0005829;GO:2000147;GO:0005509;GO:0009615;GO:0050665;GO:0090303;GO:0006590;GO:0042403;GO:0019221;GO:0020037;GO:0016324;GO:0055114;GO:0030282;GO:0031252;GO:0006979;GO:0016174;GO:0045177
A9MTI7	GO:0030170;GO:0008710;GO:0009102
Q0R4F1	GO:0000002;GO:0005739;GO:0005634;GO:0003677;GO:0006281;GO:0006310;GO:0043139;GO:0005524;GO:0000723
Q9UKT5	GO:0006511;GO:1902916;GO:0031398;GO:0005737;GO:0042803;GO:0048147;GO:0031146;GO:1900181;GO:0004842;GO:0016567;GO:0031648;GO:0032212;GO:0035726;GO:0061630;GO:0031647;GO:0000723;GO:0043687;GO:0000151;GO:0005829;GO:0019725;GO:0071479;GO:0010608;GO:0007568;GO:0019005;GO:2000001;GO:0000209
B2JIC0	GO:0019288;GO:0070402;GO:0030604;GO:0046872;GO:0016114
Q8PPL8	GO:0016992;GO:0051539;GO:0005737;GO:0102553;GO:0046872;GO:0102552;GO:0009249
Q54JS5	GO:0005765;GO:0032008
Q6GPB8	GO:0005634;GO:0000375;GO:0006397;GO:0008419
Q08693	GO:0008237;GO:0004180;GO:0043328;GO:0016021;GO:0046872
Q95JV5	GO:0003677;GO:0005634;GO:0046872
P41235	GO:1990837;GO:0005634;GO:0000981;GO:0060398;GO:0008285;GO:0048856;GO:0005654;GO:0055091;GO:0005737;GO:0042803;GO:0005102;GO:0042632;GO:0048511;GO:0045893;GO:0055088;GO:0042593;GO:0000978;GO:0006357;GO:0007548;GO:0009749;GO:0070328;GO:0023019;GO:0070365;GO:0050796;GO:0004879;GO:0003682;GO:0006805;GO:0000976;GO:0010470;GO:0000790;GO:0006629;GO:0060395;GO:0030154;GO:0007596;GO:0001102;GO:0042752;GO:0030308;GO:0045944;GO:0005504;GO:0003323;GO:0003700;GO:0045892;GO:0019216;GO:0001228;GO:0003677;GO:0006591;GO:0008270;GO:0006367
P97689	GO:0015204;GO:0015265;GO:0071918;GO:0015840;GO:0006833;GO:0005372;GO:0005886;GO:0016323;GO:0005887
Q08662	GO:0080030;GO:0005576
Q64361	GO:0050965;GO:0008201;GO:0006954;GO:0005737;GO:0005615;GO:0008191
Q2J2T4	GO:0008360;GO:0009252;GO:0009274;GO:0008955;GO:0071555;GO:0005886;GO:0016021;GO:0016763
Q9UKX2	GO:0006936;GO:0030016;GO:0032982;GO:0005516;GO:0000146;GO:0030017;GO:0005859;GO:0032991;GO:0005524;GO:0038096;GO:0005911;GO:0005829;GO:0051015;GO:0030049
A0A1E1FFN8	GO:0016787;GO:0032259;GO:0006633;GO:0008168;GO:0004315;GO:0016114
A1VK87	GO:0016818
Q9ESN0	GO:0034976;GO:0001934;GO:0005886;GO:0005737;GO:0045727;GO:0005829;GO:0001933
P30624	GO:0044539;GO:0005739;GO:0035336;GO:1905329;GO:0005886;GO:0016020;GO:0031956;GO:0005524;GO:0005783;GO:0004467;GO:0005811;GO:0102391;GO:0003996;GO:0005741;GO:0001676
Q9NZ56	GO:0005819;GO:0005634;GO:0040038;GO:0042177;GO:0005737;GO:0043066;GO:2000781;GO:0051758;GO:0006974;GO:0003779;GO:0016192;GO:0046907;GO:0048477;GO:0005886;GO:0005829;GO:0051295;GO:0005789;GO:0005730;GO:0035556;GO:0007275;GO:0005902;GO:0030659;GO:0048471;GO:0071456;GO:0005938;GO:0070649;GO:0015031
Q9BUN1	GO:0042127;GO:0005576
A2T7L7	GO:0003677;GO:0005634;GO:0046872
Q92ZM6	GO:0010181;GO:0016491
Q7NQB5	GO:0003676;GO:0008821;GO:0006281;GO:0006310;GO:0000287
A4VM39	GO:0003723;GO:0005737;GO:0052915;GO:0070043
O42296	GO:0008289;GO:0008203;GO:0034364;GO:0006869;GO:0042157
B8NNI2	GO:0045490;GO:0005576;GO:0071555;GO:0031218;GO:0015926
B1LCI2	GO:0006457;GO:0031072;GO:0051082;GO:0006260;GO:0009408;GO:0005737;GO:0008270;GO:0005524
Q8PI87	GO:0009073;GO:0005737;GO:0009423;GO:0000166;GO:0046872;GO:0003856
P07254	GO:0008061;GO:0006032;GO:0004568;GO:0000272
B7FF06	
P17948	GO:0048514;GO:0043410;GO:0048598;GO:0002244;GO:0014068;GO:0015629;GO:0043406;GO:1990384;GO:0036323;GO:0005925;GO:0043552;GO:0001525;GO:0018108;GO:0005886;GO:0046777;GO:0005524;GO:0036327;GO:0005887;GO:1905563;GO:0005021;GO:0048010;GO:0008284;GO:0035924;GO:0007275;GO:0002548;GO:0007169;GO:0030335;GO:0019838;GO:0004714;GO:0005768;GO:0010863;GO:0033674;GO:0036326;GO:0016477;GO:0036332;GO:0005615;GO:0043235;GO:0045766
Q9JIL5	GO:0016567;GO:0005737
Q5L7A0	GO:0006400;GO:0016705
Q2NVZ0	GO:0006457;GO:0031072;GO:0051082;GO:0006260;GO:0009408;GO:0005737;GO:0008270;GO:0005524
Q803R5	GO:0006370;GO:0003676;GO:0005634;GO:0097309;GO:0004483;GO:0005737;GO:0080009
B7IHU4	GO:0003924;GO:0003746;GO:0005737;GO:0005525
Q5L6F7	GO:0006457;GO:0031072;GO:0051082;GO:0006260;GO:0009408;GO:0005737;GO:0008270;GO:0005524
Q3AJS6	GO:0000105;GO:0005737
Q28570	GO:0005634;GO:0043565;GO:0005737;GO:0070324;GO:0008270;GO:0004879
A4W8S8	GO:0009073;GO:0005737;GO:0009423;GO:0003866
A0LNY2	GO:0005737;GO:0071424;GO:0070475
Q47417	GO:0003723;GO:0008033;GO:0001522;GO:0106029
Q0SXJ4	GO:0005737;GO:0006526;GO:0004585;GO:0016597
P53963	
Q7QJT4	GO:0001736;GO:0009948;GO:0005886;GO:0007164;GO:0008270
Q9Z0P7	GO:0021775;GO:0003281;GO:0005634;GO:0001843;GO:0007224;GO:0019901;GO:0021776;GO:0005654;GO:0005737;GO:0000122;GO:2000059;GO:0005929;GO:0008013;GO:1901621;GO:0005829;GO:0001947;GO:0045879;GO:0060976;GO:0008134;GO:0042994;GO:0021513;GO:0035904;GO:0007368;GO:0043588;GO:0043433
Q31I39	GO:0008759;GO:0009245;GO:0103117;GO:0046872
B4JT42	GO:0060213;GO:0043186;GO:0006342;GO:0007283;GO:0003676;GO:0005634;GO:0008298;GO:0030423;GO:0030720;GO:0046843;GO:0000335;GO:0030717;GO:0003724;GO:0007076;GO:0007294;GO:0001556;GO:0009949;GO:0009951;GO:0005524;GO:0007317
Q1IZB2	GO:0009380;GO:0009432;GO:0003677;GO:0006289;GO:0005737;GO:0009381
A7MQQ2	GO:0005737;GO:0009229;GO:0009228;GO:0016783
P25980	GO:0003677;GO:0005730;GO:0045943
Q2VYZ7	GO:0000105;GO:0009086;GO:0004477;GO:0004488;GO:0006164;GO:0035999
P10550	GO:0003723;GO:0019013;GO:0019029
A1AE69	GO:0003723;GO:0008033;GO:0005737;GO:0008173
B5BC34	GO:0019556;GO:0005737;GO:0004397;GO:0019557
K7MTW9	GO:0016573;GO:0010484;GO:0005634;GO:0043998;GO:0005737;GO:0050832
Q4IAK7	GO:0003678;GO:0005634;GO:0003677;GO:0005524;GO:0006325
O08543	GO:0005604;GO:0048668;GO:0007420;GO:0048013;GO:0031290;GO:1904322;GO:0032956;GO:0071372;GO:0050731;GO:0005169;GO:0070507;GO:0045499;GO:0061178;GO:0043087;GO:0051893;GO:0005912;GO:0005886;GO:0046875;GO:0071944;GO:0007411;GO:1900025;GO:0031362;GO:0048672;GO:0022604;GO:0022407;GO:0051965;GO:0005901
P22227	GO:0031519;GO:1990837;GO:0000978;GO:0007286;GO:0000790;GO:0005634;GO:1990830;GO:0001228;GO:0003677;GO:0005667;GO:0001701;GO:0005737;GO:0043565;GO:0046872;GO:0032991;GO:0045944;GO:2000653
Q2KJ34	GO:0000978;GO:0016055;GO:0001227;GO:0005654;GO:0000122;GO:0003723
B8I0U9	GO:0000287;GO:0000162;GO:0004048
Q2SMB2	GO:0000105;GO:0005737;GO:0016829;GO:0000107
B9DKS1	
P81894	GO:0009061;GO:0046872;GO:0020037;GO:0009055
Q9CQX8	GO:0006103;GO:0005763;GO:0009353;GO:0005739
Q7M6Z3	GO:0007507;GO:0018027;GO:0034968;GO:0000993;GO:0018026;GO:0005634;GO:0002039;GO:0008285;GO:0046975;GO:0005737;GO:0000122;GO:0018024;GO:0046872;GO:0043516;GO:0005829;GO:0016279;GO:0016571
C0ZUV4	GO:0006782;GO:0050661;GO:0008883
O07586	GO:0003677;GO:0006355
Q3B2T5	GO:0006457;GO:0031072;GO:0051082;GO:0006260;GO:0009408;GO:0005737;GO:0008270;GO:0005524
Q0K5N7	GO:0004357;GO:0005524;GO:0042398
Q5U220	GO:0016021
B2UVS4	GO:0006275;GO:0006270;GO:0005737;GO:0005524;GO:0003688
Q1GGU4	GO:0005737;GO:0004766;GO:0008295
P31163	GO:0006412;GO:0016740;GO:0003735;GO:0009507;GO:0019843;GO:0015934
Q32D32	GO:0003723;GO:0008033;GO:0005737;GO:0008173
P34886	GO:0007638;GO:0050976;GO:0015280;GO:1905789;GO:0044298;GO:0035725;GO:0009612;GO:0005887;GO:1905792
A6V328	GO:0003723;GO:0005737;GO:0052915;GO:0070043
P45604	GO:0046872;GO:0019866;GO:0015572;GO:0009401;GO:0005886;GO:0016301;GO:0016021;GO:0008982
P57057	GO:0015760;GO:0005789;GO:0030176;GO:0035435;GO:0016020;GO:0061513;GO:0008643
Q52698	GO:0006397;GO:0008033;GO:0005737;GO:0006364;GO:0016075;GO:0046872;GO:0019843;GO:0004525
A7IC75	GO:0006094;GO:0006096;GO:0046538
Q5R821	GO:0043023;GO:0016887;GO:0005730;GO:0043022;GO:0005737;GO:0005524;GO:0046872;GO:0005525
Q6ITZ3	GO:0030598;GO:0030246;GO:0090729;GO:0006952;GO:0017148
Q5JVG8	GO:0000978;GO:0006355;GO:0000981;GO:0005730;GO:0046872
P06776	GO:0005634;GO:0007165;GO:0004115;GO:0005737;GO:0004114;GO:0046872;GO:0019933
Q9BZ95	GO:0046872;GO:0005634;GO:0046975;GO:0005654;GO:2001255;GO:0003713;GO:0018024;GO:0000785;GO:0006355;GO:0045893;GO:0016571
P28790	GO:0006635;GO:0005737;GO:0003988
A4ISS2	GO:0042158;GO:0008961;GO:0005887
P85120	GO:0005085;GO:0030054;GO:0016055;GO:0003383;GO:0001736;GO:0007264;GO:0030165;GO:2000096;GO:0030705;GO:0009950;GO:0007257;GO:0001965;GO:0001841;GO:0005737;GO:0031098;GO:0090263
O75369	GO:0042802;GO:0005634;GO:0007519;GO:0003382;GO:0007165;GO:0005737;GO:0030018;GO:0003723;GO:0015629;GO:0045296;GO:0005903;GO:0003334;GO:0071346;GO:0005925;GO:0003779;GO:0043025;GO:0005886;GO:0030036;GO:0016021;GO:0005829;GO:0070062;GO:0043005;GO:0045335;GO:0005938;GO:0001725
Q6MJ05	GO:0070180;GO:0042254;GO:0005840;GO:0006412
A0A075F932	GO:0005509;GO:0017158;GO:0048609;GO:1903305;GO:0042584;GO:1903861;GO:0051592;GO:0005737;GO:0005886;GO:0008021;GO:0030672;GO:0046883;GO:0016021;GO:0007269;GO:0005544;GO:0005543
Q5ZL84	GO:0043523;GO:0005637;GO:0005789;GO:0005640;GO:0006869;GO:0005783;GO:0016021;GO:0031410
Q9KUR8	GO:0005886;GO:0051087;GO:0016021
P94678	GO:0003677;GO:0003700
P40953	GO:0030447;GO:0036170;GO:0005576;GO:0000272;GO:0031225;GO:0004568;GO:0006032;GO:0044182;GO:0009267;GO:0009277;GO:0009986;GO:0030445;GO:0008061
Q6GNV6	GO:0051301;GO:0005634;GO:0000724;GO:0003677;GO:0004519;GO:0051321;GO:0010792
Q9BX84	GO:0070588;GO:0016324;GO:0046872;GO:0005261;GO:0051262;GO:0070838;GO:0005886;GO:0009636;GO:0005262;GO:0005524;GO:0031526;GO:0098655;GO:0004674;GO:0005887
A4VLQ5	GO:0000287;GO:0008270;GO:0030145;GO:0000210
Q9HB96	GO:0005634;GO:0005654;GO:0043240;GO:0036297
Q5U4W6	GO:0005634
P30662	GO:0042025;GO:0004674;GO:0019033;GO:0005524
P41677	GO:0043161;GO:0042025
Q7WAK9	GO:0006811;GO:0005886;GO:0015297;GO:0016021;GO:0042910
Q5UX56	GO:0003922;GO:0005524;GO:0016462
Q7VZF5	GO:0009244;GO:0050661;GO:0097171;GO:0008712
Q93WU9	GO:0003700;GO:0042742;GO:0005634;GO:0043565;GO:0009867;GO:0050832
P18250	GO:0051539;GO:0009316;GO:0003861;GO:0046872;GO:0009098
Q07078	GO:0006457;GO:0051082;GO:0034605;GO:0009986;GO:0005737;GO:0005886;GO:0050821;GO:0005524;GO:0032991;GO:0005829;GO:0048471
Q0K7A0	GO:0006428;GO:0004822;GO:0002161;GO:0000049;GO:0005737;GO:0005524;GO:0008270
P76128	GO:0015833;GO:0030288;GO:1904680;GO:0043190;GO:0015031
A2XIA8	GO:0005634;GO:0007275
Q8SWL3	GO:0031160;GO:0007155;GO:0030435
A0A1L9UQW4	GO:0005886;GO:0022857;GO:0016021
B4TCA9	GO:0006635;GO:0005737;GO:0003988
Q57PX9	GO:0030170;GO:0043825;GO:0019544;GO:0019545;GO:0006593
Q39DN9	GO:0008237;GO:0046872
P0C6X0	GO:0039694;GO:0039502;GO:0004197;GO:0003727;GO:0032259;GO:0004519;GO:0039648;GO:0004843;GO:0044220;GO:0039595;GO:0005524;GO:0016021;GO:0039644;GO:0019082;GO:0039579;GO:0033644;GO:0003724;GO:0003968;GO:0008168;GO:0044172;GO:0003678;GO:0006351;GO:0004527;GO:0008270;GO:0039520
P0C6W8	GO:0039694;GO:0039502;GO:0004197;GO:0003727;GO:0032259;GO:0004519;GO:0039648;GO:0004843;GO:0044220;GO:0039595;GO:0005524;GO:0016021;GO:0039644;GO:0019082;GO:0039579;GO:0033644;GO:0003724;GO:0003968;GO:0008168;GO:0044172;GO:0003678;GO:0006351;GO:0004527;GO:0008270;GO:0039520
P0C6W9	GO:0039694;GO:0039502;GO:0004197;GO:0003727;GO:0032259;GO:0004519;GO:0039648;GO:0004843;GO:0044220;GO:0039595;GO:0005524;GO:0016021;GO:0039644;GO:0019082;GO:0039579;GO:0033644;GO:0003724;GO:0003968;GO:0008168;GO:0044172;GO:0003678;GO:0006351;GO:0004527;GO:0008270;GO:0039520
P0C6W7	GO:0039694;GO:0039502;GO:0004197;GO:0003727;GO:0032259;GO:0004519;GO:0039648;GO:0004843;GO:0044220;GO:0039595;GO:0005524;GO:0016021;GO:0039644;GO:0019082;GO:0039579;GO:0033644;GO:0003724;GO:0003968;GO:0008168;GO:0044172;GO:0003678;GO:0006351;GO:0004527;GO:0008270;GO:0039520
P18726	GO:0003677;GO:0005634;GO:0046872
Q9C7X8	
Q88DK5	GO:0017150;GO:0010181;GO:0000049;GO:0050660
H8F0D6	GO:0047780;GO:0003994;GO:0006099;GO:0047547;GO:0019679
Q69QQ6	GO:0006457;GO:0051082;GO:0034605;GO:0009986;GO:0005737;GO:0005886;GO:0050821;GO:0005524;GO:0032991;GO:0005829;GO:0048471
Q5QQ37	GO:0032580;GO:0003835;GO:0006486;GO:0016021
Q9JRG1	GO:0003887;GO:0005737;GO:0006281;GO:0000287;GO:0003684;GO:0006261
Q54Y85	GO:0003677;GO:0008622;GO:0042276;GO:0006261
Q2NHE1	GO:0004831;GO:0006437;GO:0005524;GO:0005737
Q7NS40	GO:0009073;GO:0019632;GO:0009423;GO:0050661;GO:0004764
Q740Y5	GO:0005886;GO:0016021
Q9TT93	GO:0008233;GO:0004222;GO:0008237;GO:0031012;GO:0046872;GO:0030198
B1IGZ5	GO:0006457;GO:0003755;GO:0005886
Q5HM84	GO:0004139;GO:0005737;GO:0016052;GO:0009264;GO:0046386
A3DBX9	GO:0006094;GO:0006096;GO:0005737;GO:0004347
Q9QZP2	GO:1990837;GO:0005634;GO:0005123;GO:0005654;GO:0005737;GO:2000177;GO:0000978;GO:0010629;GO:0031670;GO:0005829;GO:0071363;GO:0045944;GO:0030308;GO:0006366;GO:2000736;GO:0001228;GO:0035097;GO:0046872;GO:1990226;GO:0042054;GO:0010468
P0C606	GO:0016573;GO:0070461;GO:0005634;GO:0047485;GO:0043966;GO:0000124;GO:0035064;GO:0019899;GO:0005671
Q60641	GO:0055089;GO:0042742;GO:0034142;GO:0005634;GO:0000981;GO:0005719;GO:0010804;GO:0032703;GO:0038181;GO:0032720;GO:0043066;GO:0000122;GO:0032088;GO:0034255;GO:0042632;GO:0006355;GO:0071417;GO:0046965;GO:0007219;GO:0071873;GO:0034971;GO:0010903;GO:0042593;GO:0045893;GO:0055088;GO:0050728;GO:0000978;GO:0038185;GO:0006357;GO:0061178;GO:0071398;GO:0043124;GO:0038183;GO:1903413;GO:1904468;GO:0070328;GO:0035774;GO:0046628;GO:0010868;GO:0004879;GO:0071638;GO:0010628;GO:2000213;GO:0071222;GO:0000976;GO:0006109;GO:0032052;GO:0000790;GO:0006629;GO:0035690;GO:0006954;GO:0030522;GO:0035356;GO:0043565;GO:1902122;GO:0032620;GO:0000977;GO:0030154;GO:1905695;GO:0045944;GO:0015721;GO:0003700;GO:0001080;GO:0032692;GO:0032715;GO:0001678;GO:0032966;GO:1904179;GO:0044877;GO:0008206;GO:0034162;GO:0001228;GO:0003677;GO:2001250;GO:0042277;GO:0032689;GO:0008270;GO:0043235;GO:0045087;GO:0010988;GO:0007043;GO:0010468
A5UCV6	
Q9NZP6	GO:0007283;GO:0005637;GO:0008139;GO:0006405;GO:0005654;GO:0006606;GO:0007275;GO:0005643;GO:0030154;GO:0017056
Q2JW78	GO:0006457;GO:0031072;GO:0051082;GO:0006260;GO:0009408;GO:0005737;GO:0008270;GO:0005524
Q06FX5	GO:0045263;GO:0046933;GO:0009535;GO:0016021
P08638	GO:2001278;GO:0000976;GO:0001227;GO:0005634;GO:0000981;GO:0001228;GO:0043565;GO:0000122;GO:0008270;GO:0006355;GO:0009098;GO:0045944
O83933	
A3KMV2	GO:0032436;GO:0031648;GO:0070628;GO:0045787;GO:0005654;GO:0000502;GO:0006289;GO:0043130;GO:0031593;GO:0034451;GO:0043161;GO:0019900;GO:1990381;GO:0005829;GO:0003684;GO:0045070
B0SB31	GO:0006281;GO:0006310
Q6GQ76	GO:0006370;GO:0003676;GO:0005634;GO:0097309;GO:0004483;GO:0080009
G3V7P1	GO:0033344;GO:0045121;GO:0012505;GO:0008021;GO:0000139;GO:0050821;GO:0055038;GO:0016021;GO:0098837;GO:0031201;GO:0000407;GO:0005484;GO:0031901;GO:0006906;GO:0045335;GO:0000045;GO:0030285;GO:0031982;GO:0016189;GO:0006886;GO:0000149;GO:0048278
Q8BHJ9	GO:0000375;GO:0005681;GO:0005634;GO:0000386;GO:0030532;GO:0034605;GO:0005654;GO:0006886;GO:0005737;GO:0008380;GO:0000389;GO:0000380;GO:0008270;GO:0016607;GO:0030628;GO:0005829;GO:0043231;GO:0071013
O50173	GO:0016810
Q3JR19	GO:0006260;GO:0007062;GO:0003677;GO:0005737;GO:0030261;GO:0005694;GO:0005524
A4VJS7	GO:0019288;GO:0070402;GO:0030604;GO:0046872;GO:0016114
Q7S3C8	GO:0005737;GO:0018008;GO:0004379
P70202	GO:0050965;GO:0008201;GO:0006954;GO:0005737;GO:0005615;GO:0008191
A0AID2	GO:0006402;GO:0006396;GO:0005737;GO:0004654;GO:0003723;GO:0000287
Q31I38	GO:0065002;GO:0006605;GO:0005737;GO:0005886;GO:0017038;GO:0005524;GO:0046872
P07874	GO:0009298;GO:0042121;GO:0004476;GO:0004475;GO:0005525
P74214	GO:0003924;GO:0048500;GO:0008312;GO:0005525;GO:0006614
O94255	GO:0004089;GO:0006730;GO:0005634;GO:0071244;GO:0005737;GO:0034599;GO:0008270;GO:1990748
A6NDK9	GO:0005801;GO:0000137;GO:0007030;GO:0005794;GO:0032580
Q8Y789	GO:0008094;GO:0032136;GO:0032300;GO:0005524;GO:0006298;GO:0005829;GO:0003684
Q5R7M2	GO:0051287;GO:0030060;GO:0006564;GO:0004617
Q8YXY3	GO:0006428;GO:0004822;GO:0002161;GO:0000049;GO:0005737;GO:0005524;GO:0008270
A5GF86	GO:0005525;GO:0003924;GO:0005737;GO:0003743
A2R2W3	GO:0050525;GO:0005576
B3FWT3	GO:0031177;GO:0016491;GO:0016746;GO:0008270
B1XBE0	GO:0006457;GO:0031072;GO:0051082;GO:0006260;GO:0009408;GO:0005737;GO:0008270;GO:0005524
Q0T8H5	GO:0006457;GO:0031072;GO:0051082;GO:0006260;GO:0009408;GO:0005737;GO:0008270;GO:0005524
Q5FQT4	GO:0004252;GO:0004176;GO:0005737
C8WV58	GO:0009341;GO:0004565;GO:0046872;GO:0006012
A3M9X5	GO:0008759;GO:0009245;GO:0103117;GO:0046872
B2FQE7	GO:0019464;GO:0004375
Q5HRH4	GO:0006631;GO:0016874
Q10150	GO:0006914;GO:0016192;GO:0005634;GO:0035658;GO:0032585;GO:0000329;GO:0006623;GO:0005829;GO:0032153
Q9Y5B0	GO:0005813;GO:0005819;GO:0051301;GO:0005634;GO:0030496;GO:0000922;GO:0005654;GO:0005737;GO:0050434;GO:0010458;GO:0061052;GO:0006368;GO:0030957;GO:0001096;GO:0043231;GO:0051233;GO:0043923;GO:0008420;GO:0004721;GO:0006470;GO:0006366;GO:0070940;GO:0032991
Q8CHB8	GO:0007288;GO:0005813;GO:0070740;GO:0007283;GO:0005874;GO:0005634;GO:0018095;GO:0060041;GO:0005886;GO:0005929;GO:0005524;GO:0015631;GO:0009566;GO:0005829;GO:0030317;GO:0000226
Q5X8W1	GO:0019464;GO:0008483;GO:0004047
B2GU58	GO:0005813;GO:0003777;GO:0008017;GO:0008574;GO:0051301;GO:0005634;GO:0019901;GO:0000922;GO:0005876;GO:0005737;GO:0005524;GO:0090307;GO:0007018
B3QHV4	GO:0003746;GO:0005737
Q9CQX5	GO:0016324;GO:0016021
P07606	GO:0032259;GO:0006235;GO:0006231;GO:0004799
P27113	GO:1903238;GO:0030246;GO:0007155;GO:0016021;GO:0005886;GO:0046872
Q6UDJ7	GO:0044201;GO:0016021
A8FB45	GO:0050661;GO:0004324;GO:0050660
P53032	GO:0046020;GO:0005634;GO:0000981;GO:0001103;GO:0005737;GO:0000122;GO:0008270;GO:0045944
A6BM08	GO:0046961;GO:0045261;GO:0009535;GO:0005524;GO:0046933
Q70EL2	GO:0006511;GO:0008234;GO:0004843;GO:0005634;GO:0045494;GO:0001917;GO:0005654;GO:0016579;GO:0005737;GO:0006281;GO:0008270;GO:0070911
Q9Z0T0	GO:0008119;GO:0032259;GO:0005737;GO:0014070;GO:1904047;GO:0017144;GO:0033574
B7L8Y8	GO:0030091;GO:0042597;GO:0043546;GO:0046872;GO:0016672
Q8GYL9	GO:0005634
P77585	GO:0070006;GO:0008237;GO:0004177;GO:0046872
Q9SSJ8	GO:0000285;GO:0090332;GO:0010008;GO:0005524;GO:0046854
Q923K1	GO:0038023;GO:0050917;GO:1903767;GO:0004930;GO:0050916;GO:0001582;GO:0016021;GO:0008527;GO:0033041;GO:0005887
Q9ZUV9	GO:0015299;GO:0006885;GO:0015672;GO:0012505;GO:0016021;GO:0006813
A4W8L7	GO:0006412;GO:0006464;GO:0016881;GO:0005524;GO:0046872
Q5APT8	GO:0005730;GO:0003724;GO:0006364;GO:0005524;GO:0003723
A2SL48	GO:0005737;GO:0006741;GO:0019674;GO:0005524;GO:0046872;GO:0003951
Q868Z9	GO:0005604;GO:0004222;GO:0005201;GO:0004867;GO:0031012;GO:0007275;GO:0030198
A4WFH1	GO:0004851;GO:0043115;GO:0009236;GO:0032259;GO:0051266;GO:0051287;GO:0019354
B2RMI0	GO:0051539;GO:0002935;GO:0070040;GO:0000049;GO:0005737;GO:0046872;GO:0019843;GO:0070475
Q10M41	GO:0003700;GO:0009871;GO:0005634;GO:1901001;GO:0003677;GO:0043565;GO:0010104;GO:0050832;GO:0045893
Q43097	GO:0009514;GO:0004451;GO:0006097;GO:0006099;GO:0046872
Q6Z5P2	GO:0071555;GO:0030245;GO:0005576;GO:0008810
Q9TST5	GO:1904646;GO:0043410;GO:0005634;GO:0009409;GO:0004930;GO:0008179;GO:0010739;GO:0031398;GO:0005794;GO:0042803;GO:0050873;GO:0002032;GO:0045986;GO:0040015;GO:0071880;GO:0051380;GO:0002028;GO:0030501;GO:0015459;GO:0005887;GO:1904504;GO:0120162;GO:0031649;GO:0071902;GO:0002024;GO:0001540;GO:0061885;GO:0045453;GO:2000969;GO:0045944;GO:0006898;GO:0002025;GO:0005769;GO:0016324;GO:1901098;GO:0044877;GO:0004941;GO:0043235;GO:0007190
Q9ES21	GO:0046856;GO:0005789;GO:0043812;GO:0000139;GO:0032281;GO:0034593;GO:0030176;GO:0005794;GO:0140268;GO:0005783;GO:0004438;GO:0016791
Q6VAB6	GO:0004672;GO:0019722;GO:0120162;GO:0007165;GO:0005737;GO:0005886;GO:0007265;GO:0005524;GO:0046872;GO:0005829;GO:0004674
P32122	GO:0007165
P22811	GO:0005777;GO:0006206;GO:0051537;GO:0050660;GO:0043546;GO:0071949;GO:0006650;GO:0004854;GO:0009055;GO:0009115;GO:0005506;GO:0008340;GO:0004855;GO:0006568;GO:0006525
O85207	GO:0016740
P53297	GO:0010494;GO:0043621;GO:1900365;GO:0005739;GO:0005634;GO:0043007;GO:0003729;GO:0034063;GO:0010603;GO:0005737;GO:1901524;GO:0045727;GO:0003723;GO:0005829;GO:1904262;GO:0005844
C4ZPU1	GO:0006457;GO:0031072;GO:0051082;GO:0006260;GO:0009408;GO:0005737;GO:0008270;GO:0005524
A0AIS4	GO:0006457;GO:0051082;GO:0005524
O74894	GO:0045899;GO:0000790;GO:0008540;GO:0031597;GO:0061641;GO:0036402;GO:0005737;GO:0043161;GO:0005524;GO:0005829;GO:0034399;GO:0045842
Q80ZG5	GO:0000375;GO:0005681;GO:0005634;GO:0000386;GO:0030532;GO:0034605;GO:0006886;GO:0008380;GO:0005737;GO:0000389;GO:0000380;GO:0008270;GO:0016607;GO:0030628;GO:0005829;GO:0071013
Q31ET3	GO:0005737;GO:0030145;GO:0070006
C5E2K7	GO:0005634;GO:0000981;GO:0003677;GO:0006094;GO:0008270
P15687	GO:0030430;GO:0044163;GO:0039557;GO:0046872;GO:0003723;GO:0039548
Q75I13	GO:0003700;GO:0009956;GO:0005634;GO:0006355;GO:0055072;GO:0043565;GO:0048366;GO:0008356;GO:0045930
Q07RY2	GO:0051539;GO:0036070;GO:0046872;GO:0019685;GO:0005524;GO:0016730;GO:0016636
P98063	GO:0042802;GO:0008083;GO:0001503;GO:0005509;GO:0006508;GO:0004222;GO:0008233;GO:0031982;GO:0061036;GO:0005125;GO:0005794;GO:0008270;GO:0005615;GO:0062023;GO:0030154;GO:0051216
Q3ULA2	GO:0006511;GO:0070936;GO:0045862;GO:0030163;GO:0005634;GO:0005737;GO:0048511;GO:0031146;GO:0008013;GO:0045893;GO:0016567;GO:0016055;GO:0031648;GO:0061630;GO:0005829;GO:1990757;GO:0042753;GO:1990756;GO:0071407;GO:0033598;GO:1904668;GO:0060444;GO:0042752;GO:0006470;GO:0060828;GO:0045892;GO:0019005;GO:0046983;GO:0043122;GO:0043161;GO:0061136;GO:0051726;GO:0000209;GO:0045309
Q28115	GO:0005737;GO:0045109;GO:0005882
Q6ZN17	GO:1990837;GO:2000627;GO:0010587;GO:0005730;GO:0031123;GO:0005654;GO:2000635;GO:0008270;GO:0031054;GO:0003723;GO:0005829;GO:0050779;GO:2000632
P20947	GO:0005886;GO:0031225
B3PXN0	GO:0006223;GO:0044206;GO:0004845;GO:0005525;GO:0000287;GO:0009116
Q9V853	GO:0006511;GO:0030509;GO:0045880;GO:0005737;GO:0035331;GO:0048232;GO:0004842;GO:0007293;GO:0016567;GO:0040008;GO:0048619;GO:0061630;GO:0005829;GO:0048260;GO:0000151;GO:0045879;GO:0030579;GO:0045732;GO:0043161;GO:0000209;GO:0001700;GO:0030514
P48442	GO:0044325;GO:1902476;GO:0005634;GO:0019901;GO:0045907;GO:0004930;GO:0005737;GO:0042803;GO:0016597;GO:1901653;GO:0030424;GO:0007200;GO:0006874;GO:0071774;GO:0042311;GO:0007193;GO:0032024;GO:0009986;GO:0043025;GO:0005886;GO:0016020;GO:0051592;GO:0002931;GO:0010038;GO:0005887;GO:0007186;GO:0010628;GO:0001503;GO:0005509;GO:0090280;GO:0008284;GO:0032781;GO:0014070;GO:0043005;GO:0051924;GO:0071333;GO:0005513;GO:0016323;GO:0032782;GO:0070509;GO:0038023;GO:0016324;GO:0006915;GO:0005178;GO:0043679;GO:0070374;GO:0071456;GO:0007254;GO:0048754;GO:0060613;GO:0071305;GO:0035729;GO:0071404;GO:0050927
Q987C6	GO:0000105;GO:0004399;GO:0051287;GO:0046872
A4VTP6	GO:0003676;GO:0006430;GO:0005737;GO:0004824;GO:0005524;GO:0000287
A8GJ28	GO:0005737;GO:0008270
Q1E3R8	GO:0008061;GO:0006032;GO:0004568;GO:0000272
Q9CAY3	GO:0004366;GO:0010345;GO:0016024;GO:0102420;GO:0016020;GO:0016021;GO:0010143;GO:0016791;GO:0090447
P18948	GO:0005319;GO:0005576;GO:0045735;GO:1904807;GO:1904109;GO:1903427
A4JJ44	GO:0003924;GO:0006400;GO:0005737;GO:0046872;GO:0005525
Q9V3C0	GO:0005681;GO:0071011;GO:0003724;GO:0004386;GO:0005524;GO:0000398;GO:0003723;GO:0008270;GO:0071013
P18115	GO:0005634;GO:0043565;GO:0042803;GO:0070324;GO:0008270;GO:0046982;GO:0046965;GO:0045893;GO:0004879
A4SHR6	GO:0005737;GO:0070981;GO:0005524;GO:0004071
P0C903	GO:0009405;GO:0090729;GO:0005576;GO:0008200
Q890Y6	GO:0008360;GO:0009252;GO:0007049;GO:0051301;GO:0071949;GO:0071555;GO:0005737;GO:0008762
Q7Z4L5	GO:0007224;GO:0005737;GO:0005856;GO:0005929;GO:0090263;GO:0008589;GO:0030991;GO:0060020;GO:0006357;GO:0035721;GO:1903999;GO:0010628;GO:0021591;GO:0000790;GO:0097499;GO:1905799;GO:0021798;GO:0035735;GO:0021702;GO:0097542;GO:0061512
Q4V9W2	GO:0003676;GO:0008380;GO:0006397;GO:0008270
W0HFK8	GO:0045493;GO:0005576;GO:0031176
Q9W6B3	GO:0048384;GO:0005634;GO:0043565;GO:0008270;GO:0004879
Q92608	GO:0006935;GO:0001766;GO:0042608;GO:0045059;GO:0005856;GO:0050690;GO:0005576;GO:0007264;GO:0046633;GO:0044351;GO:0016020;GO:0030036;GO:0043312;GO:0005829;GO:0005096;GO:0030676;GO:0070062;GO:0045060;GO:0035580;GO:0001768;GO:0050766;GO:0001771;GO:0002277
P47983	GO:0005771;GO:0007339;GO:0035805;GO:0062023;GO:0002455;GO:0005886;GO:0060468;GO:0005783;GO:0016021;GO:0035804;GO:0016234
A0JPJ7	GO:0005813;GO:0043023;GO:0016887;GO:0005730;GO:0043022;GO:0046034;GO:0005737;GO:0005524;GO:0046872;GO:0005525;GO:0005829
Q8C0V1	GO:0070197;GO:0045141;GO:0000781;GO:0005637;GO:0007129;GO:0000784
Q9CBI6	GO:0005886;GO:0004784;GO:0046872
Q8C6S9	GO:0007283;GO:0060294;GO:0060271;GO:0005930;GO:0030154
Q32KY7	GO:0016973;GO:0003729
A3Q7Y6	GO:0046835;GO:0005992;GO:0016301;GO:0005524;GO:0005978
Q9X7L1	GO:0004252;GO:0004176;GO:0005737
A8Z6D0	GO:0004590;GO:0044205;GO:0006207
Q3J831	GO:0005886;GO:0048038;GO:0051287;GO:0050136
P33760	GO:0005778;GO:0005777;GO:0006625;GO:0016887;GO:0016558;GO:0043335;GO:0007031;GO:0016562;GO:0005524;GO:0005829;GO:0001302
A0PVF2	GO:0003677;GO:0006281;GO:0006310;GO:0046872
B0R3H3	GO:0006457;GO:0031072;GO:0051082;GO:0006260;GO:0009408;GO:0005737;GO:0008270;GO:0005524
B4RBF7	GO:0009073;GO:0019632;GO:0009423;GO:0050661;GO:0004764
Q681K7	GO:0042802;GO:0009555;GO:0009793;GO:0005886;GO:0005887;GO:0009553
O59773	GO:0016573;GO:0007127;GO:0000790;GO:0005634;GO:0003677;GO:0006281;GO:0035267
P15223	GO:0005576;GO:0090729;GO:0006952;GO:0009405;GO:0019871
P19035	GO:0032489;GO:0033344;GO:0034382;GO:0051005;GO:0010987;GO:0042157;GO:0042632;GO:0070653;GO:0034366;GO:0010903;GO:0070328;GO:0034375;GO:0042627;GO:0010916;GO:0033700;GO:0007186;GO:0055102;GO:0045717;GO:0010989;GO:0034363;GO:0019433;GO:0034361;GO:0005543;GO:0048261;GO:0010897;GO:0060621
P39074	GO:0008654;GO:0046872;GO:0005524;GO:0003951
A2C101	GO:0051539;GO:0046872;GO:0019685;GO:0005524;GO:0016730;GO:0036068;GO:0016636
Q022T0	GO:0006082;GO:0008776;GO:0005737;GO:0005524;GO:0000287;GO:0006085
Q62381	GO:0005509;GO:0005576;GO:0005518;GO:0004222;GO:0007275;GO:0008270;GO:0030154
B8J468	GO:0005737;GO:0005524;GO:0046872;GO:0015937;GO:0004594
Q54Y26	GO:0005813;GO:0018105;GO:0035556;GO:0005737;GO:0005524;GO:0060100;GO:0072686;GO:0004674
B0RQ28	GO:0018189
Q3A4N9	GO:0000049;GO:0005737;GO:0005524;GO:0004826;GO:0000287;GO:0006432
A5DA00	GO:0005789;GO:0061709;GO:0000139;GO:0030127;GO:0006886;GO:0090114;GO:0008270;GO:0005096;GO:0003400
P0C1S6	GO:0008234;GO:0005576;GO:0009405
B3EAP0	GO:0004479
Q8GYX2	GO:0005634;GO:0009749;GO:1905582;GO:0005737;GO:0046872;GO:0009744;GO:0042594
Q8ZXL4	GO:0004359;GO:0003952;GO:0008795;GO:0005737;GO:0005524;GO:0046872;GO:0009435
Q6YFE6	GO:0005634;GO:0000981;GO:0003677;GO:0009117;GO:0008270
A8AIH5	GO:0009073;GO:0005737;GO:0009423;GO:0003866
Q9V3C5	GO:0042147;GO:0060078;GO:0034066;GO:1903363;GO:0017137;GO:0031410;GO:0000139;GO:0032483;GO:0006886;GO:0016020;GO:0005794;GO:0017112;GO:0007411;GO:0016021;GO:0032991;GO:0005829;GO:0043547;GO:0035418;GO:0050808;GO:0045467
Q7UDU1	GO:0006457;GO:0031072;GO:0051082;GO:0006260;GO:0009408;GO:0005737;GO:0008270;GO:0005524
A7ZHA5	GO:0006457;GO:0031072;GO:0051082;GO:0006260;GO:0009408;GO:0005737;GO:0008270;GO:0005524
Q54SA7	GO:0005681;GO:0003676;GO:0005634;GO:0071005;GO:0000398
Q3V3Q7	GO:0034497;GO:0000045;GO:0044325;GO:0006915;GO:0005739;GO:1990456;GO:0005783;GO:0032469;GO:0072659
Q9LZW9	GO:0010506;GO:0071230;GO:0030307;GO:0009267;GO:0005737;GO:0031929;GO:0071902;GO:0030674;GO:0010492;GO:0031931;GO:0080008
C1B1F1	GO:0009073;GO:0005737;GO:0009423;GO:0003866
Q03277	GO:0003964;GO:0004519
Q5HN71	GO:0030170;GO:0005737;GO:0006782;GO:0042286;GO:0008483
A3PED9	GO:0051539;GO:0006400;GO:0035596;GO:0005737;GO:0046872
P70398	GO:0030509;GO:0051301;GO:0005634;GO:0070410;GO:0021698;GO:0004197;GO:0001701;GO:0005737;GO:0007059;GO:0048511;GO:0071560;GO:1990380;GO:0007179;GO:0071947;GO:0021766;GO:0001764;GO:0004843;GO:0048675;GO:0050821;GO:0005829;GO:0007049;GO:0016579;GO:1990138;GO:0031625;GO:0101005;GO:0042752;GO:0050856;GO:1901537;GO:0030426;GO:0016477;GO:0009791;GO:0045177
Q8NGS7	GO:0004984;GO:0004930;GO:0005886;GO:0016021
Q6GP15	GO:0005634
A6TDC4	GO:0009236;GO:0008168;GO:0046140;GO:0032259
Q3IUT3	GO:0006096;GO:0008839;GO:0005737;GO:0050661;GO:0009089;GO:0051287;GO:0004365
A5W5D7	GO:0000049;GO:0005737;GO:0005524;GO:0004826;GO:0000287;GO:0006432
Q6GPJ4	GO:0003723;GO:0006364;GO:0008173;GO:0005739
O14311	GO:0016573;GO:0006366;GO:0006357;GO:0000790;GO:0005634;GO:0006338;GO:0003713;GO:0003712;GO:0000124;GO:0046982;GO:0005829
Q6G9Y3	GO:0006633;GO:0004314
Q68CP9	GO:0046872;GO:0060982;GO:0006337;GO:0060038;GO:1905168;GO:0042592;GO:0003007;GO:0008285;GO:0030336;GO:0003677;GO:0005654;GO:0048568;GO:0005886;GO:0006355
Q9XGM1	GO:0000325;GO:0046961;GO:0005886;GO:0005794;GO:0005774;GO:0033176;GO:0005829;GO:0005773
O66132	GO:0005737;GO:0009088;GO:0005524;GO:0004413
Q31DV4	GO:0015416;GO:0005886;GO:0016887;GO:0005524
P41323	GO:0097421;GO:0008083;GO:0072540;GO:0005138;GO:0070092;GO:0006953;GO:0070102;GO:0072574;GO:0010573;GO:0005125;GO:1904894;GO:0005615;GO:0050796;GO:0014823;GO:0042593
A0L5W7	GO:0006351;GO:0003899;GO:0003677;GO:0008270;GO:0000287
C4K4D4	GO:0009073;GO:0005737;GO:0009423;GO:0003866
Q6BUP9	GO:0005759;GO:0030170;GO:0006592;GO:0042450;GO:0003992
Q8UIN4	GO:0000049;GO:0005737;GO:0005524;GO:0004826;GO:0000287;GO:0006432
Q66PJ3	GO:0005634;GO:0006397;GO:0005730;GO:0008380;GO:0016607;GO:0003723
P20654	GO:0004722;GO:0030428;GO:0051301;GO:0000022;GO:0005634;GO:0005730;GO:0051211;GO:0007346;GO:0005737;GO:0007059;GO:0030010;GO:0005816;GO:0051726;GO:0046872
O65082	GO:0005840;GO:0003735;GO:0006412
B2II71	GO:0016887;GO:0032300;GO:0005524;GO:0006298;GO:0030983
Q9Z0W5	GO:0042802;GO:0098978;GO:0005737;GO:0005856;GO:0008092;GO:0045202;GO:0030137;GO:0030100;GO:0043195;GO:0005886;GO:0007010;GO:0005829;GO:0045806;GO:0072657;GO:0007015;GO:0098833;GO:0098839;GO:0032587;GO:0097320;GO:0048488;GO:1900006;GO:0030659;GO:0048471;GO:0072659;GO:0005543;GO:0005768;GO:0043679;GO:0098684;GO:0048812
B1J2C0	GO:0006094;GO:0006096;GO:0005737;GO:0004347
Q9ERH3	GO:0002244;GO:0008021
O95198	GO:0042802;GO:0016567;GO:0003779;GO:0031463;GO:0001726;GO:0005737;GO:0030027;GO:0015629;GO:0043687;GO:0005829
A0KKI5	GO:0003723;GO:0005737;GO:0016434
Q8IDX6	GO:0098609;GO:0008201;GO:0005886;GO:0016020;GO:0016021
P76342	GO:0030091;GO:0055114;GO:0030288;GO:0043546;GO:1901530;GO:0016675;GO:0046872;GO:0006979;GO:0016672
A1VTF7	GO:0006351;GO:0003899;GO:0003677;GO:0008270;GO:0000287
Q91ZN1	GO:0042802;GO:0030595;GO:0098978;GO:0032796;GO:0001845;GO:0005737;GO:0030027;GO:0032956;GO:0042803;GO:0043548;GO:0005911;GO:0030424;GO:0008092;GO:0051279;GO:0045202;GO:0031339;GO:0043029;GO:0008360;GO:0003779;GO:0061502;GO:0001891;GO:0001772;GO:0005886;GO:0008022;GO:0030036;GO:0005829;GO:0030864;GO:0031589;GO:0007015;GO:0006909;GO:0048873;GO:0050870;GO:0006816;GO:0038180;GO:0034097;GO:0030335;GO:0030833;GO:0043524;GO:0005769;GO:0032426;GO:0032036;GO:0003785;GO:0045335;GO:0043320;GO:0050918;GO:0051126;GO:0071353;GO:0005884;GO:0016477;GO:0008064;GO:0030670;GO:0042102;GO:0031252;GO:0032991;GO:0051015;GO:0030217
A2VEI2	GO:0036444;GO:0005509;GO:1990246;GO:0005758;GO:0072375;GO:0051560;GO:0051561;GO:0007615
Q2IBA2	GO:0005938;GO:0043197
P28955	GO:0019784;GO:0042025;GO:0030430;GO:0004843;GO:0019033;GO:0039648;GO:0039693
